lon,lat,score,chance,tile_id,pathway
30.879876,29.292953999999998,2.866139e+00,0.1534,tile_30.8740_29.2470,moisture_differential
30.87998,29.292953999999998,2.821995e+00,0.1426,tile_30.8740_29.2470,moisture_differential
30.880084,29.292953999999998,2.702784e+00,0.1135,tile_30.8740_29.2470,moisture_differential
30.882164,29.292953999999998,2.685183e+00,0.1092,tile_30.8740_29.2470,moisture_differential
30.882268,29.292953999999998,2.927228e+00,0.1683,tile_30.8740_29.2470,moisture_differential
30.882372,29.292953999999998,2.396270e+00,0.0388,tile_30.8740_29.2470,moisture_differential
30.900571999999997,29.292953999999998,2.665351e+00,0.1044,tile_30.8740_29.2470,moisture_differential
30.900675999999997,29.292953999999998,2.579969e+00,0.0836,tile_30.8740_29.2470,moisture_differential
30.900779999999997,29.292953999999998,2.410074e+00,0.0421,tile_30.8740_29.2470,moisture_differential
30.907228,29.292953999999998,2.257956e+00,0.0050,tile_30.8740_29.2470,moisture_differential
30.90806,29.292953999999998,2.581920e+00,0.0841,tile_30.8740_29.2470,moisture_differential
30.908164,29.292953999999998,2.973742e+00,0.1796,tile_30.8740_29.2470,moisture_differential
30.908268,29.292953999999998,2.575153e+00,0.0824,tile_30.8740_29.2470,moisture_differential
30.908372,29.292953999999998,2.637974e+00,0.0977,tile_30.8740_29.2470,moisture_differential
30.908787999999998,29.292953999999998,2.296819e+00,0.0145,tile_30.8740_29.2470,moisture_differential
30.908891999999998,29.292953999999998,2.554315e+00,0.0773,tile_30.8740_29.2470,moisture_differential
30.908996,29.292953999999998,2.434021e+00,0.0480,tile_30.8740_29.2470,moisture_differential
30.9091,29.292953999999998,2.542428e+00,0.0744,tile_30.8740_29.2470,moisture_differential
30.912011999999997,29.292953999999998,2.611127e+00,0.0912,tile_30.8740_29.2470,moisture_differential
30.912115999999997,29.292953999999998,2.452360e+00,0.0525,tile_30.8740_29.2470,moisture_differential
30.912428,29.292953999999998,2.404803e+00,0.0409,tile_30.8740_29.2470,moisture_differential
30.913467999999998,29.292953999999998,2.279407e+00,0.0103,tile_30.8740_29.2470,moisture_differential
30.913884,29.292953999999998,2.406470e+00,0.0413,tile_30.8740_29.2470,moisture_differential
30.915236,29.292953999999998,2.373925e+00,0.0333,tile_30.8740_29.2470,moisture_differential
30.92054,29.292953999999998,2.634466e+00,0.0969,tile_30.8740_29.2470,moisture_differential
30.920644,29.292953999999998,2.450322e+00,0.0520,tile_30.8740_29.2470,moisture_differential
30.924491999999997,29.292953999999998,2.253243e+00,0.0039,tile_30.8740_29.2470,moisture_differential
30.877588,29.292862,2.310017e+00,0.0177,tile_30.8740_29.2470,moisture_differential
30.880084,29.292862,2.722243e+00,0.1183,tile_30.8740_29.2470,moisture_differential
30.882164,29.292862,2.872304e+00,0.1549,tile_30.8740_29.2470,moisture_differential
30.882268,29.292862,3.117604e+00,0.2147,tile_30.8740_29.2470,moisture_differential
30.882372,29.292862,2.343419e+00,0.0259,tile_30.8740_29.2470,moisture_differential
30.898076,29.292862,2.267549e+00,0.0074,tile_30.8740_29.2470,moisture_differential
30.9013,29.292862,2.332724e+00,0.0233,tile_30.8740_29.2470,moisture_differential
30.908164,29.292862,3.069522e+00,0.2030,tile_30.8740_29.2470,moisture_differential
30.908268,29.292862,2.411780e+00,0.0426,tile_30.8740_29.2470,moisture_differential
30.908372,29.292862,2.315965e+00,0.0192,tile_30.8740_29.2470,moisture_differential
30.908476,29.292862,2.376983e+00,0.0341,tile_30.8740_29.2470,moisture_differential
30.908787999999998,29.292862,2.371860e+00,0.0328,tile_30.8740_29.2470,moisture_differential
30.908891999999998,29.292862,2.984661e+00,0.1823,tile_30.8740_29.2470,moisture_differential
30.908996,29.292862,2.632919e+00,0.0965,tile_30.8740_29.2470,moisture_differential
30.911907999999997,29.292862,2.265003e+00,0.0067,tile_30.8740_29.2470,moisture_differential
30.912428,29.292862,2.548232e+00,0.0758,tile_30.8740_29.2470,moisture_differential
30.912532,29.292862,2.476243e+00,0.0583,tile_30.8740_29.2470,moisture_differential
30.912636,29.292862,3.136275e+00,0.2193,tile_30.8740_29.2470,moisture_differential
30.91274,29.292862,3.252009e+00,0.2475,tile_30.8740_29.2470,moisture_differential
30.913363999999998,29.292862,2.337839e+00,0.0245,tile_30.8740_29.2470,moisture_differential
30.913467999999998,29.292862,2.667668e+00,0.1050,tile_30.8740_29.2470,moisture_differential
30.913572,29.292862,2.355962e+00,0.0289,tile_30.8740_29.2470,moisture_differential
30.913884,29.292862,2.431016e+00,0.0472,tile_30.8740_29.2470,moisture_differential
30.913988,29.292862,2.422171e+00,0.0451,tile_30.8740_29.2470,moisture_differential
30.914195999999997,29.292862,2.270103e+00,0.0080,tile_30.8740_29.2470,moisture_differential
30.921059999999997,29.292862,2.395827e+00,0.0387,tile_30.8740_29.2470,moisture_differential
30.922724,29.292862,2.311350e+00,0.0181,tile_30.8740_29.2470,moisture_differential
30.922932,29.292862,2.455555e+00,0.0532,tile_30.8740_29.2470,moisture_differential
30.923036,29.292862,2.498016e+00,0.0636,tile_30.8740_29.2470,moisture_differential
30.92314,29.292862,2.331460e+00,0.0230,tile_30.8740_29.2470,moisture_differential
30.923868,29.292862,2.328748e+00,0.0223,tile_30.8740_29.2470,moisture_differential
30.882164,29.29277,2.315603e+00,0.0191,tile_30.8740_29.2470,moisture_differential
30.882268,29.29277,2.347361e+00,0.0268,tile_30.8740_29.2470,moisture_differential
30.882372,29.29277,2.288767e+00,0.0125,tile_30.8740_29.2470,moisture_differential
30.887363999999998,29.29277,2.266489e+00,0.0071,tile_30.8740_29.2470,moisture_differential
30.888403999999998,29.29277,2.261863e+00,0.0060,tile_30.8740_29.2470,moisture_differential
30.903484,29.29277,2.772764e+00,0.1306,tile_30.8740_29.2470,moisture_differential
30.903796,29.29277,2.320783e+00,0.0204,tile_30.8740_29.2470,moisture_differential
30.908164,29.29277,2.909394e+00,0.1639,tile_30.8740_29.2470,moisture_differential
30.908372,29.29277,2.281412e+00,0.0108,tile_30.8740_29.2470,moisture_differential
30.908787999999998,29.29277,2.577304e+00,0.0829,tile_30.8740_29.2470,moisture_differential
30.908891999999998,29.29277,3.088382e+00,0.2076,tile_30.8740_29.2470,moisture_differential
30.908996,29.29277,2.553887e+00,0.0772,tile_30.8740_29.2470,moisture_differential
30.9117,29.29277,2.414802e+00,0.0433,tile_30.8740_29.2470,moisture_differential
30.911804,29.29277,2.291085e+00,0.0131,tile_30.8740_29.2470,moisture_differential
30.912428,29.29277,2.405992e+00,0.0411,tile_30.8740_29.2470,moisture_differential
30.912532,29.29277,3.546348e+00,0.3193,tile_30.8740_29.2470,moisture_differential
30.912636,29.29277,4.229794e+00,0.4861,tile_30.8740_29.2470,moisture_differential
30.91274,29.29277,4.665257e+00,0.5923,tile_30.8740_29.2470,moisture_differential
30.912844,29.29277,3.057419e+00,0.2001,tile_30.8740_29.2470,moisture_differential
30.913988,29.29277,2.324205e+00,0.0212,tile_30.8740_29.2470,moisture_differential
30.916068,29.29277,2.493613e+00,0.0625,tile_30.8740_29.2470,moisture_differential
30.916172,29.29277,2.806142e+00,0.1388,tile_30.8740_29.2470,moisture_differential
30.916276,29.29277,2.583132e+00,0.0844,tile_30.8740_29.2470,moisture_differential
30.916587999999997,29.29277,2.327221e+00,0.0219,tile_30.8740_29.2470,moisture_differential
30.923036,29.29277,2.289860e+00,0.0128,tile_30.8740_29.2470,moisture_differential
30.923555999999998,29.29277,2.540665e+00,0.0740,tile_30.8740_29.2470,moisture_differential
30.875196,29.292678,2.669488e+00,0.1054,tile_30.8740_29.2470,moisture_differential
30.8753,29.292678,2.562051e+00,0.0792,tile_30.8740_29.2470,moisture_differential
30.887468,29.292678,2.495142e+00,0.0629,tile_30.8740_29.2470,moisture_differential
30.901923999999998,29.292678,2.346597e+00,0.0267,tile_30.8740_29.2470,moisture_differential
30.90234,29.292678,2.300147e+00,0.0153,tile_30.8740_29.2470,moisture_differential
30.902548,29.292678,2.246555e+00,0.0022,tile_30.8740_29.2470,moisture_differential
30.903692,29.292678,2.249436e+00,0.0030,tile_30.8740_29.2470,moisture_differential
30.908164,29.292678,3.037925e+00,0.1953,tile_30.8740_29.2470,moisture_differential
30.908268,29.292678,2.283406e+00,0.0112,tile_30.8740_29.2470,moisture_differential
30.908476,29.292678,2.367551e+00,0.0318,tile_30.8740_29.2470,moisture_differential
30.908579999999997,29.292678,2.422922e+00,0.0453,tile_30.8740_29.2470,moisture_differential
30.908891999999998,29.292678,2.430102e+00,0.0470,tile_30.8740_29.2470,moisture_differential
30.908996,29.292678,2.642542e+00,0.0988,tile_30.8740_29.2470,moisture_differential
30.911179999999998,29.292678,2.344960e+00,0.0263,tile_30.8740_29.2470,moisture_differential
30.911596,29.292678,2.339221e+00,0.0249,tile_30.8740_29.2470,moisture_differential
30.9117,29.292678,2.771679e+00,0.1304,tile_30.8740_29.2470,moisture_differential
30.912323999999998,29.292678,2.326937e+00,0.0219,tile_30.8740_29.2470,moisture_differential
30.912428,29.292678,2.656177e+00,0.1022,tile_30.8740_29.2470,moisture_differential
30.912532,29.292678,4.346710e+00,0.5146,tile_30.8740_29.2470,moisture_differential
30.912636,29.292678,4.255720e+00,0.4924,tile_30.8740_29.2470,moisture_differential
30.91274,29.292678,4.044015e+00,0.4407,tile_30.8740_29.2470,moisture_differential
30.912844,29.292678,3.319298e+00,0.2639,tile_30.8740_29.2470,moisture_differential
30.912948,29.292678,3.035476e+00,0.1947,tile_30.8740_29.2470,moisture_differential
30.913884,29.292678,2.278910e+00,0.0101,tile_30.8740_29.2470,moisture_differential
30.914299999999997,29.292678,2.394731e+00,0.0384,tile_30.8740_29.2470,moisture_differential
30.916172,29.292678,2.379838e+00,0.0348,tile_30.8740_29.2470,moisture_differential
30.916276,29.292678,2.797982e+00,0.1368,tile_30.8740_29.2470,moisture_differential
30.91638,29.292678,2.547741e+00,0.0757,tile_30.8740_29.2470,moisture_differential
30.916587999999997,29.292678,2.347524e+00,0.0269,tile_30.8740_29.2470,moisture_differential
30.919604,29.292678,2.418986e+00,0.0443,tile_30.8740_29.2470,moisture_differential
30.923451999999997,29.292678,2.431610e+00,0.0474,tile_30.8740_29.2470,moisture_differential
30.924284,29.292678,2.258365e+00,0.0051,tile_30.8740_29.2470,moisture_differential
30.924387999999997,29.292678,2.262910e+00,0.0062,tile_30.8740_29.2470,moisture_differential
30.924699999999998,29.292678,2.424968e+00,0.0458,tile_30.8740_29.2470,moisture_differential
30.875196,29.292586,2.277639e+00,0.0098,tile_30.8740_29.2470,moisture_differential
30.8753,29.292586,2.279046e+00,0.0102,tile_30.8740_29.2470,moisture_differential
30.875404,29.292586,2.252408e+00,0.0037,tile_30.8740_29.2470,moisture_differential
30.878836,29.292586,2.377595e+00,0.0342,tile_30.8740_29.2470,moisture_differential
30.890172,29.292586,2.256747e+00,0.0047,tile_30.8740_29.2470,moisture_differential
30.891523999999997,29.292586,2.369560e+00,0.0323,tile_30.8740_29.2470,moisture_differential
30.893604,29.292586,2.272407e+00,0.0086,tile_30.8740_29.2470,moisture_differential
30.908268,29.292586,2.371927e+00,0.0328,tile_30.8740_29.2470,moisture_differential
30.908683999999997,29.292586,2.324569e+00,0.0213,tile_30.8740_29.2470,moisture_differential
30.911179999999998,29.292586,2.364185e+00,0.0309,tile_30.8740_29.2470,moisture_differential
30.911284,29.292586,2.368474e+00,0.0320,tile_30.8740_29.2470,moisture_differential
30.912219999999998,29.292586,2.357016e+00,0.0292,tile_30.8740_29.2470,moisture_differential
30.912532,29.292586,2.917129e+00,0.1658,tile_30.8740_29.2470,moisture_differential
30.912636,29.292586,3.465671e+00,0.2996,tile_30.8740_29.2470,moisture_differential
30.91274,29.292586,3.164878e+00,0.2263,tile_30.8740_29.2470,moisture_differential
30.912844,29.292586,3.760908e+00,0.3717,tile_30.8740_29.2470,moisture_differential
30.912948,29.292586,2.987146e+00,0.1829,tile_30.8740_29.2470,moisture_differential
30.916276,29.292586,2.539874e+00,0.0738,tile_30.8740_29.2470,moisture_differential
30.91638,29.292586,2.633801e+00,0.0967,tile_30.8740_29.2470,moisture_differential
30.916483999999997,29.292586,2.456699e+00,0.0535,tile_30.8740_29.2470,moisture_differential
30.920227999999998,29.292586,2.328415e+00,0.0222,tile_30.8740_29.2470,moisture_differential
30.924284,29.292586,2.243927e+00,0.0016,tile_30.8740_29.2470,moisture_differential
30.924387999999997,29.292586,2.266299e+00,0.0071,tile_30.8740_29.2470,moisture_differential
30.924699999999998,29.292586,2.810170e+00,0.1397,tile_30.8740_29.2470,moisture_differential
30.925635999999997,29.292586,2.457587e+00,0.0537,tile_30.8740_29.2470,moisture_differential
30.925739999999998,29.292586,2.541342e+00,0.0742,tile_30.8740_29.2470,moisture_differential
30.878836,29.292493999999998,2.306298e+00,0.0168,tile_30.8740_29.2470,moisture_differential
30.87998,29.292493999999998,2.269663e+00,0.0079,tile_30.8740_29.2470,moisture_differential
30.881643999999998,29.292493999999998,2.595250e+00,0.0873,tile_30.8740_29.2470,moisture_differential
30.890172,29.292493999999998,2.435905e+00,0.0484,tile_30.8740_29.2470,moisture_differential
30.89662,29.292493999999998,2.272853e+00,0.0087,tile_30.8740_29.2470,moisture_differential
30.901508,29.292493999999998,2.252025e+00,0.0036,tile_30.8740_29.2470,moisture_differential
30.906499999999998,29.292493999999998,2.297263e+00,0.0146,tile_30.8740_29.2470,moisture_differential
30.908579999999997,29.292493999999998,2.424342e+00,0.0456,tile_30.8740_29.2470,moisture_differential
30.908683999999997,29.292493999999998,2.516851e+00,0.0682,tile_30.8740_29.2470,moisture_differential
30.910244,29.292493999999998,2.462573e+00,0.0549,tile_30.8740_29.2470,moisture_differential
30.910348,29.292493999999998,2.589333e+00,0.0859,tile_30.8740_29.2470,moisture_differential
30.911075999999998,29.292493999999998,2.307668e+00,0.0172,tile_30.8740_29.2470,moisture_differential
30.911284,29.292493999999998,2.303097e+00,0.0160,tile_30.8740_29.2470,moisture_differential
30.911388,29.292493999999998,2.373826e+00,0.0333,tile_30.8740_29.2470,moisture_differential
30.912011999999997,29.292493999999998,2.288521e+00,0.0125,tile_30.8740_29.2470,moisture_differential
30.91274,29.292493999999998,2.853952e+00,0.1504,tile_30.8740_29.2470,moisture_differential
30.912844,29.292493999999998,4.053238e+00,0.4430,tile_30.8740_29.2470,moisture_differential
30.912948,29.292493999999998,2.452265e+00,0.0524,tile_30.8740_29.2470,moisture_differential
30.913051999999997,29.292493999999998,2.767456e+00,0.1293,tile_30.8740_29.2470,moisture_differential
30.916276,29.292493999999998,2.336218e+00,0.0241,tile_30.8740_29.2470,moisture_differential
30.91638,29.292493999999998,2.407346e+00,0.0415,tile_30.8740_29.2470,moisture_differential
30.917004,29.292493999999998,2.714647e+00,0.1164,tile_30.8740_29.2470,moisture_differential
30.918771999999997,29.292493999999998,2.400843e+00,0.0399,tile_30.8740_29.2470,moisture_differential
30.921788,29.292493999999998,2.493382e+00,0.0625,tile_30.8740_29.2470,moisture_differential
30.922828,29.292493999999998,2.283787e+00,0.0113,tile_30.8740_29.2470,moisture_differential
30.922932,29.292493999999998,2.259317e+00,0.0054,tile_30.8740_29.2470,moisture_differential
30.923243999999997,29.292493999999998,2.545132e+00,0.0751,tile_30.8740_29.2470,moisture_differential
30.92418,29.292493999999998,2.721967e+00,0.1182,tile_30.8740_29.2470,moisture_differential
30.925531999999997,29.292493999999998,2.506163e+00,0.0656,tile_30.8740_29.2470,moisture_differential
30.925635999999997,29.292493999999998,3.179243e+00,0.2298,tile_30.8740_29.2470,moisture_differential
30.925739999999998,29.292493999999998,3.222870e+00,0.2404,tile_30.8740_29.2470,moisture_differential
30.89038,29.292402,2.257747e+00,0.0050,tile_30.8740_29.2470,moisture_differential
30.897036,29.292402,2.293570e+00,0.0137,tile_30.8740_29.2470,moisture_differential
30.908372,29.292402,2.237977e+00,0.0002,tile_30.8740_29.2470,moisture_differential
30.909516,29.292402,2.263859e+00,0.0065,tile_30.8740_29.2470,moisture_differential
30.909619999999997,29.292402,2.299625e+00,0.0152,tile_30.8740_29.2470,moisture_differential
30.910348,29.292402,2.970875e+00,0.1789,tile_30.8740_29.2470,moisture_differential
30.910452,29.292402,3.039282e+00,0.1956,tile_30.8740_29.2470,moisture_differential
30.911907999999997,29.292402,2.355942e+00,0.0289,tile_30.8740_29.2470,moisture_differential
30.912844,29.292402,2.722320e+00,0.1183,tile_30.8740_29.2470,moisture_differential
30.913259999999998,29.292402,2.287758e+00,0.0123,tile_30.8740_29.2470,moisture_differential
30.920332,29.292402,2.357779e+00,0.0294,tile_30.8740_29.2470,moisture_differential
30.920436,29.292402,2.292735e+00,0.0135,tile_30.8740_29.2470,moisture_differential
30.925531999999997,29.292402,2.396936e+00,0.0389,tile_30.8740_29.2470,moisture_differential
30.925635999999997,29.292402,2.999052e+00,0.1858,tile_30.8740_29.2470,moisture_differential
30.925739999999998,29.292402,3.378703e+00,0.2784,tile_30.8740_29.2470,moisture_differential
30.897036,29.29231,2.622565e+00,0.0940,tile_30.8740_29.2470,moisture_differential
30.897243999999997,29.29231,2.322512e+00,0.0208,tile_30.8740_29.2470,moisture_differential
30.909516,29.29231,2.489226e+00,0.0614,tile_30.8740_29.2470,moisture_differential
30.909619999999997,29.29231,2.769138e+00,0.1297,tile_30.8740_29.2470,moisture_differential
30.909723999999997,29.29231,2.275274e+00,0.0093,tile_30.8740_29.2470,moisture_differential
30.910035999999998,29.29231,2.390856e+00,0.0375,tile_30.8740_29.2470,moisture_differential
30.910348,29.29231,2.287139e+00,0.0121,tile_30.8740_29.2470,moisture_differential
30.910452,29.29231,2.414243e+00,0.0432,tile_30.8740_29.2470,moisture_differential
30.911075999999998,29.29231,2.242347e+00,0.0012,tile_30.8740_29.2470,moisture_differential
30.911179999999998,29.29231,2.341897e+00,0.0255,tile_30.8740_29.2470,moisture_differential
30.911492,29.29231,2.281168e+00,0.0107,tile_30.8740_29.2470,moisture_differential
30.913259999999998,29.29231,2.364580e+00,0.0310,tile_30.8740_29.2470,moisture_differential
30.917212,29.29231,2.252329e+00,0.0037,tile_30.8740_29.2470,moisture_differential
30.917939999999998,29.29231,2.276204e+00,0.0095,tile_30.8740_29.2470,moisture_differential
30.919292,29.29231,2.376438e+00,0.0339,tile_30.8740_29.2470,moisture_differential
30.920227999999998,29.29231,2.258876e+00,0.0053,tile_30.8740_29.2470,moisture_differential
30.920332,29.29231,2.525821e+00,0.0704,tile_30.8740_29.2470,moisture_differential
30.922411999999998,29.29231,2.402699e+00,0.0403,tile_30.8740_29.2470,moisture_differential
30.923451999999997,29.29231,2.548662e+00,0.0759,tile_30.8740_29.2470,moisture_differential
30.923555999999998,29.29231,3.171319e+00,0.2278,tile_30.8740_29.2470,moisture_differential
30.923659999999998,29.29231,2.362091e+00,0.0304,tile_30.8740_29.2470,moisture_differential
30.925012,29.29231,2.320990e+00,0.0204,tile_30.8740_29.2470,moisture_differential
30.925116,29.29231,2.367125e+00,0.0317,tile_30.8740_29.2470,moisture_differential
30.892148,29.292218,2.280685e+00,0.0106,tile_30.8740_29.2470,moisture_differential
30.909412,29.292218,2.249959e+00,0.0031,tile_30.8740_29.2470,moisture_differential
30.909516,29.292218,2.780369e+00,0.1325,tile_30.8740_29.2470,moisture_differential
30.909619999999997,29.292218,3.336928e+00,0.2682,tile_30.8740_29.2470,moisture_differential
30.909723999999997,29.292218,2.327705e+00,0.0220,tile_30.8740_29.2470,moisture_differential
30.910556,29.292218,2.313004e+00,0.0185,tile_30.8740_29.2470,moisture_differential
30.911596,29.292218,2.536899e+00,0.0731,tile_30.8740_29.2470,moisture_differential
30.913988,29.292218,2.237551e+00,0.0001,tile_30.8740_29.2470,moisture_differential
30.918667999999997,29.292218,2.514573e+00,0.0676,tile_30.8740_29.2470,moisture_differential
30.923451999999997,29.292218,2.552433e+00,0.0769,tile_30.8740_29.2470,moisture_differential
30.923555999999998,29.292218,2.813623e+00,0.1406,tile_30.8740_29.2470,moisture_differential
30.923659999999998,29.292218,2.469044e+00,0.0565,tile_30.8740_29.2470,moisture_differential
30.925428,29.292218,2.367666e+00,0.0318,tile_30.8740_29.2470,moisture_differential
30.925635999999997,29.292218,2.546560e+00,0.0754,tile_30.8740_29.2470,moisture_differential
30.874571999999997,29.292126,2.400287e+00,0.0398,tile_30.8740_29.2470,moisture_differential
30.909516,29.292126,2.327243e+00,0.0219,tile_30.8740_29.2470,moisture_differential
30.909619999999997,29.292126,2.670500e+00,0.1057,tile_30.8740_29.2470,moisture_differential
30.909931999999998,29.292126,2.272488e+00,0.0086,tile_30.8740_29.2470,moisture_differential
30.910452,29.292126,2.350276e+00,0.0276,tile_30.8740_29.2470,moisture_differential
30.911492,29.292126,2.535856e+00,0.0728,tile_30.8740_29.2470,moisture_differential
30.911596,29.292126,2.885490e+00,0.1581,tile_30.8740_29.2470,moisture_differential
30.9117,29.292126,2.434321e+00,0.0481,tile_30.8740_29.2470,moisture_differential
30.913676,29.292126,2.253800e+00,0.0040,tile_30.8740_29.2470,moisture_differential
30.918771999999997,29.292126,2.465148e+00,0.0556,tile_30.8740_29.2470,moisture_differential
30.919188,29.292126,2.415858e+00,0.0435,tile_30.8740_29.2470,moisture_differential
30.92054,29.292126,2.286354e+00,0.0120,tile_30.8740_29.2470,moisture_differential
30.920644,29.292126,2.765838e+00,0.1289,tile_30.8740_29.2470,moisture_differential
30.923243999999997,29.292126,2.332671e+00,0.0233,tile_30.8740_29.2470,moisture_differential
30.924076,29.292126,2.314409e+00,0.0188,tile_30.8740_29.2470,moisture_differential
30.924699999999998,29.292126,2.543167e+00,0.0746,tile_30.8740_29.2470,moisture_differential
30.924803999999998,29.292126,2.344163e+00,0.0261,tile_30.8740_29.2470,moisture_differential
30.925531999999997,29.292126,2.414607e+00,0.0432,tile_30.8740_29.2470,moisture_differential
30.874052,29.292034,2.246210e+00,0.0022,tile_30.8740_29.2470,moisture_differential
30.874156,29.292034,2.462799e+00,0.0550,tile_30.8740_29.2470,moisture_differential
30.874571999999997,29.292034,2.589019e+00,0.0858,tile_30.8740_29.2470,moisture_differential
30.874675999999997,29.292034,2.669710e+00,0.1055,tile_30.8740_29.2470,moisture_differential
30.904732,29.292034,2.323520e+00,0.0210,tile_30.8740_29.2470,moisture_differential
30.909827999999997,29.292034,2.674009e+00,0.1065,tile_30.8740_29.2470,moisture_differential
30.910452,29.292034,2.297899e+00,0.0148,tile_30.8740_29.2470,moisture_differential
30.910556,29.292034,2.578317e+00,0.0832,tile_30.8740_29.2470,moisture_differential
30.91066,29.292034,2.301303e+00,0.0156,tile_30.8740_29.2470,moisture_differential
30.911179999999998,29.292034,2.242040e+00,0.0011,tile_30.8740_29.2470,moisture_differential
30.911388,29.292034,2.449007e+00,0.0516,tile_30.8740_29.2470,moisture_differential
30.911492,29.292034,3.103572e+00,0.2113,tile_30.8740_29.2470,moisture_differential
30.911596,29.292034,3.010112e+00,0.1885,tile_30.8740_29.2470,moisture_differential
30.9117,29.292034,2.273214e+00,0.0088,tile_30.8740_29.2470,moisture_differential
30.912532,29.292034,2.309278e+00,0.0175,tile_30.8740_29.2470,moisture_differential
30.913467999999998,29.292034,2.303509e+00,0.0161,tile_30.8740_29.2470,moisture_differential
30.913572,29.292034,2.540741e+00,0.0740,tile_30.8740_29.2470,moisture_differential
30.913676,29.292034,2.354295e+00,0.0285,tile_30.8740_29.2470,moisture_differential
30.913884,29.292034,2.421625e+00,0.0450,tile_30.8740_29.2470,moisture_differential
30.913988,29.292034,2.303025e+00,0.0160,tile_30.8740_29.2470,moisture_differential
30.915132,29.292034,2.256536e+00,0.0047,tile_30.8740_29.2470,moisture_differential
30.919396,29.292034,2.609098e+00,0.0907,tile_30.8740_29.2470,moisture_differential
30.919604,29.292034,2.346151e+00,0.0265,tile_30.8740_29.2470,moisture_differential
30.919708,29.292034,2.262259e+00,0.0061,tile_30.8740_29.2470,moisture_differential
30.920644,29.292034,2.866472e+00,0.1535,tile_30.8740_29.2470,moisture_differential
30.922099999999997,29.292034,2.373131e+00,0.0331,tile_30.8740_29.2470,moisture_differential
30.922203999999997,29.292034,2.426663e+00,0.0462,tile_30.8740_29.2470,moisture_differential
30.922307999999997,29.292034,2.785899e+00,0.1338,tile_30.8740_29.2470,moisture_differential
30.92262,29.292034,2.859183e+00,0.1517,tile_30.8740_29.2470,moisture_differential
30.923868,29.292034,2.460351e+00,0.0544,tile_30.8740_29.2470,moisture_differential
30.924699999999998,29.292034,2.517452e+00,0.0683,tile_30.8740_29.2470,moisture_differential
30.925428,29.292034,2.742773e+00,0.1233,tile_30.8740_29.2470,moisture_differential
30.874052,29.291942,2.642392e+00,0.0988,tile_30.8740_29.2470,moisture_differential
30.874571999999997,29.291942,2.315841e+00,0.0192,tile_30.8740_29.2470,moisture_differential
30.874675999999997,29.291942,2.425161e+00,0.0458,tile_30.8740_29.2470,moisture_differential
30.894748,29.291942,2.346307e+00,0.0266,tile_30.8740_29.2470,moisture_differential
30.894852,29.291942,2.380261e+00,0.0349,tile_30.8740_29.2470,moisture_differential
30.904003999999997,29.291942,2.490326e+00,0.0617,tile_30.8740_29.2470,moisture_differential
30.909412,29.291942,2.357357e+00,0.0293,tile_30.8740_29.2470,moisture_differential
30.909516,29.291942,2.775736e+00,0.1313,tile_30.8740_29.2470,moisture_differential
30.909619999999997,29.291942,2.301075e+00,0.0155,tile_30.8740_29.2470,moisture_differential
30.909827999999997,29.291942,2.535678e+00,0.0728,tile_30.8740_29.2470,moisture_differential
30.910035999999998,29.291942,2.566715e+00,0.0804,tile_30.8740_29.2470,moisture_differential
30.91014,29.291942,2.334807e+00,0.0238,tile_30.8740_29.2470,moisture_differential
30.910348,29.291942,2.247095e+00,0.0024,tile_30.8740_29.2470,moisture_differential
30.910452,29.291942,2.928449e+00,0.1686,tile_30.8740_29.2470,moisture_differential
30.910556,29.291942,2.820229e+00,0.1422,tile_30.8740_29.2470,moisture_differential
30.91066,29.291942,2.260505e+00,0.0057,tile_30.8740_29.2470,moisture_differential
30.910763999999997,29.291942,2.356289e+00,0.0290,tile_30.8740_29.2470,moisture_differential
30.911492,29.291942,2.380420e+00,0.0349,tile_30.8740_29.2470,moisture_differential
30.911596,29.291942,2.308438e+00,0.0173,tile_30.8740_29.2470,moisture_differential
30.913572,29.291942,2.710657e+00,0.1155,tile_30.8740_29.2470,moisture_differential
30.913676,29.291942,2.723945e+00,0.1187,tile_30.8740_29.2470,moisture_differential
30.91378,29.291942,2.527121e+00,0.0707,tile_30.8740_29.2470,moisture_differential
30.913884,29.291942,2.780459e+00,0.1325,tile_30.8740_29.2470,moisture_differential
30.913988,29.291942,2.277690e+00,0.0098,tile_30.8740_29.2470,moisture_differential
30.914299999999997,29.291942,2.412112e+00,0.0426,tile_30.8740_29.2470,moisture_differential
30.915132,29.291942,2.436032e+00,0.0485,tile_30.8740_29.2470,moisture_differential
30.9195,29.291942,2.390448e+00,0.0374,tile_30.8740_29.2470,moisture_differential
30.920332,29.291942,2.600516e+00,0.0886,tile_30.8740_29.2470,moisture_differential
30.92054,29.291942,2.332633e+00,0.0232,tile_30.8740_29.2470,moisture_differential
30.922411999999998,29.291942,2.643534e+00,0.0991,tile_30.8740_29.2470,moisture_differential
30.922515999999998,29.291942,2.328163e+00,0.0222,tile_30.8740_29.2470,moisture_differential
30.922932,29.291942,2.262784e+00,0.0062,tile_30.8740_29.2470,moisture_differential
30.925843999999998,29.291942,2.345817e+00,0.0265,tile_30.8740_29.2470,moisture_differential
30.925947999999998,29.291942,2.551508e+00,0.0766,tile_30.8740_29.2470,moisture_differential
30.894852,29.29185,2.527826e+00,0.0709,tile_30.8740_29.2470,moisture_differential
30.9039,29.29185,2.305497e+00,0.0166,tile_30.8740_29.2470,moisture_differential
30.904003999999997,29.29185,2.506440e+00,0.0656,tile_30.8740_29.2470,moisture_differential
30.909516,29.29185,2.257500e+00,0.0049,tile_30.8740_29.2470,moisture_differential
30.909723999999997,29.29185,2.272309e+00,0.0085,tile_30.8740_29.2470,moisture_differential
30.909827999999997,29.29185,2.760967e+00,0.1277,tile_30.8740_29.2470,moisture_differential
30.909931999999998,29.29185,2.604493e+00,0.0896,tile_30.8740_29.2470,moisture_differential
30.910035999999998,29.29185,2.912478e+00,0.1647,tile_30.8740_29.2470,moisture_differential
30.91014,29.29185,2.676851e+00,0.1072,tile_30.8740_29.2470,moisture_differential
30.910348,29.29185,2.598294e+00,0.0881,tile_30.8740_29.2470,moisture_differential
30.910452,29.29185,3.007941e+00,0.1880,tile_30.8740_29.2470,moisture_differential
30.910556,29.29185,2.972268e+00,0.1793,tile_30.8740_29.2470,moisture_differential
30.91066,29.29185,2.314385e+00,0.0188,tile_30.8740_29.2470,moisture_differential
30.910763999999997,29.29185,2.295317e+00,0.0141,tile_30.8740_29.2470,moisture_differential
30.912115999999997,29.29185,2.298344e+00,0.0149,tile_30.8740_29.2470,moisture_differential
30.913467999999998,29.29185,2.516035e+00,0.0680,tile_30.8740_29.2470,moisture_differential
30.913572,29.29185,2.683012e+00,0.1087,tile_30.8740_29.2470,moisture_differential
30.913676,29.29185,2.887827e+00,0.1587,tile_30.8740_29.2470,moisture_differential
30.91378,29.29185,2.747080e+00,0.1243,tile_30.8740_29.2470,moisture_differential
30.913884,29.29185,2.844071e+00,0.1480,tile_30.8740_29.2470,moisture_differential
30.914403999999998,29.29185,2.410335e+00,0.0422,tile_30.8740_29.2470,moisture_differential
30.919604,29.29185,2.399067e+00,0.0395,tile_30.8740_29.2470,moisture_differential
30.919708,29.29185,2.378304e+00,0.0344,tile_30.8740_29.2470,moisture_differential
30.922724,29.29185,2.280876e+00,0.0106,tile_30.8740_29.2470,moisture_differential
30.925843999999998,29.29185,2.611253e+00,0.0912,tile_30.8740_29.2470,moisture_differential
30.925947999999998,29.29185,2.987160e+00,0.1829,tile_30.8740_29.2470,moisture_differential
30.875923999999998,29.291757999999998,2.272550e+00,0.0086,tile_30.8740_29.2470,moisture_differential
30.904107999999997,29.291757999999998,2.537274e+00,0.0732,tile_30.8740_29.2470,moisture_differential
30.904211999999998,29.291757999999998,2.399331e+00,0.0395,tile_30.8740_29.2470,moisture_differential
30.90806,29.291757999999998,2.463818e+00,0.0552,tile_30.8740_29.2470,moisture_differential
30.909827999999997,29.291757999999998,2.266073e+00,0.0070,tile_30.8740_29.2470,moisture_differential
30.910035999999998,29.291757999999998,2.444496e+00,0.0505,tile_30.8740_29.2470,moisture_differential
30.91014,29.291757999999998,2.348515e+00,0.0271,tile_30.8740_29.2470,moisture_differential
30.910452,29.291757999999998,2.770991e+00,0.1302,tile_30.8740_29.2470,moisture_differential
30.912115999999997,29.291757999999998,2.374582e+00,0.0335,tile_30.8740_29.2470,moisture_differential
30.913467999999998,29.291757999999998,2.777182e+00,0.1317,tile_30.8740_29.2470,moisture_differential
30.913572,29.291757999999998,2.325928e+00,0.0216,tile_30.8740_29.2470,moisture_differential
30.913676,29.291757999999998,2.632587e+00,0.0964,tile_30.8740_29.2470,moisture_differential
30.91378,29.291757999999998,3.138518e+00,0.2198,tile_30.8740_29.2470,moisture_differential
30.913884,29.291757999999998,2.510880e+00,0.0667,tile_30.8740_29.2470,moisture_differential
30.914507999999998,29.291757999999998,2.632848e+00,0.0965,tile_30.8740_29.2470,moisture_differential
30.914611999999998,29.291757999999998,2.744880e+00,0.1238,tile_30.8740_29.2470,moisture_differential
30.914716,29.291757999999998,2.341192e+00,0.0253,tile_30.8740_29.2470,moisture_differential
30.920123999999998,29.291757999999998,2.247686e+00,0.0025,tile_30.8740_29.2470,moisture_differential
30.92262,29.291757999999998,2.632959e+00,0.0965,tile_30.8740_29.2470,moisture_differential
30.922724,29.291757999999998,2.860160e+00,0.1519,tile_30.8740_29.2470,moisture_differential
30.923451999999997,29.291757999999998,2.415302e+00,0.0434,tile_30.8740_29.2470,moisture_differential
30.924699999999998,29.291757999999998,2.328068e+00,0.0221,tile_30.8740_29.2470,moisture_differential
30.925635999999997,29.291757999999998,2.992755e+00,0.1843,tile_30.8740_29.2470,moisture_differential
30.925739999999998,29.291757999999998,3.482773e+00,0.3038,tile_30.8740_29.2470,moisture_differential
30.925843999999998,29.291757999999998,3.555281e+00,0.3215,tile_30.8740_29.2470,moisture_differential
30.925947999999998,29.291757999999998,3.750580e+00,0.3691,tile_30.8740_29.2470,moisture_differential
30.892044,29.291666,2.295940e+00,0.0143,tile_30.8740_29.2470,moisture_differential
30.892148,29.291666,2.329486e+00,0.0225,tile_30.8740_29.2470,moisture_differential
30.896724,29.291666,2.383036e+00,0.0355,tile_30.8740_29.2470,moisture_differential
30.898491999999997,29.291666,2.370706e+00,0.0325,tile_30.8740_29.2470,moisture_differential
30.903796,29.291666,2.487168e+00,0.0609,tile_30.8740_29.2470,moisture_differential
30.9039,29.291666,2.382738e+00,0.0355,tile_30.8740_29.2470,moisture_differential
30.904211999999998,29.291666,2.301320e+00,0.0156,tile_30.8740_29.2470,moisture_differential
30.910452,29.291666,2.448724e+00,0.0516,tile_30.8740_29.2470,moisture_differential
30.910763999999997,29.291666,2.265336e+00,0.0068,tile_30.8740_29.2470,moisture_differential
30.91378,29.291666,2.293890e+00,0.0138,tile_30.8740_29.2470,moisture_differential
30.913884,29.291666,2.713782e+00,0.1162,tile_30.8740_29.2470,moisture_differential
30.914507999999998,29.291666,3.113565e+00,0.2138,tile_30.8740_29.2470,moisture_differential
30.914611999999998,29.291666,3.614226e+00,0.3359,tile_30.8740_29.2470,moisture_differential
30.914716,29.291666,3.295493e+00,0.2581,tile_30.8740_29.2470,moisture_differential
30.920019999999997,29.291666,2.425859e+00,0.0460,tile_30.8740_29.2470,moisture_differential
30.920123999999998,29.291666,2.322608e+00,0.0208,tile_30.8740_29.2470,moisture_differential
30.922515999999998,29.291666,2.313152e+00,0.0185,tile_30.8740_29.2470,moisture_differential
30.92262,29.291666,2.543533e+00,0.0747,tile_30.8740_29.2470,moisture_differential
30.922724,29.291666,2.310279e+00,0.0178,tile_30.8740_29.2470,moisture_differential
30.924699999999998,29.291666,2.254155e+00,0.0041,tile_30.8740_29.2470,moisture_differential
30.925739999999998,29.291666,2.593704e+00,0.0869,tile_30.8740_29.2470,moisture_differential
30.925843999999998,29.291666,3.393027e+00,0.2819,tile_30.8740_29.2470,moisture_differential
30.925947999999998,29.291666,3.360130e+00,0.2739,tile_30.8740_29.2470,moisture_differential
30.875819999999997,29.291574,2.335593e+00,0.0240,tile_30.8740_29.2470,moisture_differential
30.896516,29.291574,2.629903e+00,0.0958,tile_30.8740_29.2470,moisture_differential
30.9091,29.291574,2.244700e+00,0.0018,tile_30.8740_29.2470,moisture_differential
30.910763999999997,29.291574,2.679301e+00,0.1078,tile_30.8740_29.2470,moisture_differential
30.912115999999997,29.291574,2.302777e+00,0.0160,tile_30.8740_29.2470,moisture_differential
30.914299999999997,29.291574,2.296555e+00,0.0144,tile_30.8740_29.2470,moisture_differential
30.914403999999998,29.291574,2.372307e+00,0.0329,tile_30.8740_29.2470,moisture_differential
30.914507999999998,29.291574,2.373448e+00,0.0332,tile_30.8740_29.2470,moisture_differential
30.914611999999998,29.291574,2.476887e+00,0.0584,tile_30.8740_29.2470,moisture_differential
30.914716,29.291574,2.804378e+00,0.1383,tile_30.8740_29.2470,moisture_differential
30.919811999999997,29.291574,2.535647e+00,0.0728,tile_30.8740_29.2470,moisture_differential
30.919915999999997,29.291574,2.269629e+00,0.0079,tile_30.8740_29.2470,moisture_differential
30.920019999999997,29.291574,2.634000e+00,0.0968,tile_30.8740_29.2470,moisture_differential
30.921892,29.291574,2.358731e+00,0.0296,tile_30.8740_29.2470,moisture_differential
30.92314,29.291574,2.518638e+00,0.0686,tile_30.8740_29.2470,moisture_differential
30.923243999999997,29.291574,3.120364e+00,0.2154,tile_30.8740_29.2470,moisture_differential
30.923868,29.291574,2.672671e+00,0.1062,tile_30.8740_29.2470,moisture_differential
30.925843999999998,29.291574,3.020049e+00,0.1909,tile_30.8740_29.2470,moisture_differential
30.925947999999998,29.291574,3.113678e+00,0.2138,tile_30.8740_29.2470,moisture_differential
30.875404,29.291482,2.361717e+00,0.0303,tile_30.8740_29.2470,moisture_differential
30.877171999999998,29.291482,2.317267e+00,0.0195,tile_30.8740_29.2470,moisture_differential
30.879564,29.291482,2.347450e+00,0.0269,tile_30.8740_29.2470,moisture_differential
30.899739999999998,29.291482,2.443128e+00,0.0502,tile_30.8740_29.2470,moisture_differential
30.910763999999997,29.291482,3.063702e+00,0.2016,tile_30.8740_29.2470,moisture_differential
30.912844,29.291482,2.273549e+00,0.0088,tile_30.8740_29.2470,moisture_differential
30.912948,29.291482,2.267466e+00,0.0073,tile_30.8740_29.2470,moisture_differential
30.919811999999997,29.291482,2.237996e+00,0.0002,tile_30.8740_29.2470,moisture_differential
30.922307999999997,29.291482,2.351936e+00,0.0280,tile_30.8740_29.2470,moisture_differential
30.92262,29.291482,2.551698e+00,0.0767,tile_30.8740_29.2470,moisture_differential
30.922724,29.291482,2.244109e+00,0.0017,tile_30.8740_29.2470,moisture_differential
30.922828,29.291482,2.437187e+00,0.0488,tile_30.8740_29.2470,moisture_differential
30.923764,29.291482,2.349792e+00,0.0274,tile_30.8740_29.2470,moisture_differential
30.925843999999998,29.291482,2.702345e+00,0.1134,tile_30.8740_29.2470,moisture_differential
30.876444,29.29139,2.420762e+00,0.0447,tile_30.8740_29.2470,moisture_differential
30.898284,29.29139,2.616555e+00,0.0925,tile_30.8740_29.2470,moisture_differential
30.910556,29.29139,2.423518e+00,0.0454,tile_30.8740_29.2470,moisture_differential
30.910867999999997,29.29139,2.812820e+00,0.1404,tile_30.8740_29.2470,moisture_differential
30.910971999999997,29.29139,2.772670e+00,0.1306,tile_30.8740_29.2470,moisture_differential
30.912115999999997,29.29139,2.249719e+00,0.0030,tile_30.8740_29.2470,moisture_differential
30.912844,29.29139,3.017881e+00,0.1904,tile_30.8740_29.2470,moisture_differential
30.912948,29.29139,3.225557e+00,0.2411,tile_30.8740_29.2470,moisture_differential
30.913051999999997,29.29139,2.323219e+00,0.0210,tile_30.8740_29.2470,moisture_differential
30.922307999999997,29.29139,2.248798e+00,0.0028,tile_30.8740_29.2470,moisture_differential
30.92262,29.29139,2.460588e+00,0.0545,tile_30.8740_29.2470,moisture_differential
30.922724,29.29139,2.346078e+00,0.0265,tile_30.8740_29.2470,moisture_differential
30.922932,29.29139,2.615998e+00,0.0924,tile_30.8740_29.2470,moisture_differential
30.923659999999998,29.29139,2.621959e+00,0.0938,tile_30.8740_29.2470,moisture_differential
30.924595999999998,29.29139,2.317937e+00,0.0197,tile_30.8740_29.2470,moisture_differential
30.924699999999998,29.29139,2.427717e+00,0.0464,tile_30.8740_29.2470,moisture_differential
30.925116,29.29139,2.932782e+00,0.1697,tile_30.8740_29.2470,moisture_differential
30.87634,29.291297999999998,2.306740e+00,0.0169,tile_30.8740_29.2470,moisture_differential
30.879876,29.291297999999998,2.417383e+00,0.0439,tile_30.8740_29.2470,moisture_differential
30.910556,29.291297999999998,2.263813e+00,0.0065,tile_30.8740_29.2470,moisture_differential
30.910867999999997,29.291297999999998,2.299991e+00,0.0153,tile_30.8740_29.2470,moisture_differential
30.910971999999997,29.291297999999998,2.795886e+00,0.1363,tile_30.8740_29.2470,moisture_differential
30.911075999999998,29.291297999999998,2.629970e+00,0.0958,tile_30.8740_29.2470,moisture_differential
30.911179999999998,29.291297999999998,2.501832e+00,0.0645,tile_30.8740_29.2470,moisture_differential
30.912844,29.291297999999998,3.049181e+00,0.1980,tile_30.8740_29.2470,moisture_differential
30.912948,29.291297999999998,2.983306e+00,0.1820,tile_30.8740_29.2470,moisture_differential
30.920123999999998,29.291297999999998,2.449605e+00,0.0518,tile_30.8740_29.2470,moisture_differential
30.920227999999998,29.291297999999998,2.277878e+00,0.0099,tile_30.8740_29.2470,moisture_differential
30.922932,29.291297999999998,2.728820e+00,0.1199,tile_30.8740_29.2470,moisture_differential
30.923036,29.291297999999998,2.367069e+00,0.0316,tile_30.8740_29.2470,moisture_differential
30.923347999999997,29.291297999999998,2.278569e+00,0.0101,tile_30.8740_29.2470,moisture_differential
30.923972,29.291297999999998,2.625573e+00,0.0947,tile_30.8740_29.2470,moisture_differential
30.924076,29.291297999999998,2.849520e+00,0.1493,tile_30.8740_29.2470,moisture_differential
30.92522,29.291297999999998,2.947506e+00,0.1732,tile_30.8740_29.2470,moisture_differential
30.88206,29.291206,2.438336e+00,0.0490,tile_30.8740_29.2470,moisture_differential
30.889547999999998,29.291206,2.507152e+00,0.0658,tile_30.8740_29.2470,moisture_differential
30.891316,29.291206,2.427523e+00,0.0464,tile_30.8740_29.2470,moisture_differential
30.910244,29.291206,2.261354e+00,0.0059,tile_30.8740_29.2470,moisture_differential
30.910348,29.291206,2.239285e+00,0.0005,tile_30.8740_29.2470,moisture_differential
30.910556,29.291206,2.452550e+00,0.0525,tile_30.8740_29.2470,moisture_differential
30.91066,29.291206,2.903383e+00,0.1625,tile_30.8740_29.2470,moisture_differential
30.911075999999998,29.291206,2.395561e+00,0.0386,tile_30.8740_29.2470,moisture_differential
30.911179999999998,29.291206,2.510888e+00,0.0667,tile_30.8740_29.2470,moisture_differential
30.911284,29.291206,2.396444e+00,0.0388,tile_30.8740_29.2470,moisture_differential
30.922932,29.291206,2.311608e+00,0.0181,tile_30.8740_29.2470,moisture_differential
30.923868,29.291206,2.306639e+00,0.0169,tile_30.8740_29.2470,moisture_differential
30.923972,29.291206,2.636678e+00,0.0974,tile_30.8740_29.2470,moisture_differential
30.924076,29.291206,2.776977e+00,0.1316,tile_30.8740_29.2470,moisture_differential
30.924699999999998,29.291206,2.259675e+00,0.0054,tile_30.8740_29.2470,moisture_differential
30.924803999999998,29.291206,2.302357e+00,0.0159,tile_30.8740_29.2470,moisture_differential
30.92522,29.291206,2.369678e+00,0.0323,tile_30.8740_29.2470,moisture_differential
30.925947999999998,29.291206,2.319689e+00,0.0201,tile_30.8740_29.2470,moisture_differential
30.875092,29.291114,2.825360e+00,0.1434,tile_30.8740_29.2470,moisture_differential
30.875196,29.291114,2.429945e+00,0.0470,tile_30.8740_29.2470,moisture_differential
30.891316,29.291114,2.247371e+00,0.0024,tile_30.8740_29.2470,moisture_differential
30.89142,29.291114,2.488265e+00,0.0612,tile_30.8740_29.2470,moisture_differential
30.897764,29.291114,2.241934e+00,0.0011,tile_30.8740_29.2470,moisture_differential
30.897868,29.291114,2.250886e+00,0.0033,tile_30.8740_29.2470,moisture_differential
30.909308,29.291114,2.424884e+00,0.0458,tile_30.8740_29.2470,moisture_differential
30.910244,29.291114,2.556065e+00,0.0778,tile_30.8740_29.2470,moisture_differential
30.910348,29.291114,2.793975e+00,0.1358,tile_30.8740_29.2470,moisture_differential
30.910452,29.291114,2.558289e+00,0.0783,tile_30.8740_29.2470,moisture_differential
30.910556,29.291114,3.047787e+00,0.1977,tile_30.8740_29.2470,moisture_differential
30.91066,29.291114,2.763478e+00,0.1283,tile_30.8740_29.2470,moisture_differential
30.910763999999997,29.291114,2.286091e+00,0.0119,tile_30.8740_29.2470,moisture_differential
30.910867999999997,29.291114,2.276780e+00,0.0096,tile_30.8740_29.2470,moisture_differential
30.910971999999997,29.291114,2.552815e+00,0.0770,tile_30.8740_29.2470,moisture_differential
30.911284,29.291114,2.447745e+00,0.0513,tile_30.8740_29.2470,moisture_differential
30.911492,29.291114,2.378116e+00,0.0343,tile_30.8740_29.2470,moisture_differential
30.914611999999998,29.291114,2.414404e+00,0.0432,tile_30.8740_29.2470,moisture_differential
30.922932,29.291114,2.597065e+00,0.0878,tile_30.8740_29.2470,moisture_differential
30.923347999999997,29.291114,2.247689e+00,0.0025,tile_30.8740_29.2470,moisture_differential
30.923451999999997,29.291114,2.336003e+00,0.0241,tile_30.8740_29.2470,moisture_differential
30.923868,29.291114,2.690864e+00,0.1106,tile_30.8740_29.2470,moisture_differential
30.923972,29.291114,2.626611e+00,0.0950,tile_30.8740_29.2470,moisture_differential
30.924699999999998,29.291114,2.368998e+00,0.0321,tile_30.8740_29.2470,moisture_differential
30.925947999999998,29.291114,3.001827e+00,0.1865,tile_30.8740_29.2470,moisture_differential
30.875092,29.291021999999998,3.460129e+00,0.2983,tile_30.8740_29.2470,moisture_differential
30.875196,29.291021999999998,2.723871e+00,0.1187,tile_30.8740_29.2470,moisture_differential
30.89142,29.291021999999998,2.239629e+00,0.0006,tile_30.8740_29.2470,moisture_differential
30.910244,29.291021999999998,2.392414e+00,0.0378,tile_30.8740_29.2470,moisture_differential
30.910348,29.291021999999998,3.004431e+00,0.1871,tile_30.8740_29.2470,moisture_differential
30.910452,29.291021999999998,2.806861e+00,0.1389,tile_30.8740_29.2470,moisture_differential
30.910556,29.291021999999998,2.883244e+00,0.1576,tile_30.8740_29.2470,moisture_differential
30.91066,29.291021999999998,2.637056e+00,0.0975,tile_30.8740_29.2470,moisture_differential
30.910763999999997,29.291021999999998,2.288240e+00,0.0124,tile_30.8740_29.2470,moisture_differential
30.914611999999998,29.291021999999998,2.710223e+00,0.1154,tile_30.8740_29.2470,moisture_differential
30.915028,29.291021999999998,2.639771e+00,0.0982,tile_30.8740_29.2470,moisture_differential
30.923347999999997,29.291021999999998,3.053511e+00,0.1991,tile_30.8740_29.2470,moisture_differential
30.923868,29.291021999999998,2.855435e+00,0.1508,tile_30.8740_29.2470,moisture_differential
30.925531999999997,29.291021999999998,2.264446e+00,0.0066,tile_30.8740_29.2470,moisture_differential
30.925947999999998,29.291021999999998,2.781742e+00,0.1328,tile_30.8740_29.2470,moisture_differential
30.874988,29.29093,2.647394e+00,0.1000,tile_30.8740_29.2470,moisture_differential
30.875092,29.29093,2.676681e+00,0.1072,tile_30.8740_29.2470,moisture_differential
30.875196,29.29093,2.496214e+00,0.0632,tile_30.8740_29.2470,moisture_differential
30.911075999999998,29.29093,2.257068e+00,0.0048,tile_30.8740_29.2470,moisture_differential
30.923347999999997,29.29093,2.342159e+00,0.0256,tile_30.8740_29.2470,moisture_differential
30.923764,29.29093,2.438978e+00,0.0492,tile_30.8740_29.2470,moisture_differential
30.923868,29.29093,2.531157e+00,0.0717,tile_30.8740_29.2470,moisture_differential
30.924284,29.29093,2.364153e+00,0.0309,tile_30.8740_29.2470,moisture_differential
30.924387999999997,29.29093,2.374400e+00,0.0334,tile_30.8740_29.2470,moisture_differential
30.925947999999998,29.29093,2.295828e+00,0.0143,tile_30.8740_29.2470,moisture_differential
30.874988,29.290838,2.580190e+00,0.0836,tile_30.8740_29.2470,moisture_differential
30.87842,29.290838,2.271912e+00,0.0084,tile_30.8740_29.2470,moisture_differential
30.892564,29.290838,2.361857e+00,0.0304,tile_30.8740_29.2470,moisture_differential
30.909931999999998,29.290838,2.271824e+00,0.0084,tile_30.8740_29.2470,moisture_differential
30.910348,29.290838,2.649627e+00,0.1006,tile_30.8740_29.2470,moisture_differential
30.910452,29.290838,2.389416e+00,0.0371,tile_30.8740_29.2470,moisture_differential
30.915132,29.290838,2.324474e+00,0.0213,tile_30.8740_29.2470,moisture_differential
30.92054,29.290838,2.267407e+00,0.0073,tile_30.8740_29.2470,moisture_differential
30.923243999999997,29.290838,2.445175e+00,0.0507,tile_30.8740_29.2470,moisture_differential
30.923764,29.290838,2.858628e+00,0.1516,tile_30.8740_29.2470,moisture_differential
30.925739999999998,29.290838,2.277879e+00,0.0099,tile_30.8740_29.2470,moisture_differential
30.925947999999998,29.290838,2.389737e+00,0.0372,tile_30.8740_29.2470,moisture_differential
30.875819999999997,29.290746,2.277861e+00,0.0099,tile_30.8740_29.2470,moisture_differential
30.875923999999998,29.290746,2.475886e+00,0.0582,tile_30.8740_29.2470,moisture_differential
30.878732,29.290746,2.424017e+00,0.0455,tile_30.8740_29.2470,moisture_differential
30.883827999999998,29.290746,2.711502e+00,0.1157,tile_30.8740_29.2470,moisture_differential
30.885804,29.290746,2.390063e+00,0.0373,tile_30.8740_29.2470,moisture_differential
30.896411999999998,29.290746,2.287749e+00,0.0123,tile_30.8740_29.2470,moisture_differential
30.89662,29.290746,2.824711e+00,0.1433,tile_30.8740_29.2470,moisture_differential
30.896724,29.290746,2.306430e+00,0.0169,tile_30.8740_29.2470,moisture_differential
30.910348,29.290746,2.380222e+00,0.0349,tile_30.8740_29.2470,moisture_differential
30.910452,29.290746,2.712017e+00,0.1158,tile_30.8740_29.2470,moisture_differential
30.913988,29.290746,2.479078e+00,0.0590,tile_30.8740_29.2470,moisture_differential
30.915028,29.290746,2.268773e+00,0.0077,tile_30.8740_29.2470,moisture_differential
30.923243999999997,29.290746,2.627550e+00,0.0952,tile_30.8740_29.2470,moisture_differential
30.925947999999998,29.290746,3.110163e+00,0.2129,tile_30.8740_29.2470,moisture_differential
30.875819999999997,29.290654,2.664281e+00,0.1042,tile_30.8740_29.2470,moisture_differential
30.892979999999998,29.290654,2.237738e+00,0.0001,tile_30.8740_29.2470,moisture_differential
30.896411999999998,29.290654,2.321841e+00,0.0206,tile_30.8740_29.2470,moisture_differential
30.896724,29.290654,2.295813e+00,0.0143,tile_30.8740_29.2470,moisture_differential
30.896828,29.290654,2.359503e+00,0.0298,tile_30.8740_29.2470,moisture_differential
30.89714,29.290654,2.362402e+00,0.0305,tile_30.8740_29.2470,moisture_differential
30.916587999999997,29.290654,2.333206e+00,0.0234,tile_30.8740_29.2470,moisture_differential
30.916691999999998,29.290654,2.876220e+00,0.1559,tile_30.8740_29.2470,moisture_differential
30.921163999999997,29.290654,2.367098e+00,0.0317,tile_30.8740_29.2470,moisture_differential
30.924284,29.290654,2.278905e+00,0.0101,tile_30.8740_29.2470,moisture_differential
30.924387999999997,29.290654,2.367780e+00,0.0318,tile_30.8740_29.2470,moisture_differential
30.924595999999998,29.290654,2.557951e+00,0.0782,tile_30.8740_29.2470,moisture_differential
30.924699999999998,29.290654,2.306184e+00,0.0168,tile_30.8740_29.2470,moisture_differential
30.925947999999998,29.290654,2.760381e+00,0.1276,tile_30.8740_29.2470,moisture_differential
30.875819999999997,29.290561999999998,2.401028e+00,0.0399,tile_30.8740_29.2470,moisture_differential
30.886844,29.290561999999998,2.435586e+00,0.0484,tile_30.8740_29.2470,moisture_differential
30.897036,29.290561999999998,2.649594e+00,0.1006,tile_30.8740_29.2470,moisture_differential
30.89714,29.290561999999998,2.344583e+00,0.0262,tile_30.8740_29.2470,moisture_differential
30.916691999999998,29.290561999999998,2.961534e+00,0.1767,tile_30.8740_29.2470,moisture_differential
30.920955999999997,29.290561999999998,2.394759e+00,0.0384,tile_30.8740_29.2470,moisture_differential
30.924284,29.290561999999998,2.310378e+00,0.0178,tile_30.8740_29.2470,moisture_differential
30.924387999999997,29.290561999999998,2.790478e+00,0.1349,tile_30.8740_29.2470,moisture_differential
30.889028,29.29047,2.287547e+00,0.0122,tile_30.8740_29.2470,moisture_differential
30.891108,29.29047,2.250325e+00,0.0032,tile_30.8740_29.2470,moisture_differential
30.891627999999997,29.29047,2.541237e+00,0.0741,tile_30.8740_29.2470,moisture_differential
30.891731999999998,29.29047,2.323951e+00,0.0211,tile_30.8740_29.2470,moisture_differential
30.920852,29.29047,2.689000e+00,0.1102,tile_30.8740_29.2470,moisture_differential
30.920955999999997,29.29047,2.474564e+00,0.0579,tile_30.8740_29.2470,moisture_differential
30.925324,29.29047,2.774896e+00,0.1311,tile_30.8740_29.2470,moisture_differential
30.913988,29.290378,2.309702e+00,0.0177,tile_30.8740_29.2470,moisture_differential
30.914299999999997,29.290378,2.452877e+00,0.0526,tile_30.8740_29.2470,moisture_differential
30.920748,29.290378,2.328070e+00,0.0221,tile_30.8740_29.2470,moisture_differential
30.920852,29.290378,2.504736e+00,0.0652,tile_30.8740_29.2470,moisture_differential
30.920955999999997,29.290378,2.261554e+00,0.0059,tile_30.8740_29.2470,moisture_differential
30.923868,29.290378,2.337381e+00,0.0244,tile_30.8740_29.2470,moisture_differential
30.923972,29.290378,3.087862e+00,0.2075,tile_30.8740_29.2470,moisture_differential
30.924387999999997,29.290378,2.482254e+00,0.0597,tile_30.8740_29.2470,moisture_differential
30.924491999999997,29.290378,2.316640e+00,0.0193,tile_30.8740_29.2470,moisture_differential
30.924699999999998,29.290378,2.268842e+00,0.0077,tile_30.8740_29.2470,moisture_differential
30.924803999999998,29.290378,2.398463e+00,0.0393,tile_30.8740_29.2470,moisture_differential
30.925116,29.290378,2.331064e+00,0.0229,tile_30.8740_29.2470,moisture_differential
30.892148,29.290286,2.280482e+00,0.0105,tile_30.8740_29.2470,moisture_differential
30.892252,29.290286,2.303723e+00,0.0162,tile_30.8740_29.2470,moisture_differential
30.913988,29.290286,2.668140e+00,0.1051,tile_30.8740_29.2470,moisture_differential
30.914403999999998,29.290286,2.306572e+00,0.0169,tile_30.8740_29.2470,moisture_differential
30.923868,29.290286,2.334779e+00,0.0238,tile_30.8740_29.2470,moisture_differential
30.92418,29.290286,2.846763e+00,0.1487,tile_30.8740_29.2470,moisture_differential
30.924595999999998,29.290286,2.238230e+00,0.0002,tile_30.8740_29.2470,moisture_differential
30.924699999999998,29.290286,2.569575e+00,0.0810,tile_30.8740_29.2470,moisture_differential
30.924803999999998,29.290286,2.336280e+00,0.0241,tile_30.8740_29.2470,moisture_differential
30.924908,29.290286,2.567253e+00,0.0805,tile_30.8740_29.2470,moisture_differential
30.892044,29.290194,2.657525e+00,0.1025,tile_30.8740_29.2470,moisture_differential
30.892148,29.290194,2.289157e+00,0.0126,tile_30.8740_29.2470,moisture_differential
30.894436,29.290194,2.485949e+00,0.0606,tile_30.8740_29.2470,moisture_differential
30.911284,29.290194,2.263663e+00,0.0064,tile_30.8740_29.2470,moisture_differential
30.914403999999998,29.290194,2.254090e+00,0.0041,tile_30.8740_29.2470,moisture_differential
30.914507999999998,29.290194,2.283345e+00,0.0112,tile_30.8740_29.2470,moisture_differential
30.91482,29.290194,2.346935e+00,0.0267,tile_30.8740_29.2470,moisture_differential
30.915236,29.290194,2.447988e+00,0.0514,tile_30.8740_29.2470,moisture_differential
30.923347999999997,29.290194,2.518787e+00,0.0687,tile_30.8740_29.2470,moisture_differential
30.923451999999997,29.290194,2.559329e+00,0.0785,tile_30.8740_29.2470,moisture_differential
30.923555999999998,29.290194,2.348423e+00,0.0271,tile_30.8740_29.2470,moisture_differential
30.923868,29.290194,2.472674e+00,0.0574,tile_30.8740_29.2470,moisture_differential
30.923972,29.290194,2.312627e+00,0.0184,tile_30.8740_29.2470,moisture_differential
30.92418,29.290194,2.472774e+00,0.0574,tile_30.8740_29.2470,moisture_differential
30.925531999999997,29.290194,2.651634e+00,0.1011,tile_30.8740_29.2470,moisture_differential
30.892044,29.290102,2.520015e+00,0.0690,tile_30.8740_29.2470,moisture_differential
30.892148,29.290102,2.413079e+00,0.0429,tile_30.8740_29.2470,moisture_differential
30.894436,29.290102,2.316714e+00,0.0194,tile_30.8740_29.2470,moisture_differential
30.894644,29.290102,2.253418e+00,0.0039,tile_30.8740_29.2470,moisture_differential
30.914299999999997,29.290102,2.280048e+00,0.0104,tile_30.8740_29.2470,moisture_differential
30.914507999999998,29.290102,2.369886e+00,0.0323,tile_30.8740_29.2470,moisture_differential
30.914611999999998,29.290102,2.384439e+00,0.0359,tile_30.8740_29.2470,moisture_differential
30.915132,29.290102,2.505478e+00,0.0654,tile_30.8740_29.2470,moisture_differential
30.915236,29.290102,2.671683e+00,0.1060,tile_30.8740_29.2470,moisture_differential
30.915339999999997,29.290102,2.496270e+00,0.0632,tile_30.8740_29.2470,moisture_differential
30.915443999999997,29.290102,2.446841e+00,0.0511,tile_30.8740_29.2470,moisture_differential
30.922932,29.290102,2.414456e+00,0.0432,tile_30.8740_29.2470,moisture_differential
30.923347999999997,29.290102,2.900752e+00,0.1618,tile_30.8740_29.2470,moisture_differential
30.923451999999997,29.290102,2.934578e+00,0.1701,tile_30.8740_29.2470,moisture_differential
30.923555999999998,29.290102,2.547729e+00,0.0757,tile_30.8740_29.2470,moisture_differential
30.923659999999998,29.290102,2.807347e+00,0.1391,tile_30.8740_29.2470,moisture_differential
30.923972,29.290102,2.257479e+00,0.0049,tile_30.8740_29.2470,moisture_differential
30.924076,29.290102,3.248331e+00,0.2466,tile_30.8740_29.2470,moisture_differential
30.92418,29.290102,2.756978e+00,0.1268,tile_30.8740_29.2470,moisture_differential
30.924803999999998,29.290102,2.415439e+00,0.0434,tile_30.8740_29.2470,moisture_differential
30.925531999999997,29.290102,2.293955e+00,0.0138,tile_30.8740_29.2470,moisture_differential
30.892148,29.29001,2.345087e+00,0.0263,tile_30.8740_29.2470,moisture_differential
30.89454,29.29001,2.397193e+00,0.0390,tile_30.8740_29.2470,moisture_differential
30.913051999999997,29.29001,2.366891e+00,0.0316,tile_30.8740_29.2470,moisture_differential
30.913155999999997,29.29001,2.348057e+00,0.0270,tile_30.8740_29.2470,moisture_differential
30.915132,29.29001,2.569034e+00,0.0809,tile_30.8740_29.2470,moisture_differential
30.915236,29.29001,2.342657e+00,0.0257,tile_30.8740_29.2470,moisture_differential
30.923243999999997,29.29001,2.302960e+00,0.0160,tile_30.8740_29.2470,moisture_differential
30.923347999999997,29.29001,2.655867e+00,0.1021,tile_30.8740_29.2470,moisture_differential
30.923451999999997,29.29001,2.943348e+00,0.1722,tile_30.8740_29.2470,moisture_differential
30.924076,29.29001,2.240907e+00,0.0009,tile_30.8740_29.2470,moisture_differential
30.924908,29.29001,2.338589e+00,0.0247,tile_30.8740_29.2470,moisture_differential
30.925012,29.29001,2.410554e+00,0.0423,tile_30.8740_29.2470,moisture_differential
30.925635999999997,29.29001,2.529116e+00,0.0712,tile_30.8740_29.2470,moisture_differential
30.925739999999998,29.29001,2.549057e+00,0.0760,tile_30.8740_29.2470,moisture_differential
30.893188,29.289918,2.376714e+00,0.0340,tile_30.8740_29.2470,moisture_differential
30.893292,29.289918,2.444010e+00,0.0504,tile_30.8740_29.2470,moisture_differential
30.912948,29.289918,2.293905e+00,0.0138,tile_30.8740_29.2470,moisture_differential
30.913155999999997,29.289918,2.700648e+00,0.1130,tile_30.8740_29.2470,moisture_differential
30.913259999999998,29.289918,2.748987e+00,0.1248,tile_30.8740_29.2470,moisture_differential
30.913572,29.289918,2.346152e+00,0.0265,tile_30.8740_29.2470,moisture_differential
30.915236,29.289918,2.396525e+00,0.0388,tile_30.8740_29.2470,moisture_differential
30.915651999999998,29.289918,2.296152e+00,0.0143,tile_30.8740_29.2470,moisture_differential
30.922099999999997,29.289918,2.299370e+00,0.0151,tile_30.8740_29.2470,moisture_differential
30.922203999999997,29.289918,2.505651e+00,0.0655,tile_30.8740_29.2470,moisture_differential
30.923347999999997,29.289918,2.440758e+00,0.0496,tile_30.8740_29.2470,moisture_differential
30.923451999999997,29.289918,2.721090e+00,0.1180,tile_30.8740_29.2470,moisture_differential
30.92418,29.289918,2.263321e+00,0.0063,tile_30.8740_29.2470,moisture_differential
30.924699999999998,29.289918,2.493069e+00,0.0624,tile_30.8740_29.2470,moisture_differential
30.925116,29.289918,2.324645e+00,0.0213,tile_30.8740_29.2470,moisture_differential
30.92522,29.289918,2.331013e+00,0.0229,tile_30.8740_29.2470,moisture_differential
30.925843999999998,29.289918,2.433691e+00,0.0479,tile_30.8740_29.2470,moisture_differential
30.892148,29.289825999999998,2.292546e+00,0.0135,tile_30.8740_29.2470,moisture_differential
30.905876,29.289825999999998,2.367444e+00,0.0317,tile_30.8740_29.2470,moisture_differential
30.912844,29.289825999999998,2.583076e+00,0.0843,tile_30.8740_29.2470,moisture_differential
30.912948,29.289825999999998,2.851924e+00,0.1499,tile_30.8740_29.2470,moisture_differential
30.913572,29.289825999999998,2.642843e+00,0.0989,tile_30.8740_29.2470,moisture_differential
30.913676,29.289825999999998,2.242100e+00,0.0012,tile_30.8740_29.2470,moisture_differential
30.913884,29.289825999999998,2.587928e+00,0.0855,tile_30.8740_29.2470,moisture_differential
30.913988,29.289825999999998,2.242529e+00,0.0013,tile_30.8740_29.2470,moisture_differential
30.914092,29.289825999999998,2.366452e+00,0.0315,tile_30.8740_29.2470,moisture_differential
30.914195999999997,29.289825999999998,2.374565e+00,0.0335,tile_30.8740_29.2470,moisture_differential
30.915028,29.289825999999998,2.364266e+00,0.0310,tile_30.8740_29.2470,moisture_differential
30.922099999999997,29.289825999999998,2.263428e+00,0.0064,tile_30.8740_29.2470,moisture_differential
30.922828,29.289825999999998,2.586690e+00,0.0852,tile_30.8740_29.2470,moisture_differential
30.922932,29.289825999999998,2.328577e+00,0.0223,tile_30.8740_29.2470,moisture_differential
30.924699999999998,29.289825999999998,2.977856e+00,0.1806,tile_30.8740_29.2470,moisture_differential
30.924803999999998,29.289825999999998,3.154276e+00,0.2237,tile_30.8740_29.2470,moisture_differential
30.924908,29.289825999999998,2.499523e+00,0.0640,tile_30.8740_29.2470,moisture_differential
30.880291999999997,29.289734,2.295747e+00,0.0142,tile_30.8740_29.2470,moisture_differential
30.883516,29.289734,2.237387e+00,0.0000,tile_30.8740_29.2470,moisture_differential
30.891939999999998,29.289734,2.328382e+00,0.0222,tile_30.8740_29.2470,moisture_differential
30.894228,29.289734,2.247384e+00,0.0025,tile_30.8740_29.2470,moisture_differential
30.894332,29.289734,2.265937e+00,0.0070,tile_30.8740_29.2470,moisture_differential
30.905564,29.289734,2.347339e+00,0.0268,tile_30.8740_29.2470,moisture_differential
30.905876,29.289734,2.255903e+00,0.0045,tile_30.8740_29.2470,moisture_differential
30.91274,29.289734,2.256344e+00,0.0046,tile_30.8740_29.2470,moisture_differential
30.912948,29.289734,2.341935e+00,0.0255,tile_30.8740_29.2470,moisture_differential
30.913051999999997,29.289734,2.308646e+00,0.0174,tile_30.8740_29.2470,moisture_differential
30.914195999999997,29.289734,2.448899e+00,0.0516,tile_30.8740_29.2470,moisture_differential
30.915132,29.289734,2.788700e+00,0.1345,tile_30.8740_29.2470,moisture_differential
30.915236,29.289734,2.257221e+00,0.0049,tile_30.8740_29.2470,moisture_differential
30.922828,29.289734,3.153867e+00,0.2236,tile_30.8740_29.2470,moisture_differential
30.922932,29.289734,2.570628e+00,0.0813,tile_30.8740_29.2470,moisture_differential
30.923036,29.289734,2.416443e+00,0.0437,tile_30.8740_29.2470,moisture_differential
30.923659999999998,29.289734,2.455993e+00,0.0533,tile_30.8740_29.2470,moisture_differential
30.924699999999998,29.289734,2.316668e+00,0.0194,tile_30.8740_29.2470,moisture_differential
30.924803999999998,29.289734,2.705647e+00,0.1142,tile_30.8740_29.2470,moisture_differential
30.924908,29.289734,2.421447e+00,0.0449,tile_30.8740_29.2470,moisture_differential
30.876963999999997,29.289642,2.270231e+00,0.0080,tile_30.8740_29.2470,moisture_differential
30.877067999999998,29.289642,2.744721e+00,0.1238,tile_30.8740_29.2470,moisture_differential
30.879044,29.289642,2.279501e+00,0.0103,tile_30.8740_29.2470,moisture_differential
30.899531999999997,29.289642,2.271232e+00,0.0083,tile_30.8740_29.2470,moisture_differential
30.90806,29.289642,2.324220e+00,0.0212,tile_30.8740_29.2470,moisture_differential
30.912948,29.289642,2.311893e+00,0.0182,tile_30.8740_29.2470,moisture_differential
30.914611999999998,29.289642,2.496055e+00,0.0631,tile_30.8740_29.2470,moisture_differential
30.915756,29.289642,2.607757e+00,0.0904,tile_30.8740_29.2470,moisture_differential
30.922828,29.289642,2.536883e+00,0.0731,tile_30.8740_29.2470,moisture_differential
30.922932,29.289642,2.331754e+00,0.0230,tile_30.8740_29.2470,moisture_differential
30.923036,29.289642,2.339500e+00,0.0249,tile_30.8740_29.2470,moisture_differential
30.923555999999998,29.289642,2.620689e+00,0.0935,tile_30.8740_29.2470,moisture_differential
30.876963999999997,29.28955,3.249883e+00,0.2470,tile_30.8740_29.2470,moisture_differential
30.877067999999998,29.28955,3.713423e+00,0.3601,tile_30.8740_29.2470,moisture_differential
30.877171999999998,29.28955,2.576397e+00,0.0827,tile_30.8740_29.2470,moisture_differential
30.878315999999998,29.28955,2.468792e+00,0.0565,tile_30.8740_29.2470,moisture_differential
30.913051999999997,29.28955,2.413311e+00,0.0429,tile_30.8740_29.2470,moisture_differential
30.913363999999998,29.28955,2.647198e+00,0.1000,tile_30.8740_29.2470,moisture_differential
30.913884,29.28955,2.256101e+00,0.0046,tile_30.8740_29.2470,moisture_differential
30.913988,29.28955,2.518015e+00,0.0685,tile_30.8740_29.2470,moisture_differential
30.914299999999997,29.28955,2.663935e+00,0.1041,tile_30.8740_29.2470,moisture_differential
30.914403999999998,29.28955,2.344383e+00,0.0261,tile_30.8740_29.2470,moisture_differential
30.915547999999998,29.28955,2.320301e+00,0.0202,tile_30.8740_29.2470,moisture_differential
30.922307999999997,29.28955,2.511735e+00,0.0669,tile_30.8740_29.2470,moisture_differential
30.922411999999998,29.28955,2.494570e+00,0.0628,tile_30.8740_29.2470,moisture_differential
30.924908,29.28955,3.021222e+00,0.1912,tile_30.8740_29.2470,moisture_differential
30.925012,29.28955,2.932476e+00,0.1696,tile_30.8740_29.2470,moisture_differential
30.925324,29.28955,2.557686e+00,0.0781,tile_30.8740_29.2470,moisture_differential
30.925428,29.28955,2.289157e+00,0.0126,tile_30.8740_29.2470,moisture_differential
30.925531999999997,29.28955,2.293336e+00,0.0137,tile_30.8740_29.2470,moisture_differential
30.925843999999998,29.28955,2.246221e+00,0.0022,tile_30.8740_29.2470,moisture_differential
30.925947999999998,29.28955,2.250242e+00,0.0031,tile_30.8740_29.2470,moisture_differential
30.876963999999997,29.289458,3.035540e+00,0.1947,tile_30.8740_29.2470,moisture_differential
30.877067999999998,29.289458,3.323931e+00,0.2651,tile_30.8740_29.2470,moisture_differential
30.877171999999998,29.289458,2.282692e+00,0.0111,tile_30.8740_29.2470,moisture_differential
30.878315999999998,29.289458,2.242655e+00,0.0013,tile_30.8740_29.2470,moisture_differential
30.90702,29.289458,2.242155e+00,0.0012,tile_30.8740_29.2470,moisture_differential
30.908476,29.289458,2.328302e+00,0.0222,tile_30.8740_29.2470,moisture_differential
30.913259999999998,29.289458,2.456058e+00,0.0534,tile_30.8740_29.2470,moisture_differential
30.913363999999998,29.289458,2.509490e+00,0.0664,tile_30.8740_29.2470,moisture_differential
30.91378,29.289458,2.338374e+00,0.0246,tile_30.8740_29.2470,moisture_differential
30.913884,29.289458,2.680511e+00,0.1081,tile_30.8740_29.2470,moisture_differential
30.913988,29.289458,2.597939e+00,0.0880,tile_30.8740_29.2470,moisture_differential
30.914092,29.289458,2.492578e+00,0.0623,tile_30.8740_29.2470,moisture_differential
30.914195999999997,29.289458,2.561918e+00,0.0792,tile_30.8740_29.2470,moisture_differential
30.914299999999997,29.289458,2.528672e+00,0.0711,tile_30.8740_29.2470,moisture_differential
30.915132,29.289458,2.256742e+00,0.0047,tile_30.8740_29.2470,moisture_differential
30.916068,29.289458,2.262531e+00,0.0061,tile_30.8740_29.2470,moisture_differential
30.920852,29.289458,2.492181e+00,0.0622,tile_30.8740_29.2470,moisture_differential
30.922307999999997,29.289458,2.735933e+00,0.1216,tile_30.8740_29.2470,moisture_differential
30.922411999999998,29.289458,2.794946e+00,0.1360,tile_30.8740_29.2470,moisture_differential
30.922828,29.289458,2.948483e+00,0.1735,tile_30.8740_29.2470,moisture_differential
30.922932,29.289458,2.853676e+00,0.1504,tile_30.8740_29.2470,moisture_differential
30.923036,29.289458,2.447315e+00,0.0512,tile_30.8740_29.2470,moisture_differential
30.924908,29.289458,2.441928e+00,0.0499,tile_30.8740_29.2470,moisture_differential
30.925012,29.289458,3.207477e+00,0.2367,tile_30.8740_29.2470,moisture_differential
30.925116,29.289458,2.720909e+00,0.1180,tile_30.8740_29.2470,moisture_differential
30.925428,29.289458,2.239638e+00,0.0006,tile_30.8740_29.2470,moisture_differential
30.925531999999997,29.289458,2.306343e+00,0.0168,tile_30.8740_29.2470,moisture_differential
30.877067999999998,29.289365999999998,2.284771e+00,0.0116,tile_30.8740_29.2470,moisture_differential
30.908268,29.289365999999998,2.440519e+00,0.0496,tile_30.8740_29.2470,moisture_differential
30.908996,29.289365999999998,2.379580e+00,0.0347,tile_30.8740_29.2470,moisture_differential
30.913363999999998,29.289365999999998,2.587437e+00,0.0854,tile_30.8740_29.2470,moisture_differential
30.913467999999998,29.289365999999998,2.474453e+00,0.0578,tile_30.8740_29.2470,moisture_differential
30.913572,29.289365999999998,2.517030e+00,0.0682,tile_30.8740_29.2470,moisture_differential
30.913676,29.289365999999998,2.527475e+00,0.0708,tile_30.8740_29.2470,moisture_differential
30.913884,29.289365999999998,2.763344e+00,0.1283,tile_30.8740_29.2470,moisture_differential
30.914403999999998,29.289365999999998,2.264195e+00,0.0066,tile_30.8740_29.2470,moisture_differential
30.914507999999998,29.289365999999998,2.570134e+00,0.0812,tile_30.8740_29.2470,moisture_differential
30.915132,29.289365999999998,2.333671e+00,0.0235,tile_30.8740_29.2470,moisture_differential
30.916068,29.289365999999998,2.429849e+00,0.0470,tile_30.8740_29.2470,moisture_differential
30.916172,29.289365999999998,2.263629e+00,0.0064,tile_30.8740_29.2470,moisture_differential
30.918667999999997,29.289365999999998,2.751824e+00,0.1255,tile_30.8740_29.2470,moisture_differential
30.922307999999997,29.289365999999998,2.487159e+00,0.0609,tile_30.8740_29.2470,moisture_differential
30.922411999999998,29.289365999999998,2.534536e+00,0.0725,tile_30.8740_29.2470,moisture_differential
30.922724,29.289365999999998,2.353539e+00,0.0283,tile_30.8740_29.2470,moisture_differential
30.922828,29.289365999999998,2.488701e+00,0.0613,tile_30.8740_29.2470,moisture_differential
30.922932,29.289365999999998,3.414755e+00,0.2872,tile_30.8740_29.2470,moisture_differential
30.923036,29.289365999999998,2.670923e+00,0.1058,tile_30.8740_29.2470,moisture_differential
30.92418,29.289365999999998,2.377822e+00,0.0343,tile_30.8740_29.2470,moisture_differential
30.924803999999998,29.289365999999998,2.326807e+00,0.0218,tile_30.8740_29.2470,moisture_differential
30.925012,29.289365999999998,2.411962e+00,0.0426,tile_30.8740_29.2470,moisture_differential
30.925116,29.289365999999998,2.454377e+00,0.0529,tile_30.8740_29.2470,moisture_differential
30.92522,29.289365999999998,2.386592e+00,0.0364,tile_30.8740_29.2470,moisture_differential
30.925531999999997,29.289365999999998,2.307270e+00,0.0171,tile_30.8740_29.2470,moisture_differential
30.881124,29.289274,2.305188e+00,0.0166,tile_30.8740_29.2470,moisture_differential
30.906603999999998,29.289274,2.381693e+00,0.0352,tile_30.8740_29.2470,moisture_differential
30.906708,29.289274,2.313220e+00,0.0185,tile_30.8740_29.2470,moisture_differential
30.908164,29.289274,2.436758e+00,0.0486,tile_30.8740_29.2470,moisture_differential
30.908268,29.289274,2.557806e+00,0.0782,tile_30.8740_29.2470,moisture_differential
30.908372,29.289274,2.361507e+00,0.0303,tile_30.8740_29.2470,moisture_differential
30.912323999999998,29.289274,2.361968e+00,0.0304,tile_30.8740_29.2470,moisture_differential
30.913051999999997,29.289274,2.252366e+00,0.0037,tile_30.8740_29.2470,moisture_differential
30.913155999999997,29.289274,2.391436e+00,0.0376,tile_30.8740_29.2470,moisture_differential
30.913363999999998,29.289274,2.303928e+00,0.0162,tile_30.8740_29.2470,moisture_differential
30.913467999999998,29.289274,2.850209e+00,0.1495,tile_30.8740_29.2470,moisture_differential
30.913676,29.289274,2.837335e+00,0.1464,tile_30.8740_29.2470,moisture_differential
30.91378,29.289274,2.790499e+00,0.1349,tile_30.8740_29.2470,moisture_differential
30.913884,29.289274,2.911294e+00,0.1644,tile_30.8740_29.2470,moisture_differential
30.913988,29.289274,2.477220e+00,0.0585,tile_30.8740_29.2470,moisture_differential
30.914299999999997,29.289274,2.422366e+00,0.0451,tile_30.8740_29.2470,moisture_differential
30.914403999999998,29.289274,2.685243e+00,0.1093,tile_30.8740_29.2470,moisture_differential
30.914507999999998,29.289274,2.406440e+00,0.0413,tile_30.8740_29.2470,moisture_differential
30.914924,29.289274,2.479680e+00,0.0591,tile_30.8740_29.2470,moisture_differential
30.915028,29.289274,2.613317e+00,0.0917,tile_30.8740_29.2470,moisture_differential
30.915132,29.289274,2.545043e+00,0.0751,tile_30.8740_29.2470,moisture_differential
30.916587999999997,29.289274,2.261589e+00,0.0059,tile_30.8740_29.2470,moisture_differential
30.916691999999998,29.289274,2.932540e+00,0.1696,tile_30.8740_29.2470,moisture_differential
30.916795999999998,29.289274,2.609044e+00,0.0907,tile_30.8740_29.2470,moisture_differential
30.918667999999997,29.289274,2.656217e+00,0.1022,tile_30.8740_29.2470,moisture_differential
30.922099999999997,29.289274,2.569986e+00,0.0811,tile_30.8740_29.2470,moisture_differential
30.922203999999997,29.289274,2.514254e+00,0.0676,tile_30.8740_29.2470,moisture_differential
30.922307999999997,29.289274,2.327878e+00,0.0221,tile_30.8740_29.2470,moisture_differential
30.922411999999998,29.289274,2.328488e+00,0.0222,tile_30.8740_29.2470,moisture_differential
30.922828,29.289274,2.849142e+00,0.1492,tile_30.8740_29.2470,moisture_differential
30.922932,29.289274,3.417118e+00,0.2878,tile_30.8740_29.2470,moisture_differential
30.923036,29.289274,2.572506e+00,0.0818,tile_30.8740_29.2470,moisture_differential
30.923764,29.289274,2.616714e+00,0.0925,tile_30.8740_29.2470,moisture_differential
30.925116,29.289274,2.461253e+00,0.0546,tile_30.8740_29.2470,moisture_differential
30.92522,29.289274,2.299397e+00,0.0151,tile_30.8740_29.2470,moisture_differential
30.925531999999997,29.289274,2.436256e+00,0.0485,tile_30.8740_29.2470,moisture_differential
30.925635999999997,29.289274,2.941086e+00,0.1717,tile_30.8740_29.2470,moisture_differential
30.89818,29.289182,2.505929e+00,0.0655,tile_30.8740_29.2470,moisture_differential
30.90598,29.289182,2.397945e+00,0.0392,tile_30.8740_29.2470,moisture_differential
30.913155999999997,29.289182,2.432013e+00,0.0475,tile_30.8740_29.2470,moisture_differential
30.913467999999998,29.289182,2.358421e+00,0.0295,tile_30.8740_29.2470,moisture_differential
30.913572,29.289182,2.297575e+00,0.0147,tile_30.8740_29.2470,moisture_differential
30.913676,29.289182,3.091838e+00,0.2085,tile_30.8740_29.2470,moisture_differential
30.91378,29.289182,3.403795e+00,0.2846,tile_30.8740_29.2470,moisture_differential
30.913884,29.289182,3.352645e+00,0.2721,tile_30.8740_29.2470,moisture_differential
30.913988,29.289182,2.343612e+00,0.0259,tile_30.8740_29.2470,moisture_differential
30.914299999999997,29.289182,2.352807e+00,0.0282,tile_30.8740_29.2470,moisture_differential
30.914403999999998,29.289182,2.525793e+00,0.0704,tile_30.8740_29.2470,moisture_differential
30.914716,29.289182,2.421490e+00,0.0449,tile_30.8740_29.2470,moisture_differential
30.91482,29.289182,2.271114e+00,0.0082,tile_30.8740_29.2470,moisture_differential
30.916691999999998,29.289182,2.819263e+00,0.1420,tile_30.8740_29.2470,moisture_differential
30.922203999999997,29.289182,2.303158e+00,0.0161,tile_30.8740_29.2470,moisture_differential
30.922307999999997,29.289182,2.388104e+00,0.0368,tile_30.8740_29.2470,moisture_differential
30.922411999999998,29.289182,2.793212e+00,0.1356,tile_30.8740_29.2470,moisture_differential
30.922828,29.289182,2.833686e+00,0.1455,tile_30.8740_29.2470,moisture_differential
30.922932,29.289182,2.770358e+00,0.1300,tile_30.8740_29.2470,moisture_differential
30.923036,29.289182,2.529720e+00,0.0713,tile_30.8740_29.2470,moisture_differential
30.923764,29.289182,2.967516e+00,0.1781,tile_30.8740_29.2470,moisture_differential
30.923868,29.289182,2.775559e+00,0.1313,tile_30.8740_29.2470,moisture_differential
30.923972,29.289182,2.781037e+00,0.1326,tile_30.8740_29.2470,moisture_differential
30.924491999999997,29.289182,2.342072e+00,0.0255,tile_30.8740_29.2470,moisture_differential
30.924699999999998,29.289182,2.296221e+00,0.0144,tile_30.8740_29.2470,moisture_differential
30.924803999999998,29.289182,2.878126e+00,0.1563,tile_30.8740_29.2470,moisture_differential
30.925116,29.289182,2.499375e+00,0.0639,tile_30.8740_29.2470,moisture_differential
30.925635999999997,29.289182,2.361215e+00,0.0302,tile_30.8740_29.2470,moisture_differential
30.893083999999998,29.289089999999998,2.473476e+00,0.0576,tile_30.8740_29.2470,moisture_differential
30.893188,29.289089999999998,2.243342e+00,0.0015,tile_30.8740_29.2470,moisture_differential
30.898387999999997,29.289089999999998,2.244145e+00,0.0017,tile_30.8740_29.2470,moisture_differential
30.906499999999998,29.289089999999998,2.326080e+00,0.0216,tile_30.8740_29.2470,moisture_differential
30.908891999999998,29.289089999999998,2.634966e+00,0.0970,tile_30.8740_29.2470,moisture_differential
30.911388,29.289089999999998,2.428632e+00,0.0467,tile_30.8740_29.2470,moisture_differential
30.913155999999997,29.289089999999998,2.311384e+00,0.0181,tile_30.8740_29.2470,moisture_differential
30.913467999999998,29.289089999999998,2.294583e+00,0.0140,tile_30.8740_29.2470,moisture_differential
30.913676,29.289089999999998,2.724827e+00,0.1189,tile_30.8740_29.2470,moisture_differential
30.91378,29.289089999999998,3.411224e+00,0.2864,tile_30.8740_29.2470,moisture_differential
30.913884,29.289089999999998,2.747706e+00,0.1245,tile_30.8740_29.2470,moisture_differential
30.921996,29.289089999999998,2.243640e+00,0.0015,tile_30.8740_29.2470,moisture_differential
30.922203999999997,29.289089999999998,2.331317e+00,0.0229,tile_30.8740_29.2470,moisture_differential
30.922411999999998,29.289089999999998,2.399679e+00,0.0396,tile_30.8740_29.2470,moisture_differential
30.922828,29.289089999999998,3.087425e+00,0.2074,tile_30.8740_29.2470,moisture_differential
30.922932,29.289089999999998,3.011480e+00,0.1888,tile_30.8740_29.2470,moisture_differential
30.923036,29.289089999999998,2.664322e+00,0.1042,tile_30.8740_29.2470,moisture_differential
30.878836,29.288998,2.378991e+00,0.0346,tile_30.8740_29.2470,moisture_differential
30.882579999999997,29.288998,2.291644e+00,0.0132,tile_30.8740_29.2470,moisture_differential
30.896203999999997,29.288998,2.369682e+00,0.0323,tile_30.8740_29.2470,moisture_differential
30.911284,29.288998,2.251792e+00,0.0035,tile_30.8740_29.2470,moisture_differential
30.913155999999997,29.288998,2.551080e+00,0.0765,tile_30.8740_29.2470,moisture_differential
30.913259999999998,29.288998,2.561550e+00,0.0791,tile_30.8740_29.2470,moisture_differential
30.913676,29.288998,2.241281e+00,0.0010,tile_30.8740_29.2470,moisture_differential
30.91378,29.288998,2.605812e+00,0.0899,tile_30.8740_29.2470,moisture_differential
30.921163999999997,29.288998,2.779662e+00,0.1323,tile_30.8740_29.2470,moisture_differential
30.922099999999997,29.288998,2.286567e+00,0.0120,tile_30.8740_29.2470,moisture_differential
30.922203999999997,29.288998,2.414366e+00,0.0432,tile_30.8740_29.2470,moisture_differential
30.922515999999998,29.288998,2.299276e+00,0.0151,tile_30.8740_29.2470,moisture_differential
30.92262,29.288998,2.449434e+00,0.0517,tile_30.8740_29.2470,moisture_differential
30.922932,29.288998,3.363826e+00,0.2748,tile_30.8740_29.2470,moisture_differential
30.924076,29.288998,3.295517e+00,0.2581,tile_30.8740_29.2470,moisture_differential
30.925635999999997,29.288998,2.478265e+00,0.0588,tile_30.8740_29.2470,moisture_differential
30.905668,29.288906,2.304959e+00,0.0165,tile_30.8740_29.2470,moisture_differential
30.907435999999997,29.288906,2.331984e+00,0.0231,tile_30.8740_29.2470,moisture_differential
30.908372,29.288906,2.498621e+00,0.0637,tile_30.8740_29.2470,moisture_differential
30.908787999999998,29.288906,2.279548e+00,0.0103,tile_30.8740_29.2470,moisture_differential
30.908996,29.288906,2.289057e+00,0.0126,tile_30.8740_29.2470,moisture_differential
30.912532,29.288906,2.286200e+00,0.0119,tile_30.8740_29.2470,moisture_differential
30.91274,29.288906,2.294659e+00,0.0140,tile_30.8740_29.2470,moisture_differential
30.913155999999997,29.288906,3.216317e+00,0.2388,tile_30.8740_29.2470,moisture_differential
30.913259999999998,29.288906,2.954422e+00,0.1749,tile_30.8740_29.2470,moisture_differential
30.913363999999998,29.288906,2.343504e+00,0.0259,tile_30.8740_29.2470,moisture_differential
30.91378,29.288906,2.338948e+00,0.0248,tile_30.8740_29.2470,moisture_differential
30.914092,29.288906,2.571046e+00,0.0814,tile_30.8740_29.2470,moisture_differential
30.922203999999997,29.288906,2.317119e+00,0.0195,tile_30.8740_29.2470,moisture_differential
30.922515999999998,29.288906,2.370859e+00,0.0326,tile_30.8740_29.2470,moisture_differential
30.92262,29.288906,2.778460e+00,0.1320,tile_30.8740_29.2470,moisture_differential
30.922724,29.288906,2.284027e+00,0.0114,tile_30.8740_29.2470,moisture_differential
30.922932,29.288906,2.716751e+00,0.1170,tile_30.8740_29.2470,moisture_differential
30.878628,29.288814,2.414127e+00,0.0431,tile_30.8740_29.2470,moisture_differential
30.882579999999997,29.288814,2.244859e+00,0.0018,tile_30.8740_29.2470,moisture_differential
30.892771999999997,29.288814,2.337322e+00,0.0244,tile_30.8740_29.2470,moisture_differential
30.899739999999998,29.288814,2.257116e+00,0.0048,tile_30.8740_29.2470,moisture_differential
30.905564,29.288814,2.388538e+00,0.0369,tile_30.8740_29.2470,moisture_differential
30.905668,29.288814,2.311502e+00,0.0181,tile_30.8740_29.2470,moisture_differential
30.90702,29.288814,2.278134e+00,0.0100,tile_30.8740_29.2470,moisture_differential
30.908476,29.288814,2.451281e+00,0.0522,tile_30.8740_29.2470,moisture_differential
30.908683999999997,29.288814,2.405936e+00,0.0411,tile_30.8740_29.2470,moisture_differential
30.908787999999998,29.288814,2.384550e+00,0.0359,tile_30.8740_29.2470,moisture_differential
30.908891999999998,29.288814,2.294324e+00,0.0139,tile_30.8740_29.2470,moisture_differential
30.908996,29.288814,2.298952e+00,0.0150,tile_30.8740_29.2470,moisture_differential
30.9091,29.288814,2.474386e+00,0.0578,tile_30.8740_29.2470,moisture_differential
30.909204,29.288814,2.700878e+00,0.1131,tile_30.8740_29.2470,moisture_differential
30.91274,29.288814,2.285044e+00,0.0116,tile_30.8740_29.2470,moisture_differential
30.912844,29.288814,2.379703e+00,0.0347,tile_30.8740_29.2470,moisture_differential
30.913051999999997,29.288814,2.247943e+00,0.0026,tile_30.8740_29.2470,moisture_differential
30.913155999999997,29.288814,2.656754e+00,0.1023,tile_30.8740_29.2470,moisture_differential
30.913259999999998,29.288814,2.575187e+00,0.0824,tile_30.8740_29.2470,moisture_differential
30.913676,29.288814,2.344332e+00,0.0261,tile_30.8740_29.2470,moisture_differential
30.915756,29.288814,2.355040e+00,0.0287,tile_30.8740_29.2470,moisture_differential
30.916483999999997,29.288814,2.320495e+00,0.0203,tile_30.8740_29.2470,moisture_differential
30.92262,29.288814,2.827057e+00,0.1439,tile_30.8740_29.2470,moisture_differential
30.905459999999998,29.288722,2.579828e+00,0.0835,tile_30.8740_29.2470,moisture_differential
30.905564,29.288722,2.946503e+00,0.1730,tile_30.8740_29.2470,moisture_differential
30.905668,29.288722,2.249950e+00,0.0031,tile_30.8740_29.2470,moisture_differential
30.906916,29.288722,2.532665e+00,0.0720,tile_30.8740_29.2470,moisture_differential
30.90702,29.288722,2.441168e+00,0.0497,tile_30.8740_29.2470,moisture_differential
30.907747999999998,29.288722,2.380844e+00,0.0350,tile_30.8740_29.2470,moisture_differential
30.908476,29.288722,2.411739e+00,0.0425,tile_30.8740_29.2470,moisture_differential
30.908787999999998,29.288722,2.471235e+00,0.0571,tile_30.8740_29.2470,moisture_differential
30.908891999999998,29.288722,2.399987e+00,0.0397,tile_30.8740_29.2470,moisture_differential
30.908996,29.288722,2.584721e+00,0.0847,tile_30.8740_29.2470,moisture_differential
30.9091,29.288722,2.331368e+00,0.0229,tile_30.8740_29.2470,moisture_differential
30.911907999999997,29.288722,2.288650e+00,0.0125,tile_30.8740_29.2470,moisture_differential
30.913155999999997,29.288722,2.508722e+00,0.0662,tile_30.8740_29.2470,moisture_differential
30.913676,29.288722,2.667470e+00,0.1049,tile_30.8740_29.2470,moisture_differential
30.916068,29.288722,2.404461e+00,0.0408,tile_30.8740_29.2470,moisture_differential
30.916483999999997,29.288722,2.710104e+00,0.1153,tile_30.8740_29.2470,moisture_differential
30.921892,29.288722,2.300135e+00,0.0153,tile_30.8740_29.2470,moisture_differential
30.922099999999997,29.288722,2.349689e+00,0.0274,tile_30.8740_29.2470,moisture_differential
30.922411999999998,29.288722,2.690146e+00,0.1105,tile_30.8740_29.2470,moisture_differential
30.922515999999998,29.288722,2.417520e+00,0.0440,tile_30.8740_29.2470,moisture_differential
30.925635999999997,29.288722,2.414999e+00,0.0433,tile_30.8740_29.2470,moisture_differential
30.925947999999998,29.288722,2.401807e+00,0.0401,tile_30.8740_29.2470,moisture_differential
30.884556,29.288629999999998,2.449919e+00,0.0519,tile_30.8740_29.2470,moisture_differential
30.890276,29.288629999999998,2.295947e+00,0.0143,tile_30.8740_29.2470,moisture_differential
30.905564,29.288629999999998,2.360978e+00,0.0302,tile_30.8740_29.2470,moisture_differential
30.906603999999998,29.288629999999998,2.434257e+00,0.0480,tile_30.8740_29.2470,moisture_differential
30.906708,29.288629999999998,2.403037e+00,0.0404,tile_30.8740_29.2470,moisture_differential
30.906916,29.288629999999998,2.434818e+00,0.0482,tile_30.8740_29.2470,moisture_differential
30.907747999999998,29.288629999999998,2.276173e+00,0.0095,tile_30.8740_29.2470,moisture_differential
30.907852,29.288629999999998,2.660808e+00,0.1033,tile_30.8740_29.2470,moisture_differential
30.908476,29.288629999999998,2.283127e+00,0.0112,tile_30.8740_29.2470,moisture_differential
30.908579999999997,29.288629999999998,2.405945e+00,0.0411,tile_30.8740_29.2470,moisture_differential
30.908683999999997,29.288629999999998,2.554938e+00,0.0775,tile_30.8740_29.2470,moisture_differential
30.908787999999998,29.288629999999998,2.392244e+00,0.0378,tile_30.8740_29.2470,moisture_differential
30.908996,29.288629999999998,2.352155e+00,0.0280,tile_30.8740_29.2470,moisture_differential
30.9091,29.288629999999998,2.669065e+00,0.1053,tile_30.8740_29.2470,moisture_differential
30.911804,29.288629999999998,2.263496e+00,0.0064,tile_30.8740_29.2470,moisture_differential
30.912011999999997,29.288629999999998,2.761389e+00,0.1278,tile_30.8740_29.2470,moisture_differential
30.912115999999997,29.288629999999998,2.520171e+00,0.0690,tile_30.8740_29.2470,moisture_differential
30.916795999999998,29.288629999999998,2.700542e+00,0.1130,tile_30.8740_29.2470,moisture_differential
30.921788,29.288629999999998,2.286890e+00,0.0121,tile_30.8740_29.2470,moisture_differential
30.922099999999997,29.288629999999998,2.445540e+00,0.0508,tile_30.8740_29.2470,moisture_differential
30.922203999999997,29.288629999999998,2.537221e+00,0.0732,tile_30.8740_29.2470,moisture_differential
30.922307999999997,29.288629999999998,2.644992e+00,0.0994,tile_30.8740_29.2470,moisture_differential
30.922411999999998,29.288629999999998,3.297533e+00,0.2586,tile_30.8740_29.2470,moisture_differential
30.922515999999998,29.288629999999998,3.123930e+00,0.2163,tile_30.8740_29.2470,moisture_differential
30.92262,29.288629999999998,2.481880e+00,0.0597,tile_30.8740_29.2470,moisture_differential
30.922828,29.288629999999998,2.740171e+00,0.1227,tile_30.8740_29.2470,moisture_differential
30.925531999999997,29.288629999999998,2.655809e+00,0.1021,tile_30.8740_29.2470,moisture_differential
30.925635999999997,29.288629999999998,3.250837e+00,0.2472,tile_30.8740_29.2470,moisture_differential
30.876963999999997,29.288538,2.248140e+00,0.0026,tile_30.8740_29.2470,moisture_differential
30.906603999999998,29.288538,2.492887e+00,0.0623,tile_30.8740_29.2470,moisture_differential
30.906916,29.288538,2.424597e+00,0.0457,tile_30.8740_29.2470,moisture_differential
30.908476,29.288538,2.336952e+00,0.0243,tile_30.8740_29.2470,moisture_differential
30.908579999999997,29.288538,2.240549e+00,0.0008,tile_30.8740_29.2470,moisture_differential
30.908891999999998,29.288538,2.357729e+00,0.0294,tile_30.8740_29.2470,moisture_differential
30.911596,29.288538,2.254169e+00,0.0041,tile_30.8740_29.2470,moisture_differential
30.913051999999997,29.288538,2.739461e+00,0.1225,tile_30.8740_29.2470,moisture_differential
30.913155999999997,29.288538,2.308948e+00,0.0175,tile_30.8740_29.2470,moisture_differential
30.919811999999997,29.288538,2.445585e+00,0.0508,tile_30.8740_29.2470,moisture_differential
30.921788,29.288538,2.337196e+00,0.0244,tile_30.8740_29.2470,moisture_differential
30.922099999999997,29.288538,2.402320e+00,0.0402,tile_30.8740_29.2470,moisture_differential
30.922203999999997,29.288538,2.817052e+00,0.1414,tile_30.8740_29.2470,moisture_differential
30.922307999999997,29.288538,3.769216e+00,0.3737,tile_30.8740_29.2470,moisture_differential
30.922411999999998,29.288538,3.602882e+00,0.3331,tile_30.8740_29.2470,moisture_differential
30.922515999999998,29.288538,3.706707e+00,0.3584,tile_30.8740_29.2470,moisture_differential
30.92262,29.288538,3.230079e+00,0.2422,tile_30.8740_29.2470,moisture_differential
30.922724,29.288538,2.688871e+00,0.1101,tile_30.8740_29.2470,moisture_differential
30.925531999999997,29.288538,2.527239e+00,0.0707,tile_30.8740_29.2470,moisture_differential
30.925635999999997,29.288538,3.461254e+00,0.2986,tile_30.8740_29.2470,moisture_differential
30.925739999999998,29.288538,3.568998e+00,0.3249,tile_30.8740_29.2470,moisture_differential
30.925843999999998,29.288538,3.109870e+00,0.2129,tile_30.8740_29.2470,moisture_differential
30.88206,29.288446,2.954020e+00,0.1748,tile_30.8740_29.2470,moisture_differential
30.882164,29.288446,2.563735e+00,0.0796,tile_30.8740_29.2470,moisture_differential
30.907956,29.288446,2.402242e+00,0.0402,tile_30.8740_29.2470,moisture_differential
30.908476,29.288446,2.832439e+00,0.1452,tile_30.8740_29.2470,moisture_differential
30.912011999999997,29.288446,2.283749e+00,0.0113,tile_30.8740_29.2470,moisture_differential
30.913155999999997,29.288446,2.676633e+00,0.1072,tile_30.8740_29.2470,moisture_differential
30.91482,29.288446,2.374571e+00,0.0335,tile_30.8740_29.2470,moisture_differential
30.916068,29.288446,2.563466e+00,0.0796,tile_30.8740_29.2470,moisture_differential
30.916172,29.288446,2.378213e+00,0.0344,tile_30.8740_29.2470,moisture_differential
30.916276,29.288446,2.370155e+00,0.0324,tile_30.8740_29.2470,moisture_differential
30.916587999999997,29.288446,2.526089e+00,0.0704,tile_30.8740_29.2470,moisture_differential
30.916691999999998,29.288446,2.322969e+00,0.0209,tile_30.8740_29.2470,moisture_differential
30.922099999999997,29.288446,2.636468e+00,0.0974,tile_30.8740_29.2470,moisture_differential
30.922203999999997,29.288446,2.457844e+00,0.0538,tile_30.8740_29.2470,moisture_differential
30.922307999999997,29.288446,2.857464e+00,0.1513,tile_30.8740_29.2470,moisture_differential
30.922411999999998,29.288446,3.106145e+00,0.2119,tile_30.8740_29.2470,moisture_differential
30.922515999999998,29.288446,3.393596e+00,0.2821,tile_30.8740_29.2470,moisture_differential
30.92262,29.288446,3.143873e+00,0.2211,tile_30.8740_29.2470,moisture_differential
30.925635999999997,29.288446,3.398386e+00,0.2832,tile_30.8740_29.2470,moisture_differential
30.925739999999998,29.288446,3.896873e+00,0.4048,tile_30.8740_29.2470,moisture_differential
30.925843999999998,29.288446,3.016908e+00,0.1902,tile_30.8740_29.2470,moisture_differential
30.88206,29.288353999999998,3.543666e+00,0.3187,tile_30.8740_29.2470,moisture_differential
30.882164,29.288353999999998,2.663522e+00,0.1040,tile_30.8740_29.2470,moisture_differential
30.883723999999997,29.288353999999998,2.768707e+00,0.1296,tile_30.8740_29.2470,moisture_differential
30.883827999999998,29.288353999999998,2.909060e+00,0.1639,tile_30.8740_29.2470,moisture_differential
30.883931999999998,29.288353999999998,3.142069e+00,0.2207,tile_30.8740_29.2470,moisture_differential
30.884036,29.288353999999998,2.477617e+00,0.0586,tile_30.8740_29.2470,moisture_differential
30.90806,29.288353999999998,2.446324e+00,0.0510,tile_30.8740_29.2470,moisture_differential
30.908372,29.288353999999998,2.246507e+00,0.0022,tile_30.8740_29.2470,moisture_differential
30.908476,29.288353999999998,3.101519e+00,0.2108,tile_30.8740_29.2470,moisture_differential
30.908579999999997,29.288353999999998,2.488158e+00,0.0612,tile_30.8740_29.2470,moisture_differential
30.911388,29.288353999999998,2.360614e+00,0.0301,tile_30.8740_29.2470,moisture_differential
30.912219999999998,29.288353999999998,2.369927e+00,0.0323,tile_30.8740_29.2470,moisture_differential
30.91274,29.288353999999998,2.471783e+00,0.0572,tile_30.8740_29.2470,moisture_differential
30.913155999999997,29.288353999999998,2.549737e+00,0.0762,tile_30.8740_29.2470,moisture_differential
30.916276,29.288353999999998,2.489171e+00,0.0614,tile_30.8740_29.2470,moisture_differential
30.91638,29.288353999999998,2.955884e+00,0.1753,tile_30.8740_29.2470,moisture_differential
30.916587999999997,29.288353999999998,2.340611e+00,0.0252,tile_30.8740_29.2470,moisture_differential
30.922307999999997,29.288353999999998,2.307649e+00,0.0172,tile_30.8740_29.2470,moisture_differential
30.922411999999998,29.288353999999998,2.686830e+00,0.1097,tile_30.8740_29.2470,moisture_differential
30.922515999999998,29.288353999999998,2.699608e+00,0.1128,tile_30.8740_29.2470,moisture_differential
30.92262,29.288353999999998,2.372415e+00,0.0330,tile_30.8740_29.2470,moisture_differential
30.923243999999997,29.288353999999998,2.273045e+00,0.0087,tile_30.8740_29.2470,moisture_differential
30.925531999999997,29.288353999999998,2.529470e+00,0.0713,tile_30.8740_29.2470,moisture_differential
30.925635999999997,29.288353999999998,2.742336e+00,0.1232,tile_30.8740_29.2470,moisture_differential
30.925739999999998,29.288353999999998,3.544493e+00,0.3189,tile_30.8740_29.2470,moisture_differential
30.925843999999998,29.288353999999998,3.740442e+00,0.3667,tile_30.8740_29.2470,moisture_differential
30.925947999999998,29.288353999999998,3.119472e+00,0.2152,tile_30.8740_29.2470,moisture_differential
30.882164,29.288262,2.307051e+00,0.0170,tile_30.8740_29.2470,moisture_differential
30.883723999999997,29.288262,2.648311e+00,0.1003,tile_30.8740_29.2470,moisture_differential
30.883827999999998,29.288262,3.310871e+00,0.2619,tile_30.8740_29.2470,moisture_differential
30.883931999999998,29.288262,2.487790e+00,0.0611,tile_30.8740_29.2470,moisture_differential
30.884036,29.288262,2.652137e+00,0.1012,tile_30.8740_29.2470,moisture_differential
30.88414,29.288262,2.847483e+00,0.1488,tile_30.8740_29.2470,moisture_differential
30.893188,29.288262,2.286315e+00,0.0119,tile_30.8740_29.2470,moisture_differential
30.906395999999997,29.288262,2.304156e+00,0.0163,tile_30.8740_29.2470,moisture_differential
30.908476,29.288262,2.580724e+00,0.0838,tile_30.8740_29.2470,moisture_differential
30.908579999999997,29.288262,2.332900e+00,0.0233,tile_30.8740_29.2470,moisture_differential
30.912636,29.288262,2.375462e+00,0.0337,tile_30.8740_29.2470,moisture_differential
30.914611999999998,29.288262,2.320375e+00,0.0203,tile_30.8740_29.2470,moisture_differential
30.914716,29.288262,2.300422e+00,0.0154,tile_30.8740_29.2470,moisture_differential
30.914924,29.288262,2.495641e+00,0.0630,tile_30.8740_29.2470,moisture_differential
30.915443999999997,29.288262,2.287205e+00,0.0122,tile_30.8740_29.2470,moisture_differential
30.915547999999998,29.288262,2.645211e+00,0.0995,tile_30.8740_29.2470,moisture_differential
30.91638,29.288262,2.555371e+00,0.0776,tile_30.8740_29.2470,moisture_differential
30.918875999999997,29.288262,2.442350e+00,0.0500,tile_30.8740_29.2470,moisture_differential
30.922307999999997,29.288262,2.329772e+00,0.0225,tile_30.8740_29.2470,moisture_differential
30.923659999999998,29.288262,2.662009e+00,0.1036,tile_30.8740_29.2470,moisture_differential
30.925531999999997,29.288262,2.451773e+00,0.0523,tile_30.8740_29.2470,moisture_differential
30.925635999999997,29.288262,2.455445e+00,0.0532,tile_30.8740_29.2470,moisture_differential
30.925739999999998,29.288262,3.338735e+00,0.2687,tile_30.8740_29.2470,moisture_differential
30.925843999999998,29.288262,2.905766e+00,0.1631,tile_30.8740_29.2470,moisture_differential
30.925947999999998,29.288262,2.404463e+00,0.0408,tile_30.8740_29.2470,moisture_differential
30.883723999999997,29.28817,2.716540e+00,0.1169,tile_30.8740_29.2470,moisture_differential
30.883827999999998,29.28817,2.849392e+00,0.1493,tile_30.8740_29.2470,moisture_differential
30.884036,29.28817,2.355215e+00,0.0288,tile_30.8740_29.2470,moisture_differential
30.88414,29.28817,2.325331e+00,0.0215,tile_30.8740_29.2470,moisture_differential
30.884867999999997,29.28817,3.111835e+00,0.2133,tile_30.8740_29.2470,moisture_differential
30.884971999999998,29.28817,2.693748e+00,0.1113,tile_30.8740_29.2470,moisture_differential
30.885075999999998,29.28817,2.366505e+00,0.0315,tile_30.8740_29.2470,moisture_differential
30.885284,29.28817,2.670442e+00,0.1057,tile_30.8740_29.2470,moisture_differential
30.885388,29.28817,3.223684e+00,0.2406,tile_30.8740_29.2470,moisture_differential
30.885492,29.28817,3.174666e+00,0.2287,tile_30.8740_29.2470,moisture_differential
30.906916,29.28817,2.351638e+00,0.0279,tile_30.8740_29.2470,moisture_differential
30.907539999999997,29.28817,2.321857e+00,0.0206,tile_30.8740_29.2470,moisture_differential
30.907643999999998,29.28817,2.263949e+00,0.0065,tile_30.8740_29.2470,moisture_differential
30.908476,29.28817,2.399565e+00,0.0396,tile_30.8740_29.2470,moisture_differential
30.911075999999998,29.28817,2.292914e+00,0.0136,tile_30.8740_29.2470,moisture_differential
30.911804,29.28817,2.308270e+00,0.0173,tile_30.8740_29.2470,moisture_differential
30.911907999999997,29.28817,2.356798e+00,0.0291,tile_30.8740_29.2470,moisture_differential
30.912011999999997,29.28817,2.272012e+00,0.0085,tile_30.8740_29.2470,moisture_differential
30.914195999999997,29.28817,2.315379e+00,0.0190,tile_30.8740_29.2470,moisture_differential
30.914924,29.28817,2.915412e+00,0.1654,tile_30.8740_29.2470,moisture_differential
30.915028,29.28817,2.477068e+00,0.0585,tile_30.8740_29.2470,moisture_differential
30.922099999999997,29.28817,2.579590e+00,0.0835,tile_30.8740_29.2470,moisture_differential
30.922203999999997,29.28817,2.756890e+00,0.1267,tile_30.8740_29.2470,moisture_differential
30.923451999999997,29.28817,2.250357e+00,0.0032,tile_30.8740_29.2470,moisture_differential
30.923555999999998,29.28817,2.934018e+00,0.1700,tile_30.8740_29.2470,moisture_differential
30.923659999999998,29.28817,3.082157e+00,0.2061,tile_30.8740_29.2470,moisture_differential
30.923764,29.28817,2.727772e+00,0.1196,tile_30.8740_29.2470,moisture_differential
30.925324,29.28817,3.552780e+00,0.3209,tile_30.8740_29.2470,moisture_differential
30.925428,29.28817,2.748696e+00,0.1247,tile_30.8740_29.2470,moisture_differential
30.925739999999998,29.28817,2.641929e+00,0.0987,tile_30.8740_29.2470,moisture_differential
30.925843999999998,29.28817,3.288644e+00,0.2565,tile_30.8740_29.2470,moisture_differential
30.925947999999998,29.28817,3.193560e+00,0.2333,tile_30.8740_29.2470,moisture_differential
30.882476,29.288078,2.277533e+00,0.0098,tile_30.8740_29.2470,moisture_differential
30.884867999999997,29.288078,2.624414e+00,0.0944,tile_30.8740_29.2470,moisture_differential
30.884971999999998,29.288078,2.525816e+00,0.0704,tile_30.8740_29.2470,moisture_differential
30.885075999999998,29.288078,2.289497e+00,0.0127,tile_30.8740_29.2470,moisture_differential
30.885284,29.288078,3.055216e+00,0.1995,tile_30.8740_29.2470,moisture_differential
30.885388,29.288078,3.703870e+00,0.3578,tile_30.8740_29.2470,moisture_differential
30.885492,29.288078,4.148639e+00,0.4663,tile_30.8740_29.2470,moisture_differential
30.885596,29.288078,3.292464e+00,0.2574,tile_30.8740_29.2470,moisture_differential
30.886011999999997,29.288078,2.306824e+00,0.0170,tile_30.8740_29.2470,moisture_differential
30.894955999999997,29.288078,2.511799e+00,0.0670,tile_30.8740_29.2470,moisture_differential
30.906188,29.288078,2.746164e+00,0.1241,tile_30.8740_29.2470,moisture_differential
30.910035999999998,29.288078,2.298512e+00,0.0149,tile_30.8740_29.2470,moisture_differential
30.910971999999997,29.288078,2.497986e+00,0.0636,tile_30.8740_29.2470,moisture_differential
30.911075999999998,29.288078,2.520080e+00,0.0690,tile_30.8740_29.2470,moisture_differential
30.911179999999998,29.288078,2.382512e+00,0.0354,tile_30.8740_29.2470,moisture_differential
30.911284,29.288078,2.401831e+00,0.0401,tile_30.8740_29.2470,moisture_differential
30.9117,29.288078,2.487342e+00,0.0610,tile_30.8740_29.2470,moisture_differential
30.911804,29.288078,2.644141e+00,0.0992,tile_30.8740_29.2470,moisture_differential
30.911907999999997,29.288078,2.750207e+00,0.1251,tile_30.8740_29.2470,moisture_differential
30.913363999999998,29.288078,2.415552e+00,0.0435,tile_30.8740_29.2470,moisture_differential
30.913884,29.288078,2.471088e+00,0.0570,tile_30.8740_29.2470,moisture_differential
30.914507999999998,29.288078,2.381849e+00,0.0353,tile_30.8740_29.2470,moisture_differential
30.914611999999998,29.288078,2.390218e+00,0.0373,tile_30.8740_29.2470,moisture_differential
30.916276,29.288078,2.570117e+00,0.0812,tile_30.8740_29.2470,moisture_differential
30.916795999999998,29.288078,2.465011e+00,0.0555,tile_30.8740_29.2470,moisture_differential
30.9169,29.288078,2.388753e+00,0.0369,tile_30.8740_29.2470,moisture_differential
30.917108,29.288078,2.607379e+00,0.0903,tile_30.8740_29.2470,moisture_differential
30.922099999999997,29.288078,2.448413e+00,0.0515,tile_30.8740_29.2470,moisture_differential
30.922203999999997,29.288078,2.366152e+00,0.0314,tile_30.8740_29.2470,moisture_differential
30.922932,29.288078,2.301000e+00,0.0155,tile_30.8740_29.2470,moisture_differential
30.923659999999998,29.288078,2.736734e+00,0.1218,tile_30.8740_29.2470,moisture_differential
30.923764,29.288078,2.855911e+00,0.1509,tile_30.8740_29.2470,moisture_differential
30.92418,29.288078,2.510324e+00,0.0666,tile_30.8740_29.2470,moisture_differential
30.925324,29.288078,2.699015e+00,0.1126,tile_30.8740_29.2470,moisture_differential
30.925428,29.288078,3.104785e+00,0.2116,tile_30.8740_29.2470,moisture_differential
30.925531999999997,29.288078,2.608330e+00,0.0905,tile_30.8740_29.2470,moisture_differential
30.925843999999998,29.288078,3.065002e+00,0.2019,tile_30.8740_29.2470,moisture_differential
30.925947999999998,29.288078,3.995747e+00,0.4290,tile_30.8740_29.2470,moisture_differential
30.882476,29.287986,2.270175e+00,0.0080,tile_30.8740_29.2470,moisture_differential
30.885284,29.287986,2.688192e+00,0.1100,tile_30.8740_29.2470,moisture_differential
30.885388,29.287986,3.601429e+00,0.3328,tile_30.8740_29.2470,moisture_differential
30.885492,29.287986,3.696775e+00,0.3560,tile_30.8740_29.2470,moisture_differential
30.885596,29.287986,2.972964e+00,0.1795,tile_30.8740_29.2470,moisture_differential
30.895059999999997,29.287986,2.315782e+00,0.0191,tile_30.8740_29.2470,moisture_differential
30.906084,29.287986,2.556595e+00,0.0779,tile_30.8740_29.2470,moisture_differential
30.906188,29.287986,2.675271e+00,0.1068,tile_30.8740_29.2470,moisture_differential
30.90702,29.287986,2.289169e+00,0.0126,tile_30.8740_29.2470,moisture_differential
30.907956,29.287986,2.407089e+00,0.0414,tile_30.8740_29.2470,moisture_differential
30.908164,29.287986,2.653155e+00,0.1014,tile_30.8740_29.2470,moisture_differential
30.908268,29.287986,2.335840e+00,0.0240,tile_30.8740_29.2470,moisture_differential
30.908579999999997,29.287986,2.335577e+00,0.0240,tile_30.8740_29.2470,moisture_differential
30.909931999999998,29.287986,2.312682e+00,0.0184,tile_30.8740_29.2470,moisture_differential
30.910867999999997,29.287986,2.679112e+00,0.1078,tile_30.8740_29.2470,moisture_differential
30.910971999999997,29.287986,2.394786e+00,0.0384,tile_30.8740_29.2470,moisture_differential
30.911075999999998,29.287986,2.321833e+00,0.0206,tile_30.8740_29.2470,moisture_differential
30.911179999999998,29.287986,2.294248e+00,0.0139,tile_30.8740_29.2470,moisture_differential
30.911284,29.287986,2.625236e+00,0.0946,tile_30.8740_29.2470,moisture_differential
30.911596,29.287986,2.606794e+00,0.0901,tile_30.8740_29.2470,moisture_differential
30.9117,29.287986,2.506010e+00,0.0655,tile_30.8740_29.2470,moisture_differential
30.911804,29.287986,2.773649e+00,0.1308,tile_30.8740_29.2470,moisture_differential
30.911907999999997,29.287986,2.869910e+00,0.1543,tile_30.8740_29.2470,moisture_differential
30.914611999999998,29.287986,2.506618e+00,0.0657,tile_30.8740_29.2470,moisture_differential
30.91586,29.287986,2.244874e+00,0.0018,tile_30.8740_29.2470,moisture_differential
30.922411999999998,29.287986,2.341324e+00,0.0254,tile_30.8740_29.2470,moisture_differential
30.924076,29.287986,2.360429e+00,0.0300,tile_30.8740_29.2470,moisture_differential
30.925428,29.287986,2.795383e+00,0.1361,tile_30.8740_29.2470,moisture_differential
30.925531999999997,29.287986,3.204939e+00,0.2360,tile_30.8740_29.2470,moisture_differential
30.925843999999998,29.287986,2.465234e+00,0.0556,tile_30.8740_29.2470,moisture_differential
30.925947999999998,29.287986,2.856574e+00,0.1511,tile_30.8740_29.2470,moisture_differential
30.874571999999997,29.287893999999998,2.254397e+00,0.0042,tile_30.8740_29.2470,moisture_differential
30.882164,29.287893999999998,2.248521e+00,0.0027,tile_30.8740_29.2470,moisture_differential
30.882579999999997,29.287893999999998,2.278678e+00,0.0101,tile_30.8740_29.2470,moisture_differential
30.88518,29.287893999999998,2.276685e+00,0.0096,tile_30.8740_29.2470,moisture_differential
30.885388,29.287893999999998,2.712141e+00,0.1158,tile_30.8740_29.2470,moisture_differential
30.885492,29.287893999999998,2.464178e+00,0.0553,tile_30.8740_29.2470,moisture_differential
30.891627999999997,29.287893999999998,2.261403e+00,0.0059,tile_30.8740_29.2470,moisture_differential
30.898908,29.287893999999998,2.289140e+00,0.0126,tile_30.8740_29.2470,moisture_differential
30.907228,29.287893999999998,2.241952e+00,0.0011,tile_30.8740_29.2470,moisture_differential
30.907956,29.287893999999998,2.576577e+00,0.0828,tile_30.8740_29.2470,moisture_differential
30.90806,29.287893999999998,2.569698e+00,0.0811,tile_30.8740_29.2470,moisture_differential
30.908268,29.287893999999998,2.961896e+00,0.1768,tile_30.8740_29.2470,moisture_differential
30.910867999999997,29.287893999999998,2.461764e+00,0.0547,tile_30.8740_29.2470,moisture_differential
30.910971999999997,29.287893999999998,2.465520e+00,0.0557,tile_30.8740_29.2470,moisture_differential
30.911075999999998,29.287893999999998,2.299473e+00,0.0152,tile_30.8740_29.2470,moisture_differential
30.911596,29.287893999999998,2.419198e+00,0.0444,tile_30.8740_29.2470,moisture_differential
30.9117,29.287893999999998,2.784959e+00,0.1336,tile_30.8740_29.2470,moisture_differential
30.911804,29.287893999999998,2.534497e+00,0.0725,tile_30.8740_29.2470,moisture_differential
30.912219999999998,29.287893999999998,2.242149e+00,0.0012,tile_30.8740_29.2470,moisture_differential
30.91378,29.287893999999998,2.474132e+00,0.0578,tile_30.8740_29.2470,moisture_differential
30.920123999999998,29.287893999999998,2.418993e+00,0.0443,tile_30.8740_29.2470,moisture_differential
30.925531999999997,29.287893999999998,2.437370e+00,0.0488,tile_30.8740_29.2470,moisture_differential
30.925843999999998,29.287893999999998,2.700641e+00,0.1130,tile_30.8740_29.2470,moisture_differential
30.925947999999998,29.287893999999998,2.296365e+00,0.0144,tile_30.8740_29.2470,moisture_differential
30.882164,29.287802,2.260971e+00,0.0058,tile_30.8740_29.2470,moisture_differential
30.897764,29.287802,2.261239e+00,0.0058,tile_30.8740_29.2470,moisture_differential
30.905876,29.287802,2.332372e+00,0.0232,tile_30.8740_29.2470,moisture_differential
30.906188,29.287802,2.244370e+00,0.0017,tile_30.8740_29.2470,moisture_differential
30.906708,29.287802,2.452955e+00,0.0526,tile_30.8740_29.2470,moisture_differential
30.906812,29.287802,2.404569e+00,0.0408,tile_30.8740_29.2470,moisture_differential
30.907747999999998,29.287802,2.294676e+00,0.0140,tile_30.8740_29.2470,moisture_differential
30.908268,29.287802,2.677002e+00,0.1073,tile_30.8740_29.2470,moisture_differential
30.910971999999997,29.287802,2.325506e+00,0.0215,tile_30.8740_29.2470,moisture_differential
30.912011999999997,29.287802,2.530941e+00,0.0716,tile_30.8740_29.2470,moisture_differential
30.913572,29.287802,2.339631e+00,0.0250,tile_30.8740_29.2470,moisture_differential
30.92262,29.287802,2.304701e+00,0.0164,tile_30.8740_29.2470,moisture_differential
30.924076,29.287802,2.448935e+00,0.0516,tile_30.8740_29.2470,moisture_differential
30.925012,29.287802,2.252273e+00,0.0036,tile_30.8740_29.2470,moisture_differential
30.92522,29.287802,2.321410e+00,0.0205,tile_30.8740_29.2470,moisture_differential
30.881747999999998,29.28771,2.459917e+00,0.0543,tile_30.8740_29.2470,moisture_differential
30.881956,29.28771,2.310138e+00,0.0178,tile_30.8740_29.2470,moisture_differential
30.882787999999998,29.28771,2.248850e+00,0.0028,tile_30.8740_29.2470,moisture_differential
30.883516,29.28771,2.442074e+00,0.0499,tile_30.8740_29.2470,moisture_differential
30.883619999999997,29.28771,2.296332e+00,0.0144,tile_30.8740_29.2470,moisture_differential
30.884556,29.28771,2.290981e+00,0.0131,tile_30.8740_29.2470,moisture_differential
30.88466,29.28771,3.255312e+00,0.2483,tile_30.8740_29.2470,moisture_differential
30.885492,29.28771,2.912600e+00,0.1647,tile_30.8740_29.2470,moisture_differential
30.885596,29.28771,2.952916e+00,0.1746,tile_30.8740_29.2470,moisture_differential
30.8857,29.28771,2.592955e+00,0.0868,tile_30.8740_29.2470,moisture_differential
30.89246,29.28771,2.297832e+00,0.0148,tile_30.8740_29.2470,moisture_differential
30.89766,29.28771,2.422190e+00,0.0451,tile_30.8740_29.2470,moisture_differential
30.897764,29.28771,2.454261e+00,0.0529,tile_30.8740_29.2470,moisture_differential
30.897868,29.28771,2.400905e+00,0.0399,tile_30.8740_29.2470,moisture_differential
30.905668,29.28771,2.328789e+00,0.0223,tile_30.8740_29.2470,moisture_differential
30.905772,29.28771,2.296532e+00,0.0144,tile_30.8740_29.2470,moisture_differential
30.906708,29.28771,2.555412e+00,0.0776,tile_30.8740_29.2470,moisture_differential
30.906812,29.28771,2.590851e+00,0.0862,tile_30.8740_29.2470,moisture_differential
30.90702,29.28771,2.251385e+00,0.0034,tile_30.8740_29.2470,moisture_differential
30.908164,29.28771,2.244111e+00,0.0017,tile_30.8740_29.2470,moisture_differential
30.908268,29.28771,2.293923e+00,0.0138,tile_30.8740_29.2470,moisture_differential
30.910348,29.28771,2.370956e+00,0.0326,tile_30.8740_29.2470,moisture_differential
30.912011999999997,29.28771,2.613489e+00,0.0918,tile_30.8740_29.2470,moisture_differential
30.912115999999997,29.28771,2.373503e+00,0.0332,tile_30.8740_29.2470,moisture_differential
30.913572,29.28771,2.405945e+00,0.0411,tile_30.8740_29.2470,moisture_differential
30.913884,29.28771,2.507932e+00,0.0660,tile_30.8740_29.2470,moisture_differential
30.913988,29.28771,2.473710e+00,0.0577,tile_30.8740_29.2470,moisture_differential
30.914092,29.28771,2.796517e+00,0.1364,tile_30.8740_29.2470,moisture_differential
30.914195999999997,29.28771,2.705224e+00,0.1141,tile_30.8740_29.2470,moisture_differential
30.915028,29.28771,2.237562e+00,0.0001,tile_30.8740_29.2470,moisture_differential
30.9169,29.28771,2.456383e+00,0.0534,tile_30.8740_29.2470,moisture_differential
30.92262,29.28771,2.351212e+00,0.0278,tile_30.8740_29.2470,moisture_differential
30.923451999999997,29.28771,2.390667e+00,0.0374,tile_30.8740_29.2470,moisture_differential
30.923764,29.28771,2.281373e+00,0.0107,tile_30.8740_29.2470,moisture_differential
30.881643999999998,29.287618,2.309618e+00,0.0176,tile_30.8740_29.2470,moisture_differential
30.881747999999998,29.287618,2.375582e+00,0.0337,tile_30.8740_29.2470,moisture_differential
30.881956,29.287618,3.117599e+00,0.2147,tile_30.8740_29.2470,moisture_differential
30.88206,29.287618,3.326325e+00,0.2657,tile_30.8740_29.2470,moisture_differential
30.882164,29.287618,2.580653e+00,0.0838,tile_30.8740_29.2470,moisture_differential
30.88414,29.287618,2.574855e+00,0.0823,tile_30.8740_29.2470,moisture_differential
30.884244,29.287618,2.280973e+00,0.0106,tile_30.8740_29.2470,moisture_differential
30.884348,29.287618,2.575948e+00,0.0826,tile_30.8740_29.2470,moisture_differential
30.884452,29.287618,2.335828e+00,0.0240,tile_30.8740_29.2470,moisture_differential
30.884556,29.287618,2.931260e+00,0.1693,tile_30.8740_29.2470,moisture_differential
30.88466,29.287618,3.690727e+00,0.3545,tile_30.8740_29.2470,moisture_differential
30.885596,29.287618,3.411867e+00,0.2865,tile_30.8740_29.2470,moisture_differential
30.8857,29.287618,3.512258e+00,0.3110,tile_30.8740_29.2470,moisture_differential
30.885804,29.287618,2.276250e+00,0.0095,tile_30.8740_29.2470,moisture_differential
30.897764,29.287618,2.281373e+00,0.0107,tile_30.8740_29.2470,moisture_differential
30.897972,29.287618,2.508495e+00,0.0661,tile_30.8740_29.2470,moisture_differential
30.910556,29.287618,2.444778e+00,0.0506,tile_30.8740_29.2470,moisture_differential
30.910763999999997,29.287618,2.325402e+00,0.0215,tile_30.8740_29.2470,moisture_differential
30.911596,29.287618,2.587259e+00,0.0854,tile_30.8740_29.2470,moisture_differential
30.9117,29.287618,2.328673e+00,0.0223,tile_30.8740_29.2470,moisture_differential
30.911907999999997,29.287618,2.402418e+00,0.0403,tile_30.8740_29.2470,moisture_differential
30.912844,29.287618,2.394560e+00,0.0384,tile_30.8740_29.2470,moisture_differential
30.912948,29.287618,2.336634e+00,0.0242,tile_30.8740_29.2470,moisture_differential
30.913363999999998,29.287618,2.880957e+00,0.1570,tile_30.8740_29.2470,moisture_differential
30.913676,29.287618,3.055693e+00,0.1996,tile_30.8740_29.2470,moisture_differential
30.914195999999997,29.287618,2.772717e+00,0.1306,tile_30.8740_29.2470,moisture_differential
30.914299999999997,29.287618,2.277673e+00,0.0098,tile_30.8740_29.2470,moisture_differential
30.916172,29.287618,2.287071e+00,0.0121,tile_30.8740_29.2470,moisture_differential
30.923347999999997,29.287618,2.784013e+00,0.1334,tile_30.8740_29.2470,moisture_differential
30.881643999999998,29.287526,2.459205e+00,0.0541,tile_30.8740_29.2470,moisture_differential
30.881747999999998,29.287526,2.334311e+00,0.0237,tile_30.8740_29.2470,moisture_differential
30.881956,29.287526,2.960724e+00,0.1765,tile_30.8740_29.2470,moisture_differential
30.88206,29.287526,3.293427e+00,0.2576,tile_30.8740_29.2470,moisture_differential
30.882164,29.287526,2.911607e+00,0.1645,tile_30.8740_29.2470,moisture_differential
30.882787999999998,29.287526,2.427328e+00,0.0463,tile_30.8740_29.2470,moisture_differential
30.883204,29.287526,3.459386e+00,0.2981,tile_30.8740_29.2470,moisture_differential
30.883308,29.287526,3.726880e+00,0.3634,tile_30.8740_29.2470,moisture_differential
30.88414,29.287526,2.307037e+00,0.0170,tile_30.8740_29.2470,moisture_differential
30.88466,29.287526,2.362556e+00,0.0305,tile_30.8740_29.2470,moisture_differential
30.885075999999998,29.287526,2.335804e+00,0.0240,tile_30.8740_29.2470,moisture_differential
30.88518,29.287526,2.454267e+00,0.0529,tile_30.8740_29.2470,moisture_differential
30.889756,29.287526,2.297525e+00,0.0147,tile_30.8740_29.2470,moisture_differential
30.89922,29.287526,2.371946e+00,0.0328,tile_30.8740_29.2470,moisture_differential
30.901923999999998,29.287526,2.381888e+00,0.0353,tile_30.8740_29.2470,moisture_differential
30.90598,29.287526,2.298743e+00,0.0150,tile_30.8740_29.2470,moisture_differential
30.907332,29.287526,2.265841e+00,0.0070,tile_30.8740_29.2470,moisture_differential
30.907539999999997,29.287526,2.318017e+00,0.0197,tile_30.8740_29.2470,moisture_differential
30.911492,29.287526,2.351318e+00,0.0278,tile_30.8740_29.2470,moisture_differential
30.9117,29.287526,2.695797e+00,0.1118,tile_30.8740_29.2470,moisture_differential
30.912636,29.287526,2.382245e+00,0.0353,tile_30.8740_29.2470,moisture_differential
30.912948,29.287526,2.561022e+00,0.0790,tile_30.8740_29.2470,moisture_differential
30.913051999999997,29.287526,2.544495e+00,0.0749,tile_30.8740_29.2470,moisture_differential
30.913155999999997,29.287526,2.452763e+00,0.0526,tile_30.8740_29.2470,moisture_differential
30.913259999999998,29.287526,3.067325e+00,0.2025,tile_30.8740_29.2470,moisture_differential
30.913363999999998,29.287526,3.029446e+00,0.1932,tile_30.8740_29.2470,moisture_differential
30.913676,29.287526,2.270368e+00,0.0081,tile_30.8740_29.2470,moisture_differential
30.91378,29.287526,2.739428e+00,0.1225,tile_30.8740_29.2470,moisture_differential
30.913884,29.287526,2.504334e+00,0.0651,tile_30.8740_29.2470,moisture_differential
30.914195999999997,29.287526,2.252766e+00,0.0038,tile_30.8740_29.2470,moisture_differential
30.91586,29.287526,2.276258e+00,0.0095,tile_30.8740_29.2470,moisture_differential
30.916068,29.287526,2.275767e+00,0.0094,tile_30.8740_29.2470,moisture_differential
30.916172,29.287526,2.517216e+00,0.0683,tile_30.8740_29.2470,moisture_differential
30.92314,29.287526,2.408900e+00,0.0419,tile_30.8740_29.2470,moisture_differential
30.881747999999998,29.287434,2.582034e+00,0.0841,tile_30.8740_29.2470,moisture_differential
30.881852,29.287434,3.250590e+00,0.2472,tile_30.8740_29.2470,moisture_differential
30.881956,29.287434,3.443865e+00,0.2943,tile_30.8740_29.2470,moisture_differential
30.88206,29.287434,3.229101e+00,0.2419,tile_30.8740_29.2470,moisture_differential
30.882164,29.287434,3.156129e+00,0.2241,tile_30.8740_29.2470,moisture_differential
30.882268,29.287434,2.678670e+00,0.1077,tile_30.8740_29.2470,moisture_differential
30.882372,29.287434,2.651859e+00,0.1011,tile_30.8740_29.2470,moisture_differential
30.882476,29.287434,2.486765e+00,0.0608,tile_30.8740_29.2470,moisture_differential
30.882892,29.287434,2.434690e+00,0.0481,tile_30.8740_29.2470,moisture_differential
30.882996,29.287434,2.436098e+00,0.0485,tile_30.8740_29.2470,moisture_differential
30.883204,29.287434,2.255424e+00,0.0044,tile_30.8740_29.2470,moisture_differential
30.883308,29.287434,2.690050e+00,0.1104,tile_30.8740_29.2470,moisture_differential
30.883412,29.287434,2.488085e+00,0.0612,tile_30.8740_29.2470,moisture_differential
30.883619999999997,29.287434,2.383299e+00,0.0356,tile_30.8740_29.2470,moisture_differential
30.884244,29.287434,2.383199e+00,0.0356,tile_30.8740_29.2470,moisture_differential
30.884348,29.287434,2.328671e+00,0.0223,tile_30.8740_29.2470,moisture_differential
30.885075999999998,29.287434,2.280456e+00,0.0105,tile_30.8740_29.2470,moisture_differential
30.885492,29.287434,2.484291e+00,0.0602,tile_30.8740_29.2470,moisture_differential
30.885596,29.287434,2.666358e+00,0.1047,tile_30.8740_29.2470,moisture_differential
30.8857,29.287434,2.273070e+00,0.0087,tile_30.8740_29.2470,moisture_differential
30.902444,29.287434,2.376473e+00,0.0339,tile_30.8740_29.2470,moisture_differential
30.906603999999998,29.287434,2.288640e+00,0.0125,tile_30.8740_29.2470,moisture_differential
30.906708,29.287434,2.272203e+00,0.0085,tile_30.8740_29.2470,moisture_differential
30.907435999999997,29.287434,2.251624e+00,0.0035,tile_30.8740_29.2470,moisture_differential
30.907539999999997,29.287434,2.454137e+00,0.0529,tile_30.8740_29.2470,moisture_differential
30.911492,29.287434,2.627366e+00,0.0951,tile_30.8740_29.2470,moisture_differential
30.91274,29.287434,2.364568e+00,0.0310,tile_30.8740_29.2470,moisture_differential
30.913051999999997,29.287434,2.505149e+00,0.0653,tile_30.8740_29.2470,moisture_differential
30.913259999999998,29.287434,3.604532e+00,0.3335,tile_30.8740_29.2470,moisture_differential
30.913363999999998,29.287434,3.000789e+00,0.1862,tile_30.8740_29.2470,moisture_differential
30.913467999999998,29.287434,2.299293e+00,0.0151,tile_30.8740_29.2470,moisture_differential
30.91378,29.287434,2.374943e+00,0.0336,tile_30.8740_29.2470,moisture_differential
30.915339999999997,29.287434,2.620073e+00,0.0934,tile_30.8740_29.2470,moisture_differential
30.922828,29.287434,2.505284e+00,0.0654,tile_30.8740_29.2470,moisture_differential
30.881539999999998,29.287342,3.224501e+00,0.2408,tile_30.8740_29.2470,moisture_differential
30.881643999999998,29.287342,2.339908e+00,0.0250,tile_30.8740_29.2470,moisture_differential
30.881747999999998,29.287342,3.149833e+00,0.2226,tile_30.8740_29.2470,moisture_differential
30.881852,29.287342,3.897617e+00,0.4050,tile_30.8740_29.2470,moisture_differential
30.881956,29.287342,3.263708e+00,0.2504,tile_30.8740_29.2470,moisture_differential
30.88206,29.287342,3.463677e+00,0.2992,tile_30.8740_29.2470,moisture_differential
30.882164,29.287342,2.649751e+00,0.1006,tile_30.8740_29.2470,moisture_differential
30.882268,29.287342,3.026919e+00,0.1926,tile_30.8740_29.2470,moisture_differential
30.882372,29.287342,3.480438e+00,0.3032,tile_30.8740_29.2470,moisture_differential
30.882476,29.287342,3.167957e+00,0.2270,tile_30.8740_29.2470,moisture_differential
30.882579999999997,29.287342,2.352530e+00,0.0281,tile_30.8740_29.2470,moisture_differential
30.884971999999998,29.287342,2.605699e+00,0.0899,tile_30.8740_29.2470,moisture_differential
30.885075999999998,29.287342,2.512151e+00,0.0670,tile_30.8740_29.2470,moisture_differential
30.885596,29.287342,2.666519e+00,0.1047,tile_30.8740_29.2470,moisture_differential
30.8857,29.287342,2.427593e+00,0.0464,tile_30.8740_29.2470,moisture_differential
30.906708,29.287342,2.571971e+00,0.0816,tile_30.8740_29.2470,moisture_differential
30.907539999999997,29.287342,2.472232e+00,0.0573,tile_30.8740_29.2470,moisture_differential
30.911596,29.287342,2.296102e+00,0.0143,tile_30.8740_29.2470,moisture_differential
30.912948,29.287342,2.348357e+00,0.0271,tile_30.8740_29.2470,moisture_differential
30.913051999999997,29.287342,2.309522e+00,0.0176,tile_30.8740_29.2470,moisture_differential
30.913259999999998,29.287342,2.887803e+00,0.1587,tile_30.8740_29.2470,moisture_differential
30.913363999999998,29.287342,3.265427e+00,0.2508,tile_30.8740_29.2470,moisture_differential
30.913467999999998,29.287342,3.116118e+00,0.2144,tile_30.8740_29.2470,moisture_differential
30.913572,29.287342,2.731132e+00,0.1205,tile_30.8740_29.2470,moisture_differential
30.914507999999998,29.287342,2.339793e+00,0.0250,tile_30.8740_29.2470,moisture_differential
30.914611999999998,29.287342,2.986344e+00,0.1827,tile_30.8740_29.2470,moisture_differential
30.914716,29.287342,3.574881e+00,0.3263,tile_30.8740_29.2470,moisture_differential
30.91482,29.287342,2.517207e+00,0.0683,tile_30.8740_29.2470,moisture_differential
30.881435999999997,29.28725,2.452667e+00,0.0525,tile_30.8740_29.2470,moisture_differential
30.881539999999998,29.28725,2.684743e+00,0.1091,tile_30.8740_29.2470,moisture_differential
30.881643999999998,29.28725,2.484116e+00,0.0602,tile_30.8740_29.2470,moisture_differential
30.881852,29.28725,3.562730e+00,0.3233,tile_30.8740_29.2470,moisture_differential
30.881956,29.28725,3.698053e+00,0.3563,tile_30.8740_29.2470,moisture_differential
30.88206,29.28725,3.514324e+00,0.3115,tile_30.8740_29.2470,moisture_differential
30.882164,29.28725,3.141495e+00,0.2206,tile_30.8740_29.2470,moisture_differential
30.882268,29.28725,3.131033e+00,0.2180,tile_30.8740_29.2470,moisture_differential
30.882372,29.28725,3.209876e+00,0.2372,tile_30.8740_29.2470,moisture_differential
30.882476,29.28725,3.442757e+00,0.2941,tile_30.8740_29.2470,moisture_differential
30.882579999999997,29.28725,3.007740e+00,0.1879,tile_30.8740_29.2470,moisture_differential
30.882683999999998,29.28725,3.541695e+00,0.3182,tile_30.8740_29.2470,moisture_differential
30.884971999999998,29.28725,2.594492e+00,0.0871,tile_30.8740_29.2470,moisture_differential
30.885075999999998,29.28725,2.737188e+00,0.1219,tile_30.8740_29.2470,moisture_differential
30.885596,29.28725,2.299299e+00,0.0151,tile_30.8740_29.2470,moisture_differential
30.8857,29.28725,2.382769e+00,0.0355,tile_30.8740_29.2470,moisture_differential
30.904107999999997,29.28725,2.293376e+00,0.0137,tile_30.8740_29.2470,moisture_differential
30.904315999999998,29.28725,2.632346e+00,0.0964,tile_30.8740_29.2470,moisture_differential
30.90598,29.28725,2.272618e+00,0.0086,tile_30.8740_29.2470,moisture_differential
30.906708,29.28725,2.325636e+00,0.0215,tile_30.8740_29.2470,moisture_differential
30.907332,29.28725,2.590589e+00,0.0862,tile_30.8740_29.2470,moisture_differential
30.910348,29.28725,2.573234e+00,0.0819,tile_30.8740_29.2470,moisture_differential
30.913259999999998,29.28725,2.576971e+00,0.0829,tile_30.8740_29.2470,moisture_differential
30.913363999999998,29.28725,2.955929e+00,0.1753,tile_30.8740_29.2470,moisture_differential
30.913467999999998,29.28725,2.863574e+00,0.1528,tile_30.8740_29.2470,moisture_differential
30.913572,29.28725,2.959970e+00,0.1763,tile_30.8740_29.2470,moisture_differential
30.914403999999998,29.28725,2.447490e+00,0.0513,tile_30.8740_29.2470,moisture_differential
30.914507999999998,29.28725,3.535390e+00,0.3167,tile_30.8740_29.2470,moisture_differential
30.914611999999998,29.28725,3.962686e+00,0.4209,tile_30.8740_29.2470,moisture_differential
30.914716,29.28725,3.390613e+00,0.2813,tile_30.8740_29.2470,moisture_differential
30.91482,29.28725,2.983229e+00,0.1820,tile_30.8740_29.2470,moisture_differential
30.914924,29.28725,3.227926e+00,0.2416,tile_30.8740_29.2470,moisture_differential
30.915964,29.28725,2.574467e+00,0.0822,tile_30.8740_29.2470,moisture_differential
30.924387999999997,29.28725,2.320512e+00,0.0203,tile_30.8740_29.2470,moisture_differential
30.924491999999997,29.28725,2.496262e+00,0.0632,tile_30.8740_29.2470,moisture_differential
30.881435999999997,29.287157999999998,2.338750e+00,0.0247,tile_30.8740_29.2470,moisture_differential
30.881643999999998,29.287157999999998,2.441670e+00,0.0498,tile_30.8740_29.2470,moisture_differential
30.881852,29.287157999999998,3.039243e+00,0.1956,tile_30.8740_29.2470,moisture_differential
30.881956,29.287157999999998,3.423666e+00,0.2894,tile_30.8740_29.2470,moisture_differential
30.88206,29.287157999999998,3.615365e+00,0.3362,tile_30.8740_29.2470,moisture_differential
30.882164,29.287157999999998,3.313538e+00,0.2625,tile_30.8740_29.2470,moisture_differential
30.882268,29.287157999999998,3.237073e+00,0.2439,tile_30.8740_29.2470,moisture_differential
30.882372,29.287157999999998,3.032180e+00,0.1939,tile_30.8740_29.2470,moisture_differential
30.882476,29.287157999999998,2.606481e+00,0.0901,tile_30.8740_29.2470,moisture_differential
30.882579999999997,29.287157999999998,4.172115e+00,0.4720,tile_30.8740_29.2470,moisture_differential
30.882683999999998,29.287157999999998,4.142579e+00,0.4648,tile_30.8740_29.2470,moisture_differential
30.882787999999998,29.287157999999998,2.954398e+00,0.1749,tile_30.8740_29.2470,moisture_differential
30.883204,29.287157999999998,2.441091e+00,0.0497,tile_30.8740_29.2470,moisture_differential
30.905772,29.287157999999998,2.283130e+00,0.0112,tile_30.8740_29.2470,moisture_differential
30.907332,29.287157999999998,2.677155e+00,0.1073,tile_30.8740_29.2470,moisture_differential
30.907539999999997,29.287157999999998,2.439940e+00,0.0494,tile_30.8740_29.2470,moisture_differential
30.908996,29.287157999999998,2.653152e+00,0.1014,tile_30.8740_29.2470,moisture_differential
30.909412,29.287157999999998,2.353729e+00,0.0284,tile_30.8740_29.2470,moisture_differential
30.910244,29.287157999999998,2.552522e+00,0.0769,tile_30.8740_29.2470,moisture_differential
30.910348,29.287157999999998,2.383975e+00,0.0358,tile_30.8740_29.2470,moisture_differential
30.912636,29.287157999999998,2.279762e+00,0.0103,tile_30.8740_29.2470,moisture_differential
30.913363999999998,29.287157999999998,3.163418e+00,0.2259,tile_30.8740_29.2470,moisture_differential
30.913467999999998,29.287157999999998,3.092892e+00,0.2087,tile_30.8740_29.2470,moisture_differential
30.913572,29.287157999999998,2.983781e+00,0.1821,tile_30.8740_29.2470,moisture_differential
30.913676,29.287157999999998,2.361238e+00,0.0302,tile_30.8740_29.2470,moisture_differential
30.914092,29.287157999999998,2.285893e+00,0.0118,tile_30.8740_29.2470,moisture_differential
30.914195999999997,29.287157999999998,2.393692e+00,0.0381,tile_30.8740_29.2470,moisture_differential
30.914507999999998,29.287157999999998,3.143646e+00,0.2211,tile_30.8740_29.2470,moisture_differential
30.914611999999998,29.287157999999998,3.462071e+00,0.2988,tile_30.8740_29.2470,moisture_differential
30.914716,29.287157999999998,3.057591e+00,0.2001,tile_30.8740_29.2470,moisture_differential
30.91482,29.287157999999998,2.844893e+00,0.1482,tile_30.8740_29.2470,moisture_differential
30.914924,29.287157999999998,2.745664e+00,0.1240,tile_30.8740_29.2470,moisture_differential
30.924595999999998,29.287157999999998,2.795327e+00,0.1361,tile_30.8740_29.2470,moisture_differential
30.881956,29.287066,2.620771e+00,0.0935,tile_30.8740_29.2470,moisture_differential
30.88206,29.287066,2.730389e+00,0.1203,tile_30.8740_29.2470,moisture_differential
30.882164,29.287066,2.712616e+00,0.1159,tile_30.8740_29.2470,moisture_differential
30.882268,29.287066,2.739151e+00,0.1224,tile_30.8740_29.2470,moisture_differential
30.882372,29.287066,2.856931e+00,0.1511,tile_30.8740_29.2470,moisture_differential
30.882476,29.287066,2.602033e+00,0.0890,tile_30.8740_29.2470,moisture_differential
30.882579999999997,29.287066,3.044592e+00,0.1969,tile_30.8740_29.2470,moisture_differential
30.882683999999998,29.287066,3.659948e+00,0.3470,tile_30.8740_29.2470,moisture_differential
30.882787999999998,29.287066,4.169849e+00,0.4714,tile_30.8740_29.2470,moisture_differential
30.882892,29.287066,3.542357e+00,0.3184,tile_30.8740_29.2470,moisture_differential
30.882996,29.287066,2.313447e+00,0.0186,tile_30.8740_29.2470,moisture_differential
30.8831,29.287066,3.484699e+00,0.3043,tile_30.8740_29.2470,moisture_differential
30.883204,29.287066,3.080206e+00,0.2056,tile_30.8740_29.2470,moisture_differential
30.897347999999997,29.287066,2.376156e+00,0.0339,tile_30.8740_29.2470,moisture_differential
30.897451999999998,29.287066,2.691918e+00,0.1109,tile_30.8740_29.2470,moisture_differential
30.90442,29.287066,2.545131e+00,0.0751,tile_30.8740_29.2470,moisture_differential
30.905564,29.287066,2.258676e+00,0.0052,tile_30.8740_29.2470,moisture_differential
30.906916,29.287066,2.310952e+00,0.0180,tile_30.8740_29.2470,moisture_differential
30.90702,29.287066,3.219929e+00,0.2397,tile_30.8740_29.2470,moisture_differential
30.907539999999997,29.287066,3.069626e+00,0.2030,tile_30.8740_29.2470,moisture_differential
30.907643999999998,29.287066,2.287558e+00,0.0123,tile_30.8740_29.2470,moisture_differential
30.90806,29.287066,2.441158e+00,0.0497,tile_30.8740_29.2470,moisture_differential
30.908996,29.287066,2.237597e+00,0.0001,tile_30.8740_29.2470,moisture_differential
30.9091,29.287066,2.313210e+00,0.0185,tile_30.8740_29.2470,moisture_differential
30.910035999999998,29.287066,2.566003e+00,0.0802,tile_30.8740_29.2470,moisture_differential
30.91014,29.287066,2.634025e+00,0.0968,tile_30.8740_29.2470,moisture_differential
30.910244,29.287066,2.480882e+00,0.0594,tile_30.8740_29.2470,moisture_differential
30.910556,29.287066,2.384785e+00,0.0360,tile_30.8740_29.2470,moisture_differential
30.912636,29.287066,2.626240e+00,0.0949,tile_30.8740_29.2470,moisture_differential
30.912948,29.287066,2.240472e+00,0.0008,tile_30.8740_29.2470,moisture_differential
30.913051999999997,29.287066,2.510820e+00,0.0667,tile_30.8740_29.2470,moisture_differential
30.913467999999998,29.287066,2.753978e+00,0.1260,tile_30.8740_29.2470,moisture_differential
30.913572,29.287066,2.765628e+00,0.1289,tile_30.8740_29.2470,moisture_differential
30.913676,29.287066,2.466857e+00,0.0560,tile_30.8740_29.2470,moisture_differential
30.914092,29.287066,2.499306e+00,0.0639,tile_30.8740_29.2470,moisture_differential
30.914195999999997,29.287066,2.341221e+00,0.0253,tile_30.8740_29.2470,moisture_differential
30.914507999999998,29.287066,2.422261e+00,0.0451,tile_30.8740_29.2470,moisture_differential
30.914611999999998,29.287066,2.692433e+00,0.1110,tile_30.8740_29.2470,moisture_differential
30.914716,29.287066,2.619140e+00,0.0931,tile_30.8740_29.2470,moisture_differential
30.91482,29.287066,2.899932e+00,0.1616,tile_30.8740_29.2470,moisture_differential
30.914924,29.287066,2.330803e+00,0.0228,tile_30.8740_29.2470,moisture_differential
30.91742,29.287066,2.446642e+00,0.0511,tile_30.8740_29.2470,moisture_differential
30.917523999999997,29.287066,2.829840e+00,0.1445,tile_30.8740_29.2470,moisture_differential
30.917731999999997,29.287066,2.257807e+00,0.0050,tile_30.8740_29.2470,moisture_differential
30.917939999999998,29.287066,2.299589e+00,0.0152,tile_30.8740_29.2470,moisture_differential
30.924595999999998,29.287066,2.398996e+00,0.0394,tile_30.8740_29.2470,moisture_differential
30.924908,29.287066,2.300955e+00,0.0155,tile_30.8740_29.2470,moisture_differential
30.882372,29.286974,2.330200e+00,0.0227,tile_30.8740_29.2470,moisture_differential
30.882579999999997,29.286974,2.475125e+00,0.0580,tile_30.8740_29.2470,moisture_differential
30.882683999999998,29.286974,3.750182e+00,0.3691,tile_30.8740_29.2470,moisture_differential
30.882787999999998,29.286974,3.756795e+00,0.3707,tile_30.8740_29.2470,moisture_differential
30.882892,29.286974,3.038279e+00,0.1954,tile_30.8740_29.2470,moisture_differential
30.882996,29.286974,2.281801e+00,0.0108,tile_30.8740_29.2470,moisture_differential
30.8831,29.286974,3.695989e+00,0.3558,tile_30.8740_29.2470,moisture_differential
30.883204,29.286974,3.445615e+00,0.2948,tile_30.8740_29.2470,moisture_differential
30.887155999999997,29.286974,2.674254e+00,0.1066,tile_30.8740_29.2470,moisture_differential
30.893396,29.286974,2.405416e+00,0.0410,tile_30.8740_29.2470,moisture_differential
30.897347999999997,29.286974,2.575632e+00,0.0825,tile_30.8740_29.2470,moisture_differential
30.90598,29.286974,2.770359e+00,0.1300,tile_30.8740_29.2470,moisture_differential
30.906188,29.286974,2.274471e+00,0.0091,tile_30.8740_29.2470,moisture_differential
30.906916,29.286974,2.290934e+00,0.0131,tile_30.8740_29.2470,moisture_differential
30.910556,29.286974,2.277540e+00,0.0098,tile_30.8740_29.2470,moisture_differential
30.91066,29.286974,2.726387e+00,0.1193,tile_30.8740_29.2470,moisture_differential
30.912532,29.286974,2.314103e+00,0.0187,tile_30.8740_29.2470,moisture_differential
30.912636,29.286974,2.529665e+00,0.0713,tile_30.8740_29.2470,moisture_differential
30.912948,29.286974,2.437711e+00,0.0489,tile_30.8740_29.2470,moisture_differential
30.913051999999997,29.286974,2.469774e+00,0.0567,tile_30.8740_29.2470,moisture_differential
30.914195999999997,29.286974,2.832968e+00,0.1453,tile_30.8740_29.2470,moisture_differential
30.914299999999997,29.286974,2.927662e+00,0.1684,tile_30.8740_29.2470,moisture_differential
30.914403999999998,29.286974,2.384570e+00,0.0359,tile_30.8740_29.2470,moisture_differential
30.914611999999998,29.286974,2.667098e+00,0.1048,tile_30.8740_29.2470,moisture_differential
30.91482,29.286974,2.344766e+00,0.0262,tile_30.8740_29.2470,moisture_differential
30.914924,29.286974,2.384543e+00,0.0359,tile_30.8740_29.2470,moisture_differential
30.925116,29.286974,2.400286e+00,0.0398,tile_30.8740_29.2470,moisture_differential
30.882996,29.286882,2.428900e+00,0.0467,tile_30.8740_29.2470,moisture_differential
30.8831,29.286882,3.417504e+00,0.2879,tile_30.8740_29.2470,moisture_differential
30.883204,29.286882,3.096536e+00,0.2096,tile_30.8740_29.2470,moisture_differential
30.887155999999997,29.286882,2.350762e+00,0.0277,tile_30.8740_29.2470,moisture_differential
30.893396,29.286882,2.299405e+00,0.0151,tile_30.8740_29.2470,moisture_differential
30.906603999999998,29.286882,2.547030e+00,0.0755,tile_30.8740_29.2470,moisture_differential
30.910244,29.286882,2.258632e+00,0.0052,tile_30.8740_29.2470,moisture_differential
30.912428,29.286882,2.314605e+00,0.0188,tile_30.8740_29.2470,moisture_differential
30.912636,29.286882,2.514718e+00,0.0677,tile_30.8740_29.2470,moisture_differential
30.91274,29.286882,2.467520e+00,0.0562,tile_30.8740_29.2470,moisture_differential
30.917316,29.286882,2.558101e+00,0.0782,tile_30.8740_29.2470,moisture_differential
30.882372,29.28679,2.488919e+00,0.0614,tile_30.8740_29.2470,moisture_differential
30.882579999999997,29.28679,2.427225e+00,0.0463,tile_30.8740_29.2470,moisture_differential
30.882996,29.28679,2.419043e+00,0.0443,tile_30.8740_29.2470,moisture_differential
30.8831,29.28679,2.641196e+00,0.0985,tile_30.8740_29.2470,moisture_differential
30.886636,29.28679,2.514303e+00,0.0676,tile_30.8740_29.2470,moisture_differential
30.906499999999998,29.28679,2.705569e+00,0.1142,tile_30.8740_29.2470,moisture_differential
30.908787999999998,29.28679,2.408207e+00,0.0417,tile_30.8740_29.2470,moisture_differential
30.908891999999998,29.28679,2.278308e+00,0.0100,tile_30.8740_29.2470,moisture_differential
30.908996,29.28679,2.605944e+00,0.0899,tile_30.8740_29.2470,moisture_differential
30.909204,29.28679,2.551376e+00,0.0766,tile_30.8740_29.2470,moisture_differential
30.912428,29.28679,2.263428e+00,0.0064,tile_30.8740_29.2470,moisture_differential
30.91274,29.28679,2.415621e+00,0.0435,tile_30.8740_29.2470,moisture_differential
30.912844,29.28679,2.461304e+00,0.0546,tile_30.8740_29.2470,moisture_differential
30.91742,29.28679,2.315030e+00,0.0190,tile_30.8740_29.2470,moisture_differential
30.918356,29.28679,2.299213e+00,0.0151,tile_30.8740_29.2470,moisture_differential
30.882372,29.286697999999998,2.300645e+00,0.0154,tile_30.8740_29.2470,moisture_differential
30.882476,29.286697999999998,2.245340e+00,0.0020,tile_30.8740_29.2470,moisture_differential
30.882787999999998,29.286697999999998,2.461308e+00,0.0546,tile_30.8740_29.2470,moisture_differential
30.882892,29.286697999999998,3.174724e+00,0.2287,tile_30.8740_29.2470,moisture_differential
30.882996,29.286697999999998,2.684109e+00,0.1090,tile_30.8740_29.2470,moisture_differential
30.8831,29.286697999999998,2.662211e+00,0.1036,tile_30.8740_29.2470,moisture_differential
30.883204,29.286697999999998,2.420552e+00,0.0447,tile_30.8740_29.2470,moisture_differential
30.88674,29.286697999999998,2.353639e+00,0.0284,tile_30.8740_29.2470,moisture_differential
30.886844,29.286697999999998,3.087461e+00,0.2074,tile_30.8740_29.2470,moisture_differential
30.886948,29.286697999999998,2.358863e+00,0.0296,tile_30.8740_29.2470,moisture_differential
30.893188,29.286697999999998,2.385770e+00,0.0362,tile_30.8740_29.2470,moisture_differential
30.893292,29.286697999999998,2.443042e+00,0.0502,tile_30.8740_29.2470,moisture_differential
30.897036,29.286697999999998,2.302358e+00,0.0159,tile_30.8740_29.2470,moisture_differential
30.907539999999997,29.286697999999998,2.384336e+00,0.0359,tile_30.8740_29.2470,moisture_differential
30.908891999999998,29.286697999999998,2.275329e+00,0.0093,tile_30.8740_29.2470,moisture_differential
30.908996,29.286697999999998,2.361091e+00,0.0302,tile_30.8740_29.2470,moisture_differential
30.9091,29.286697999999998,2.571116e+00,0.0814,tile_30.8740_29.2470,moisture_differential
30.911907999999997,29.286697999999998,2.440376e+00,0.0495,tile_30.8740_29.2470,moisture_differential
30.912011999999997,29.286697999999998,2.493121e+00,0.0624,tile_30.8740_29.2470,moisture_differential
30.912636,29.286697999999998,2.490761e+00,0.0618,tile_30.8740_29.2470,moisture_differential
30.91274,29.286697999999998,2.550489e+00,0.0764,tile_30.8740_29.2470,moisture_differential
30.912844,29.286697999999998,3.082877e+00,0.2063,tile_30.8740_29.2470,moisture_differential
30.912948,29.286697999999998,2.480723e+00,0.0594,tile_30.8740_29.2470,moisture_differential
30.915756,29.286697999999998,2.378144e+00,0.0343,tile_30.8740_29.2470,moisture_differential
30.919396,29.286697999999998,2.996388e+00,0.1852,tile_30.8740_29.2470,moisture_differential
30.924076,29.286697999999998,2.442510e+00,0.0501,tile_30.8740_29.2470,moisture_differential
30.882892,29.286606,3.169267e+00,0.2273,tile_30.8740_29.2470,moisture_differential
30.882996,29.286606,2.834442e+00,0.1457,tile_30.8740_29.2470,moisture_differential
30.8831,29.286606,2.631014e+00,0.0960,tile_30.8740_29.2470,moisture_differential
30.883204,29.286606,2.710962e+00,0.1155,tile_30.8740_29.2470,moisture_differential
30.886844,29.286606,2.307387e+00,0.0171,tile_30.8740_29.2470,moisture_differential
30.893292,29.286606,2.423278e+00,0.0454,tile_30.8740_29.2470,moisture_differential
30.906499999999998,29.286606,2.472565e+00,0.0574,tile_30.8740_29.2470,moisture_differential
30.907539999999997,29.286606,2.509777e+00,0.0665,tile_30.8740_29.2470,moisture_differential
30.908891999999998,29.286606,2.353090e+00,0.0282,tile_30.8740_29.2470,moisture_differential
30.908996,29.286606,3.017157e+00,0.1902,tile_30.8740_29.2470,moisture_differential
30.9091,29.286606,2.681594e+00,0.1084,tile_30.8740_29.2470,moisture_differential
30.909723999999997,29.286606,2.547840e+00,0.0757,tile_30.8740_29.2470,moisture_differential
30.912011999999997,29.286606,2.611877e+00,0.0914,tile_30.8740_29.2470,moisture_differential
30.91274,29.286606,2.410169e+00,0.0422,tile_30.8740_29.2470,moisture_differential
30.912844,29.286606,2.257663e+00,0.0050,tile_30.8740_29.2470,moisture_differential
30.915028,29.286606,2.271985e+00,0.0085,tile_30.8740_29.2470,moisture_differential
30.915443999999997,29.286606,2.300629e+00,0.0154,tile_30.8740_29.2470,moisture_differential
30.9169,29.286606,2.661322e+00,0.1034,tile_30.8740_29.2470,moisture_differential
30.919188,29.286606,2.400857e+00,0.0399,tile_30.8740_29.2470,moisture_differential
30.919292,29.286606,2.922298e+00,0.1671,tile_30.8740_29.2470,moisture_differential
30.919396,29.286606,4.235586e+00,0.4875,tile_30.8740_29.2470,moisture_differential
30.923868,29.286606,2.377447e+00,0.0342,tile_30.8740_29.2470,moisture_differential
30.923972,29.286606,2.420910e+00,0.0448,tile_30.8740_29.2470,moisture_differential
30.924284,29.286606,2.333144e+00,0.0234,tile_30.8740_29.2470,moisture_differential
30.924387999999997,29.286606,2.331168e+00,0.0229,tile_30.8740_29.2470,moisture_differential
30.880395999999998,29.286514,2.727901e+00,0.1197,tile_30.8740_29.2470,moisture_differential
30.882787999999998,29.286514,2.530164e+00,0.0714,tile_30.8740_29.2470,moisture_differential
30.882892,29.286514,3.275747e+00,0.2533,tile_30.8740_29.2470,moisture_differential
30.882996,29.286514,2.982593e+00,0.1818,tile_30.8740_29.2470,moisture_differential
30.88518,29.286514,2.669046e+00,0.1053,tile_30.8740_29.2470,moisture_differential
30.906188,29.286514,2.446533e+00,0.0510,tile_30.8740_29.2470,moisture_differential
30.906499999999998,29.286514,2.764514e+00,0.1286,tile_30.8740_29.2470,moisture_differential
30.907435999999997,29.286514,2.465197e+00,0.0556,tile_30.8740_29.2470,moisture_differential
30.907539999999997,29.286514,3.102764e+00,0.2111,tile_30.8740_29.2470,moisture_differential
30.908996,29.286514,2.475890e+00,0.0582,tile_30.8740_29.2470,moisture_differential
30.9091,29.286514,2.870533e+00,0.1545,tile_30.8740_29.2470,moisture_differential
30.909619999999997,29.286514,2.396451e+00,0.0388,tile_30.8740_29.2470,moisture_differential
30.91066,29.286514,2.779119e+00,0.1322,tile_30.8740_29.2470,moisture_differential
30.911907999999997,29.286514,2.263375e+00,0.0064,tile_30.8740_29.2470,moisture_differential
30.912011999999997,29.286514,2.340246e+00,0.0251,tile_30.8740_29.2470,moisture_differential
30.912844,29.286514,2.307281e+00,0.0171,tile_30.8740_29.2470,moisture_differential
30.914403999999998,29.286514,2.439496e+00,0.0493,tile_30.8740_29.2470,moisture_differential
30.914716,29.286514,2.729965e+00,0.1202,tile_30.8740_29.2470,moisture_differential
30.914924,29.286514,2.679821e+00,0.1079,tile_30.8740_29.2470,moisture_differential
30.915028,29.286514,2.509216e+00,0.0663,tile_30.8740_29.2470,moisture_differential
30.915339999999997,29.286514,2.390676e+00,0.0374,tile_30.8740_29.2470,moisture_differential
30.915443999999997,29.286514,2.499202e+00,0.0639,tile_30.8740_29.2470,moisture_differential
30.9169,29.286514,2.329803e+00,0.0226,tile_30.8740_29.2470,moisture_differential
30.917004,29.286514,2.403757e+00,0.0406,tile_30.8740_29.2470,moisture_differential
30.919188,29.286514,3.160662e+00,0.2252,tile_30.8740_29.2470,moisture_differential
30.919292,29.286514,4.661664e+00,0.5914,tile_30.8740_29.2470,moisture_differential
30.919396,29.286514,3.473164e+00,0.3015,tile_30.8740_29.2470,moisture_differential
30.92314,29.286514,2.408107e+00,0.0417,tile_30.8740_29.2470,moisture_differential
30.923972,29.286514,2.360985e+00,0.0302,tile_30.8740_29.2470,moisture_differential
30.881852,29.286421999999998,2.463002e+00,0.0550,tile_30.8740_29.2470,moisture_differential
30.882787999999998,29.286421999999998,3.043759e+00,0.1967,tile_30.8740_29.2470,moisture_differential
30.882892,29.286421999999998,3.251393e+00,0.2474,tile_30.8740_29.2470,moisture_differential
30.882996,29.286421999999998,2.568141e+00,0.0807,tile_30.8740_29.2470,moisture_differential
30.884244,29.286421999999998,2.354642e+00,0.0286,tile_30.8740_29.2470,moisture_differential
30.884348,29.286421999999998,3.106946e+00,0.2121,tile_30.8740_29.2470,moisture_differential
30.884971999999998,29.286421999999998,2.774421e+00,0.1310,tile_30.8740_29.2470,moisture_differential
30.885075999999998,29.286421999999998,3.937312e+00,0.4147,tile_30.8740_29.2470,moisture_differential
30.88518,29.286421999999998,2.848533e+00,0.1491,tile_30.8740_29.2470,moisture_differential
30.88986,29.286421999999998,2.271146e+00,0.0082,tile_30.8740_29.2470,moisture_differential
30.906395999999997,29.286421999999998,2.429028e+00,0.0468,tile_30.8740_29.2470,moisture_differential
30.906603999999998,29.286421999999998,2.399681e+00,0.0396,tile_30.8740_29.2470,moisture_differential
30.906708,29.286421999999998,2.302488e+00,0.0159,tile_30.8740_29.2470,moisture_differential
30.907435999999997,29.286421999999998,2.513683e+00,0.0674,tile_30.8740_29.2470,moisture_differential
30.907539999999997,29.286421999999998,2.526807e+00,0.0706,tile_30.8740_29.2470,moisture_differential
30.907643999999998,29.286421999999998,2.420176e+00,0.0446,tile_30.8740_29.2470,moisture_differential
30.908996,29.286421999999998,2.441095e+00,0.0497,tile_30.8740_29.2470,moisture_differential
30.9091,29.286421999999998,2.386714e+00,0.0364,tile_30.8740_29.2470,moisture_differential
30.909619999999997,29.286421999999998,2.319359e+00,0.0200,tile_30.8740_29.2470,moisture_differential
30.91066,29.286421999999998,2.268992e+00,0.0077,tile_30.8740_29.2470,moisture_differential
30.910763999999997,29.286421999999998,2.242639e+00,0.0013,tile_30.8740_29.2470,moisture_differential
30.910867999999997,29.286421999999998,2.419404e+00,0.0444,tile_30.8740_29.2470,moisture_differential
30.912323999999998,29.286421999999998,2.459700e+00,0.0542,tile_30.8740_29.2470,moisture_differential
30.913467999999998,29.286421999999998,2.527101e+00,0.0707,tile_30.8740_29.2470,moisture_differential
30.913572,29.286421999999998,2.925206e+00,0.1678,tile_30.8740_29.2470,moisture_differential
30.913676,29.286421999999998,2.890333e+00,0.1593,tile_30.8740_29.2470,moisture_differential
30.91378,29.286421999999998,2.332685e+00,0.0233,tile_30.8740_29.2470,moisture_differential
30.914299999999997,29.286421999999998,2.585279e+00,0.0849,tile_30.8740_29.2470,moisture_differential
30.914403999999998,29.286421999999998,2.869213e+00,0.1541,tile_30.8740_29.2470,moisture_differential
30.914507999999998,29.286421999999998,3.007607e+00,0.1879,tile_30.8740_29.2470,moisture_differential
30.914716,29.286421999999998,2.803930e+00,0.1382,tile_30.8740_29.2470,moisture_differential
30.914924,29.286421999999998,2.495713e+00,0.0630,tile_30.8740_29.2470,moisture_differential
30.915339999999997,29.286421999999998,2.968512e+00,0.1784,tile_30.8740_29.2470,moisture_differential
30.915443999999997,29.286421999999998,2.946492e+00,0.1730,tile_30.8740_29.2470,moisture_differential
30.915547999999998,29.286421999999998,2.459959e+00,0.0543,tile_30.8740_29.2470,moisture_differential
30.919188,29.286421999999998,4.181088e+00,0.4742,tile_30.8740_29.2470,moisture_differential
30.919292,29.286421999999998,4.763765e+00,0.6163,tile_30.8740_29.2470,moisture_differential
30.923972,29.286421999999998,2.280345e+00,0.0105,tile_30.8740_29.2470,moisture_differential
30.924076,29.286421999999998,2.613908e+00,0.0919,tile_30.8740_29.2470,moisture_differential
30.924595999999998,29.286421999999998,2.284888e+00,0.0116,tile_30.8740_29.2470,moisture_differential
30.924699999999998,29.286421999999998,2.598752e+00,0.0882,tile_30.8740_29.2470,moisture_differential
30.881539999999998,29.28633,2.303161e+00,0.0161,tile_30.8740_29.2470,moisture_differential
30.883204,29.28633,2.449244e+00,0.0517,tile_30.8740_29.2470,moisture_differential
30.884348,29.28633,2.888953e+00,0.1590,tile_30.8740_29.2470,moisture_differential
30.884971999999998,29.28633,3.116794e+00,0.2145,tile_30.8740_29.2470,moisture_differential
30.885075999999998,29.28633,3.564493e+00,0.3238,tile_30.8740_29.2470,moisture_differential
30.88518,29.28633,2.249218e+00,0.0029,tile_30.8740_29.2470,moisture_differential
30.885804,29.28633,2.295092e+00,0.0141,tile_30.8740_29.2470,moisture_differential
30.906395999999997,29.28633,2.704426e+00,0.1139,tile_30.8740_29.2470,moisture_differential
30.906499999999998,29.28633,2.603609e+00,0.0894,tile_30.8740_29.2470,moisture_differential
30.906603999999998,29.28633,2.820538e+00,0.1423,tile_30.8740_29.2470,moisture_differential
30.906708,29.28633,2.478013e+00,0.0587,tile_30.8740_29.2470,moisture_differential
30.908164,29.28633,2.257821e+00,0.0050,tile_30.8740_29.2470,moisture_differential
30.908579999999997,29.28633,2.356202e+00,0.0290,tile_30.8740_29.2470,moisture_differential
30.908891999999998,29.28633,2.333102e+00,0.0234,tile_30.8740_29.2470,moisture_differential
30.910867999999997,29.28633,2.275203e+00,0.0092,tile_30.8740_29.2470,moisture_differential
30.911388,29.28633,2.698914e+00,0.1126,tile_30.8740_29.2470,moisture_differential
30.912323999999998,29.28633,3.369696e+00,0.2762,tile_30.8740_29.2470,moisture_differential
30.912428,29.28633,2.729446e+00,0.1200,tile_30.8740_29.2470,moisture_differential
30.912532,29.28633,2.270638e+00,0.0081,tile_30.8740_29.2470,moisture_differential
30.913259999999998,29.28633,3.363918e+00,0.2748,tile_30.8740_29.2470,moisture_differential
30.913676,29.28633,2.438487e+00,0.0491,tile_30.8740_29.2470,moisture_differential
30.914299999999997,29.28633,2.345604e+00,0.0264,tile_30.8740_29.2470,moisture_differential
30.915339999999997,29.28633,2.666106e+00,0.1046,tile_30.8740_29.2470,moisture_differential
30.915443999999997,29.28633,2.520620e+00,0.0691,tile_30.8740_29.2470,moisture_differential
30.915547999999998,29.28633,2.244651e+00,0.0018,tile_30.8740_29.2470,moisture_differential
30.917004,29.28633,2.246208e+00,0.0022,tile_30.8740_29.2470,moisture_differential
30.919188,29.28633,3.136325e+00,0.2193,tile_30.8740_29.2470,moisture_differential
30.919292,29.28633,3.584201e+00,0.3286,tile_30.8740_29.2470,moisture_differential
30.923764,29.28633,2.263104e+00,0.0063,tile_30.8740_29.2470,moisture_differential
30.923868,29.28633,2.369279e+00,0.0322,tile_30.8740_29.2470,moisture_differential
30.923972,29.28633,2.297887e+00,0.0148,tile_30.8740_29.2470,moisture_differential
30.924699999999998,29.28633,2.411890e+00,0.0426,tile_30.8740_29.2470,moisture_differential
30.876236,29.286238,3.051811e+00,0.1987,tile_30.8740_29.2470,moisture_differential
30.87634,29.286238,2.771620e+00,0.1303,tile_30.8740_29.2470,moisture_differential
30.881435999999997,29.286238,2.331196e+00,0.0229,tile_30.8740_29.2470,moisture_differential
30.883308,29.286238,2.265841e+00,0.0070,tile_30.8740_29.2470,moisture_differential
30.884971999999998,29.286238,3.133217e+00,0.2185,tile_30.8740_29.2470,moisture_differential
30.885075999999998,29.286238,3.382705e+00,0.2794,tile_30.8740_29.2470,moisture_differential
30.885492,29.286238,2.546860e+00,0.0755,tile_30.8740_29.2470,moisture_differential
30.885907999999997,29.286238,2.530447e+00,0.0715,tile_30.8740_29.2470,moisture_differential
30.896099999999997,29.286238,2.274970e+00,0.0092,tile_30.8740_29.2470,moisture_differential
30.896516,29.286238,2.297511e+00,0.0147,tile_30.8740_29.2470,moisture_differential
30.905668,29.286238,2.242050e+00,0.0011,tile_30.8740_29.2470,moisture_differential
30.906084,29.286238,2.269538e+00,0.0079,tile_30.8740_29.2470,moisture_differential
30.906188,29.286238,2.655240e+00,0.1019,tile_30.8740_29.2470,moisture_differential
30.906291999999997,29.286238,2.358198e+00,0.0295,tile_30.8740_29.2470,moisture_differential
30.906499999999998,29.286238,2.356784e+00,0.0291,tile_30.8740_29.2470,moisture_differential
30.906603999999998,29.286238,2.691335e+00,0.1108,tile_30.8740_29.2470,moisture_differential
30.906708,29.286238,3.011617e+00,0.1889,tile_30.8740_29.2470,moisture_differential
30.907643999999998,29.286238,2.374378e+00,0.0334,tile_30.8740_29.2470,moisture_differential
30.907747999999998,29.286238,2.729351e+00,0.1200,tile_30.8740_29.2470,moisture_differential
30.909204,29.286238,2.619983e+00,0.0933,tile_30.8740_29.2470,moisture_differential
30.91066,29.286238,2.363019e+00,0.0307,tile_30.8740_29.2470,moisture_differential
30.911388,29.286238,2.458192e+00,0.0539,tile_30.8740_29.2470,moisture_differential
30.912219999999998,29.286238,3.066195e+00,0.2022,tile_30.8740_29.2470,moisture_differential
30.912323999999998,29.286238,3.484424e+00,0.3042,tile_30.8740_29.2470,moisture_differential
30.912428,29.286238,2.805084e+00,0.1385,tile_30.8740_29.2470,moisture_differential
30.913051999999997,29.286238,3.126529e+00,0.2169,tile_30.8740_29.2470,moisture_differential
30.913155999999997,29.286238,3.767410e+00,0.3733,tile_30.8740_29.2470,moisture_differential
30.913259999999998,29.286238,4.291488e+00,0.5011,tile_30.8740_29.2470,moisture_differential
30.913363999999998,29.286238,2.276982e+00,0.0097,tile_30.8740_29.2470,moisture_differential
30.913467999999998,29.286238,2.535009e+00,0.0726,tile_30.8740_29.2470,moisture_differential
30.913572,29.286238,2.503534e+00,0.0649,tile_30.8740_29.2470,moisture_differential
30.913676,29.286238,2.302052e+00,0.0158,tile_30.8740_29.2470,moisture_differential
30.913988,29.286238,2.255106e+00,0.0043,tile_30.8740_29.2470,moisture_differential
30.914092,29.286238,2.391329e+00,0.0376,tile_30.8740_29.2470,moisture_differential
30.914507999999998,29.286238,2.615750e+00,0.0923,tile_30.8740_29.2470,moisture_differential
30.915028,29.286238,2.577781e+00,0.0830,tile_30.8740_29.2470,moisture_differential
30.915132,29.286238,2.498485e+00,0.0637,tile_30.8740_29.2470,moisture_differential
30.915339999999997,29.286238,2.388100e+00,0.0368,tile_30.8740_29.2470,moisture_differential
30.915443999999997,29.286238,2.309012e+00,0.0175,tile_30.8740_29.2470,moisture_differential
30.915547999999998,29.286238,2.392142e+00,0.0378,tile_30.8740_29.2470,moisture_differential
30.923868,29.286238,2.261748e+00,0.0060,tile_30.8740_29.2470,moisture_differential
30.923972,29.286238,2.653448e+00,0.1015,tile_30.8740_29.2470,moisture_differential
30.924595999999998,29.286238,2.478757e+00,0.0589,tile_30.8740_29.2470,moisture_differential
30.876132,29.286146,2.704357e+00,0.1139,tile_30.8740_29.2470,moisture_differential
30.876236,29.286146,3.415827e+00,0.2875,tile_30.8740_29.2470,moisture_differential
30.87634,29.286146,3.190511e+00,0.2325,tile_30.8740_29.2470,moisture_differential
30.881124,29.286146,2.339959e+00,0.0250,tile_30.8740_29.2470,moisture_differential
30.883204,29.286146,2.703722e+00,0.1138,tile_30.8740_29.2470,moisture_differential
30.883308,29.286146,2.434691e+00,0.0481,tile_30.8740_29.2470,moisture_differential
30.884971999999998,29.286146,2.473492e+00,0.0576,tile_30.8740_29.2470,moisture_differential
30.885075999999998,29.286146,2.416738e+00,0.0438,tile_30.8740_29.2470,moisture_differential
30.88518,29.286146,2.452598e+00,0.0525,tile_30.8740_29.2470,moisture_differential
30.885492,29.286146,2.732274e+00,0.1207,tile_30.8740_29.2470,moisture_differential
30.896516,29.286146,2.264222e+00,0.0066,tile_30.8740_29.2470,moisture_differential
30.903484,29.286146,2.412324e+00,0.0427,tile_30.8740_29.2470,moisture_differential
30.90598,29.286146,2.317555e+00,0.0196,tile_30.8740_29.2470,moisture_differential
30.906084,29.286146,2.595510e+00,0.0874,tile_30.8740_29.2470,moisture_differential
30.907956,29.286146,2.513962e+00,0.0675,tile_30.8740_29.2470,moisture_differential
30.910556,29.286146,2.269873e+00,0.0079,tile_30.8740_29.2470,moisture_differential
30.91066,29.286146,2.313561e+00,0.0186,tile_30.8740_29.2470,moisture_differential
30.912948,29.286146,2.471143e+00,0.0570,tile_30.8740_29.2470,moisture_differential
30.913051999999997,29.286146,2.950931e+00,0.1741,tile_30.8740_29.2470,moisture_differential
30.913155999999997,29.286146,3.702593e+00,0.3574,tile_30.8740_29.2470,moisture_differential
30.913259999999998,29.286146,3.506751e+00,0.3097,tile_30.8740_29.2470,moisture_differential
30.913363999999998,29.286146,2.840617e+00,0.1472,tile_30.8740_29.2470,moisture_differential
30.913467999999998,29.286146,2.717650e+00,0.1172,tile_30.8740_29.2470,moisture_differential
30.914092,29.286146,2.250744e+00,0.0033,tile_30.8740_29.2470,moisture_differential
30.918148,29.286146,2.300842e+00,0.0155,tile_30.8740_29.2470,moisture_differential
30.923972,29.286146,2.346070e+00,0.0265,tile_30.8740_29.2470,moisture_differential
30.924491999999997,29.286146,2.584829e+00,0.0848,tile_30.8740_29.2470,moisture_differential
30.924595999999998,29.286146,2.452200e+00,0.0524,tile_30.8740_29.2470,moisture_differential
30.876132,29.286054,2.333778e+00,0.0235,tile_30.8740_29.2470,moisture_differential
30.876236,29.286054,3.065317e+00,0.2020,tile_30.8740_29.2470,moisture_differential
30.87634,29.286054,2.919318e+00,0.1664,tile_30.8740_29.2470,moisture_differential
30.883204,29.286054,2.519465e+00,0.0688,tile_30.8740_29.2470,moisture_differential
30.883308,29.286054,2.513816e+00,0.0674,tile_30.8740_29.2470,moisture_differential
30.885492,29.286054,2.644903e+00,0.0994,tile_30.8740_29.2470,moisture_differential
30.906603999999998,29.286054,2.288565e+00,0.0125,tile_30.8740_29.2470,moisture_differential
30.907643999999998,29.286054,2.397095e+00,0.0390,tile_30.8740_29.2470,moisture_differential
30.909204,29.286054,2.444136e+00,0.0504,tile_30.8740_29.2470,moisture_differential
30.913051999999997,29.286054,3.116329e+00,0.2144,tile_30.8740_29.2470,moisture_differential
30.913155999999997,29.286054,4.082533e+00,0.4501,tile_30.8740_29.2470,moisture_differential
30.913259999999998,29.286054,3.258759e+00,0.2492,tile_30.8740_29.2470,moisture_differential
30.913363999999998,29.286054,2.664282e+00,0.1042,tile_30.8740_29.2470,moisture_differential
30.914092,29.286054,2.360972e+00,0.0302,tile_30.8740_29.2470,moisture_differential
30.914507999999998,29.286054,2.481222e+00,0.0595,tile_30.8740_29.2470,moisture_differential
30.915443999999997,29.286054,2.278291e+00,0.0100,tile_30.8740_29.2470,moisture_differential
30.917835999999998,29.286054,2.273491e+00,0.0088,tile_30.8740_29.2470,moisture_differential
30.918044,29.286054,2.314762e+00,0.0189,tile_30.8740_29.2470,moisture_differential
30.918148,29.286054,2.242558e+00,0.0013,tile_30.8740_29.2470,moisture_differential
30.923868,29.286054,2.589310e+00,0.0859,tile_30.8740_29.2470,moisture_differential
30.923972,29.286054,2.354039e+00,0.0285,tile_30.8740_29.2470,moisture_differential
30.924076,29.286054,2.500781e+00,0.0643,tile_30.8740_29.2470,moisture_differential
30.92418,29.286054,2.523412e+00,0.0698,tile_30.8740_29.2470,moisture_differential
30.924699999999998,29.286054,2.257383e+00,0.0049,tile_30.8740_29.2470,moisture_differential
30.879147999999997,29.285961999999998,2.363778e+00,0.0308,tile_30.8740_29.2470,moisture_differential
30.881956,29.285961999999998,2.816448e+00,0.1413,tile_30.8740_29.2470,moisture_differential
30.88206,29.285961999999998,2.391248e+00,0.0375,tile_30.8740_29.2470,moisture_differential
30.906188,29.285961999999998,2.252218e+00,0.0036,tile_30.8740_29.2470,moisture_differential
30.906603999999998,29.285961999999998,2.247804e+00,0.0026,tile_30.8740_29.2470,moisture_differential
30.907643999999998,29.285961999999998,2.245074e+00,0.0019,tile_30.8740_29.2470,moisture_differential
30.907747999999998,29.285961999999998,2.359977e+00,0.0299,tile_30.8740_29.2470,moisture_differential
30.908787999999998,29.285961999999998,2.293794e+00,0.0138,tile_30.8740_29.2470,moisture_differential
30.910763999999997,29.285961999999998,2.967963e+00,0.1782,tile_30.8740_29.2470,moisture_differential
30.910867999999997,29.285961999999998,2.274490e+00,0.0091,tile_30.8740_29.2470,moisture_differential
30.910971999999997,29.285961999999998,2.414210e+00,0.0431,tile_30.8740_29.2470,moisture_differential
30.911596,29.285961999999998,2.334512e+00,0.0237,tile_30.8740_29.2470,moisture_differential
30.9117,29.285961999999998,2.286693e+00,0.0120,tile_30.8740_29.2470,moisture_differential
30.913051999999997,29.285961999999998,2.561116e+00,0.0790,tile_30.8740_29.2470,moisture_differential
30.913155999999997,29.285961999999998,3.009015e+00,0.1882,tile_30.8740_29.2470,moisture_differential
30.913259999999998,29.285961999999998,2.706837e+00,0.1145,tile_30.8740_29.2470,moisture_differential
30.913988,29.285961999999998,2.523426e+00,0.0698,tile_30.8740_29.2470,moisture_differential
30.914092,29.285961999999998,3.206026e+00,0.2363,tile_30.8740_29.2470,moisture_differential
30.914403999999998,29.285961999999998,2.391832e+00,0.0377,tile_30.8740_29.2470,moisture_differential
30.915339999999997,29.285961999999998,2.474505e+00,0.0579,tile_30.8740_29.2470,moisture_differential
30.915443999999997,29.285961999999998,2.836774e+00,0.1462,tile_30.8740_29.2470,moisture_differential
30.916068,29.285961999999998,2.794226e+00,0.1359,tile_30.8740_29.2470,moisture_differential
30.916172,29.285961999999998,3.376139e+00,0.2778,tile_30.8740_29.2470,moisture_differential
30.916276,29.285961999999998,3.366724e+00,0.2755,tile_30.8740_29.2470,moisture_differential
30.91638,29.285961999999998,2.246434e+00,0.0022,tile_30.8740_29.2470,moisture_differential
30.917316,29.285961999999998,2.351851e+00,0.0279,tile_30.8740_29.2470,moisture_differential
30.91846,29.285961999999998,2.487003e+00,0.0609,tile_30.8740_29.2470,moisture_differential
30.918564,29.285961999999998,2.408129e+00,0.0417,tile_30.8740_29.2470,moisture_differential
30.923868,29.285961999999998,2.505263e+00,0.0654,tile_30.8740_29.2470,moisture_differential
30.923972,29.285961999999998,2.407855e+00,0.0416,tile_30.8740_29.2470,moisture_differential
30.924076,29.285961999999998,2.416841e+00,0.0438,tile_30.8740_29.2470,moisture_differential
30.92418,29.285961999999998,2.362207e+00,0.0305,tile_30.8740_29.2470,moisture_differential
30.881956,29.28587,2.815194e+00,0.1410,tile_30.8740_29.2470,moisture_differential
30.88206,29.28587,2.573869e+00,0.0821,tile_30.8740_29.2470,moisture_differential
30.8831,29.28587,2.292870e+00,0.0135,tile_30.8740_29.2470,moisture_differential
30.886324,29.28587,2.548887e+00,0.0760,tile_30.8740_29.2470,moisture_differential
30.906291999999997,29.28587,2.354527e+00,0.0286,tile_30.8740_29.2470,moisture_differential
30.906395999999997,29.28587,2.352236e+00,0.0280,tile_30.8740_29.2470,moisture_differential
30.908164,29.28587,2.512336e+00,0.0671,tile_30.8740_29.2470,moisture_differential
30.908787999999998,29.28587,2.258087e+00,0.0051,tile_30.8740_29.2470,moisture_differential
30.910556,29.28587,2.388202e+00,0.0368,tile_30.8740_29.2470,moisture_differential
30.91066,29.28587,2.302087e+00,0.0158,tile_30.8740_29.2470,moisture_differential
30.910763999999997,29.28587,2.486656e+00,0.0608,tile_30.8740_29.2470,moisture_differential
30.912636,29.28587,2.483003e+00,0.0599,tile_30.8740_29.2470,moisture_differential
30.913051999999997,29.28587,2.275215e+00,0.0092,tile_30.8740_29.2470,moisture_differential
30.913155999999997,29.28587,2.363597e+00,0.0308,tile_30.8740_29.2470,moisture_differential
30.913572,29.28587,2.647975e+00,0.1002,tile_30.8740_29.2470,moisture_differential
30.913676,29.28587,2.839172e+00,0.1468,tile_30.8740_29.2470,moisture_differential
30.91378,29.28587,2.658411e+00,0.1027,tile_30.8740_29.2470,moisture_differential
30.913988,29.28587,2.662538e+00,0.1037,tile_30.8740_29.2470,moisture_differential
30.914092,29.28587,3.176770e+00,0.2292,tile_30.8740_29.2470,moisture_differential
30.914195999999997,29.28587,3.296293e+00,0.2583,tile_30.8740_29.2470,moisture_differential
30.914299999999997,29.28587,2.848296e+00,0.1490,tile_30.8740_29.2470,moisture_differential
30.914403999999998,29.28587,2.275827e+00,0.0094,tile_30.8740_29.2470,moisture_differential
30.916068,29.28587,3.062320e+00,0.2013,tile_30.8740_29.2470,moisture_differential
30.916172,29.28587,3.516389e+00,0.3120,tile_30.8740_29.2470,moisture_differential
30.916276,29.28587,3.612952e+00,0.3356,tile_30.8740_29.2470,moisture_differential
30.91638,29.28587,2.995742e+00,0.1850,tile_30.8740_29.2470,moisture_differential
30.917316,29.28587,2.632484e+00,0.0964,tile_30.8740_29.2470,moisture_differential
30.923868,29.28587,2.316414e+00,0.0193,tile_30.8740_29.2470,moisture_differential
30.881852,29.285778,2.332654e+00,0.0233,tile_30.8740_29.2470,moisture_differential
30.881956,29.285778,2.610374e+00,0.0910,tile_30.8740_29.2470,moisture_differential
30.88206,29.285778,2.366297e+00,0.0315,tile_30.8740_29.2470,moisture_differential
30.906291999999997,29.285778,2.382010e+00,0.0353,tile_30.8740_29.2470,moisture_differential
30.906395999999997,29.285778,2.287394e+00,0.0122,tile_30.8740_29.2470,moisture_differential
30.906499999999998,29.285778,2.496361e+00,0.0632,tile_30.8740_29.2470,moisture_differential
30.908164,29.285778,2.605459e+00,0.0898,tile_30.8740_29.2470,moisture_differential
30.908268,29.285778,2.371944e+00,0.0328,tile_30.8740_29.2470,moisture_differential
30.908683999999997,29.285778,2.442469e+00,0.0500,tile_30.8740_29.2470,moisture_differential
30.909204,29.285778,2.540517e+00,0.0740,tile_30.8740_29.2470,moisture_differential
30.910348,29.285778,2.315097e+00,0.0190,tile_30.8740_29.2470,moisture_differential
30.91066,29.285778,2.969049e+00,0.1785,tile_30.8740_29.2470,moisture_differential
30.910763999999997,29.285778,2.274973e+00,0.0092,tile_30.8740_29.2470,moisture_differential
30.913363999999998,29.285778,2.832529e+00,0.1452,tile_30.8740_29.2470,moisture_differential
30.913676,29.285778,2.823252e+00,0.1429,tile_30.8740_29.2470,moisture_differential
30.913988,29.285778,2.720000e+00,0.1177,tile_30.8740_29.2470,moisture_differential
30.914092,29.285778,2.586210e+00,0.0851,tile_30.8740_29.2470,moisture_differential
30.914195999999997,29.285778,2.955718e+00,0.1752,tile_30.8740_29.2470,moisture_differential
30.914299999999997,29.285778,2.646834e+00,0.0999,tile_30.8740_29.2470,moisture_differential
30.915339999999997,29.285778,2.268977e+00,0.0077,tile_30.8740_29.2470,moisture_differential
30.916068,29.285778,3.210307e+00,0.2374,tile_30.8740_29.2470,moisture_differential
30.916172,29.285778,3.688246e+00,0.3539,tile_30.8740_29.2470,moisture_differential
30.916276,29.285778,3.601249e+00,0.3327,tile_30.8740_29.2470,moisture_differential
30.91638,29.285778,2.856731e+00,0.1511,tile_30.8740_29.2470,moisture_differential
30.917316,29.285778,2.359888e+00,0.0299,tile_30.8740_29.2470,moisture_differential
30.924387999999997,29.285778,2.264319e+00,0.0066,tile_30.8740_29.2470,moisture_differential
30.925012,29.285778,2.303348e+00,0.0161,tile_30.8740_29.2470,moisture_differential
30.886219999999998,29.285686,2.779328e+00,0.1322,tile_30.8740_29.2470,moisture_differential
30.88674,29.285686,2.238396e+00,0.0003,tile_30.8740_29.2470,moisture_differential
30.890172,29.285686,2.388218e+00,0.0368,tile_30.8740_29.2470,moisture_differential
30.906084,29.285686,3.056439e+00,0.1998,tile_30.8740_29.2470,moisture_differential
30.906499999999998,29.285686,2.953921e+00,0.1748,tile_30.8740_29.2470,moisture_differential
30.906603999999998,29.285686,2.489873e+00,0.0616,tile_30.8740_29.2470,moisture_differential
30.908268,29.285686,2.368716e+00,0.0320,tile_30.8740_29.2470,moisture_differential
30.909412,29.285686,2.238666e+00,0.0003,tile_30.8740_29.2470,moisture_differential
30.910035999999998,29.285686,2.423074e+00,0.0453,tile_30.8740_29.2470,moisture_differential
30.910763999999997,29.285686,2.352370e+00,0.0281,tile_30.8740_29.2470,moisture_differential
30.911804,29.285686,2.448391e+00,0.0515,tile_30.8740_29.2470,moisture_differential
30.911907999999997,29.285686,3.007401e+00,0.1879,tile_30.8740_29.2470,moisture_differential
30.912219999999998,29.285686,2.405402e+00,0.0410,tile_30.8740_29.2470,moisture_differential
30.91274,29.285686,2.805995e+00,0.1387,tile_30.8740_29.2470,moisture_differential
30.912948,29.285686,2.251525e+00,0.0035,tile_30.8740_29.2470,moisture_differential
30.914092,29.285686,2.263516e+00,0.0064,tile_30.8740_29.2470,moisture_differential
30.915236,29.285686,2.247535e+00,0.0025,tile_30.8740_29.2470,moisture_differential
30.915339999999997,29.285686,2.919278e+00,0.1664,tile_30.8740_29.2470,moisture_differential
30.915443999999997,29.285686,2.454933e+00,0.0531,tile_30.8740_29.2470,moisture_differential
30.916172,29.285686,3.326868e+00,0.2658,tile_30.8740_29.2470,moisture_differential
30.916276,29.285686,3.714052e+00,0.3602,tile_30.8740_29.2470,moisture_differential
30.91638,29.285686,3.326851e+00,0.2658,tile_30.8740_29.2470,moisture_differential
30.924387999999997,29.285686,2.281450e+00,0.0108,tile_30.8740_29.2470,moisture_differential
30.924699999999998,29.285686,2.450779e+00,0.0521,tile_30.8740_29.2470,moisture_differential
30.924803999999998,29.285686,2.919099e+00,0.1663,tile_30.8740_29.2470,moisture_differential
30.924908,29.285686,2.398634e+00,0.0393,tile_30.8740_29.2470,moisture_differential
30.881643999999998,29.285594,2.601446e+00,0.0888,tile_30.8740_29.2470,moisture_differential
30.892044,29.285594,2.257885e+00,0.0050,tile_30.8740_29.2470,moisture_differential
30.903275999999998,29.285594,2.259737e+00,0.0055,tile_30.8740_29.2470,moisture_differential
30.90598,29.285594,2.692261e+00,0.1110,tile_30.8740_29.2470,moisture_differential
30.906084,29.285594,3.014046e+00,0.1895,tile_30.8740_29.2470,moisture_differential
30.906499999999998,29.285594,2.342481e+00,0.0256,tile_30.8740_29.2470,moisture_differential
30.906603999999998,29.285594,2.515749e+00,0.0679,tile_30.8740_29.2470,moisture_differential
30.906916,29.285594,2.264549e+00,0.0066,tile_30.8740_29.2470,moisture_differential
30.908372,29.285594,2.569717e+00,0.0811,tile_30.8740_29.2470,moisture_differential
30.909308,29.285594,2.759648e+00,0.1274,tile_30.8740_29.2470,moisture_differential
30.909412,29.285594,2.641017e+00,0.0985,tile_30.8740_29.2470,moisture_differential
30.910348,29.285594,2.322398e+00,0.0208,tile_30.8740_29.2470,moisture_differential
30.911804,29.285594,3.400797e+00,0.2838,tile_30.8740_29.2470,moisture_differential
30.911907999999997,29.285594,2.704457e+00,0.1140,tile_30.8740_29.2470,moisture_differential
30.91274,29.285594,2.824076e+00,0.1431,tile_30.8740_29.2470,moisture_differential
30.912844,29.285594,2.808113e+00,0.1392,tile_30.8740_29.2470,moisture_differential
30.912948,29.285594,2.356672e+00,0.0291,tile_30.8740_29.2470,moisture_differential
30.914403999999998,29.285594,2.362457e+00,0.0305,tile_30.8740_29.2470,moisture_differential
30.915339999999997,29.285594,2.550415e+00,0.0764,tile_30.8740_29.2470,moisture_differential
30.915443999999997,29.285594,2.399086e+00,0.0395,tile_30.8740_29.2470,moisture_differential
30.915547999999998,29.285594,2.365766e+00,0.0313,tile_30.8740_29.2470,moisture_differential
30.916276,29.285594,3.331412e+00,0.2669,tile_30.8740_29.2470,moisture_differential
30.91638,29.285594,2.898929e+00,0.1614,tile_30.8740_29.2470,moisture_differential
30.9169,29.285594,2.328328e+00,0.0222,tile_30.8740_29.2470,moisture_differential
30.918771999999997,29.285594,2.584201e+00,0.0846,tile_30.8740_29.2470,moisture_differential
30.918875999999997,29.285594,2.339175e+00,0.0248,tile_30.8740_29.2470,moisture_differential
30.919083999999998,29.285594,2.378134e+00,0.0343,tile_30.8740_29.2470,moisture_differential
30.924076,29.285594,2.277849e+00,0.0099,tile_30.8740_29.2470,moisture_differential
30.925531999999997,29.285594,2.274097e+00,0.0090,tile_30.8740_29.2470,moisture_differential
30.925947999999998,29.285594,2.298907e+00,0.0150,tile_30.8740_29.2470,moisture_differential
30.881539999999998,29.285502,2.951088e+00,0.1741,tile_30.8740_29.2470,moisture_differential
30.881643999999998,29.285502,2.901848e+00,0.1621,tile_30.8740_29.2470,moisture_differential
30.881747999999998,29.285502,2.277425e+00,0.0098,tile_30.8740_29.2470,moisture_differential
30.883827999999998,29.285502,2.348351e+00,0.0271,tile_30.8740_29.2470,moisture_differential
30.883931999999998,29.285502,2.365031e+00,0.0312,tile_30.8740_29.2470,moisture_differential
30.88466,29.285502,2.284654e+00,0.0115,tile_30.8740_29.2470,moisture_differential
30.893396,29.285502,2.274260e+00,0.0090,tile_30.8740_29.2470,moisture_differential
30.897036,29.285502,2.273866e+00,0.0089,tile_30.8740_29.2470,moisture_differential
30.897868,29.285502,2.380353e+00,0.0349,tile_30.8740_29.2470,moisture_differential
30.906603999999998,29.285502,2.275321e+00,0.0093,tile_30.8740_29.2470,moisture_differential
30.907539999999997,29.285502,2.417246e+00,0.0439,tile_30.8740_29.2470,moisture_differential
30.908268,29.285502,2.509014e+00,0.0663,tile_30.8740_29.2470,moisture_differential
30.909308,29.285502,2.768313e+00,0.1295,tile_30.8740_29.2470,moisture_differential
30.909412,29.285502,2.653372e+00,0.1015,tile_30.8740_29.2470,moisture_differential
30.909516,29.285502,2.305647e+00,0.0167,tile_30.8740_29.2470,moisture_differential
30.91014,29.285502,2.258610e+00,0.0052,tile_30.8740_29.2470,moisture_differential
30.9117,29.285502,2.706619e+00,0.1145,tile_30.8740_29.2470,moisture_differential
30.911804,29.285502,2.707898e+00,0.1148,tile_30.8740_29.2470,moisture_differential
30.911907999999997,29.285502,2.269663e+00,0.0079,tile_30.8740_29.2470,moisture_differential
30.912844,29.285502,2.362117e+00,0.0304,tile_30.8740_29.2470,moisture_differential
30.913676,29.285502,2.268709e+00,0.0077,tile_30.8740_29.2470,moisture_differential
30.914299999999997,29.285502,2.688114e+00,0.1100,tile_30.8740_29.2470,moisture_differential
30.914403999999998,29.285502,2.286608e+00,0.0120,tile_30.8740_29.2470,moisture_differential
30.914507999999998,29.285502,2.299139e+00,0.0151,tile_30.8740_29.2470,moisture_differential
30.914924,29.285502,2.471878e+00,0.0572,tile_30.8740_29.2470,moisture_differential
30.915028,29.285502,2.425752e+00,0.0460,tile_30.8740_29.2470,moisture_differential
30.915443999999997,29.285502,2.272625e+00,0.0086,tile_30.8740_29.2470,moisture_differential
30.916795999999998,29.285502,2.403061e+00,0.0404,tile_30.8740_29.2470,moisture_differential
30.918667999999997,29.285502,2.858194e+00,0.1515,tile_30.8740_29.2470,moisture_differential
30.918771999999997,29.285502,2.946962e+00,0.1731,tile_30.8740_29.2470,moisture_differential
30.918875999999997,29.285502,3.261252e+00,0.2498,tile_30.8740_29.2470,moisture_differential
30.918979999999998,29.285502,2.334761e+00,0.0238,tile_30.8740_29.2470,moisture_differential
30.92418,29.285502,3.065498e+00,0.2020,tile_30.8740_29.2470,moisture_differential
30.924284,29.285502,2.353848e+00,0.0284,tile_30.8740_29.2470,moisture_differential
30.924908,29.285502,2.550056e+00,0.0763,tile_30.8740_29.2470,moisture_differential
30.92522,29.285502,2.633659e+00,0.0967,tile_30.8740_29.2470,moisture_differential
30.925324,29.285502,2.258309e+00,0.0051,tile_30.8740_29.2470,moisture_differential
30.881643999999998,29.28541,3.034026e+00,0.1943,tile_30.8740_29.2470,moisture_differential
30.881747999999998,29.28541,3.085293e+00,0.2069,tile_30.8740_29.2470,moisture_differential
30.881852,29.28541,3.149420e+00,0.2225,tile_30.8740_29.2470,moisture_differential
30.883931999999998,29.28541,2.383222e+00,0.0356,tile_30.8740_29.2470,moisture_differential
30.884036,29.28541,2.396814e+00,0.0389,tile_30.8740_29.2470,moisture_differential
30.885804,29.28541,2.987644e+00,0.1830,tile_30.8740_29.2470,moisture_differential
30.885907999999997,29.28541,2.653890e+00,0.1016,tile_30.8740_29.2470,moisture_differential
30.891523999999997,29.28541,2.510768e+00,0.0667,tile_30.8740_29.2470,moisture_differential
30.896516,29.28541,2.777338e+00,0.1317,tile_30.8740_29.2470,moisture_differential
30.896828,29.28541,2.344529e+00,0.0261,tile_30.8740_29.2470,moisture_differential
30.896932,29.28541,2.488185e+00,0.0612,tile_30.8740_29.2470,moisture_differential
30.897036,29.28541,2.346536e+00,0.0266,tile_30.8740_29.2470,moisture_differential
30.897868,29.28541,2.588804e+00,0.0857,tile_30.8740_29.2470,moisture_differential
30.897972,29.28541,2.557498e+00,0.0781,tile_30.8740_29.2470,moisture_differential
30.903171999999998,29.28541,2.362755e+00,0.0306,tile_30.8740_29.2470,moisture_differential
30.905459999999998,29.28541,2.502482e+00,0.0647,tile_30.8740_29.2470,moisture_differential
30.905564,29.28541,2.839637e+00,0.1469,tile_30.8740_29.2470,moisture_differential
30.905668,29.28541,2.265615e+00,0.0069,tile_30.8740_29.2470,moisture_differential
30.907435999999997,29.28541,2.382753e+00,0.0355,tile_30.8740_29.2470,moisture_differential
30.907539999999997,29.28541,2.334059e+00,0.0236,tile_30.8740_29.2470,moisture_differential
30.907643999999998,29.28541,2.527507e+00,0.0708,tile_30.8740_29.2470,moisture_differential
30.907747999999998,29.28541,2.352210e+00,0.0280,tile_30.8740_29.2470,moisture_differential
30.908268,29.28541,2.257021e+00,0.0048,tile_30.8740_29.2470,moisture_differential
30.909412,29.28541,2.694586e+00,0.1115,tile_30.8740_29.2470,moisture_differential
30.909516,29.28541,2.836486e+00,0.1462,tile_30.8740_29.2470,moisture_differential
30.909723999999997,29.28541,2.335080e+00,0.0238,tile_30.8740_29.2470,moisture_differential
30.909827999999997,29.28541,2.310192e+00,0.0178,tile_30.8740_29.2470,moisture_differential
30.910763999999997,29.28541,2.366029e+00,0.0314,tile_30.8740_29.2470,moisture_differential
30.911075999999998,29.28541,3.122429e+00,0.2159,tile_30.8740_29.2470,moisture_differential
30.911179999999998,29.28541,2.907238e+00,0.1634,tile_30.8740_29.2470,moisture_differential
30.911284,29.28541,2.560471e+00,0.0788,tile_30.8740_29.2470,moisture_differential
30.914299999999997,29.28541,2.521540e+00,0.0693,tile_30.8740_29.2470,moisture_differential
30.914403999999998,29.28541,2.345992e+00,0.0265,tile_30.8740_29.2470,moisture_differential
30.914924,29.28541,2.299123e+00,0.0151,tile_30.8740_29.2470,moisture_differential
30.915028,29.28541,2.459348e+00,0.0542,tile_30.8740_29.2470,moisture_differential
30.915651999999998,29.28541,2.345990e+00,0.0265,tile_30.8740_29.2470,moisture_differential
30.91638,29.28541,2.363412e+00,0.0308,tile_30.8740_29.2470,moisture_differential
30.918771999999997,29.28541,2.247120e+00,0.0024,tile_30.8740_29.2470,moisture_differential
30.918875999999997,29.28541,2.685580e+00,0.1093,tile_30.8740_29.2470,moisture_differential
30.918979999999998,29.28541,2.559005e+00,0.0785,tile_30.8740_29.2470,moisture_differential
30.920852,29.28541,2.485146e+00,0.0605,tile_30.8740_29.2470,moisture_differential
30.923972,29.28541,2.243059e+00,0.0014,tile_30.8740_29.2470,moisture_differential
30.924076,29.28541,2.358286e+00,0.0295,tile_30.8740_29.2470,moisture_differential
30.924491999999997,29.28541,2.294110e+00,0.0138,tile_30.8740_29.2470,moisture_differential
30.924699999999998,29.28541,2.462177e+00,0.0548,tile_30.8740_29.2470,moisture_differential
30.924908,29.28541,2.572626e+00,0.0818,tile_30.8740_29.2470,moisture_differential
30.925739999999998,29.28541,2.449334e+00,0.0517,tile_30.8740_29.2470,moisture_differential
30.925947999999998,29.28541,2.335607e+00,0.0240,tile_30.8740_29.2470,moisture_differential
30.881747999999998,29.285318,2.482286e+00,0.0598,tile_30.8740_29.2470,moisture_differential
30.883723999999997,29.285318,2.253660e+00,0.0040,tile_30.8740_29.2470,moisture_differential
30.883827999999998,29.285318,2.493345e+00,0.0625,tile_30.8740_29.2470,moisture_differential
30.883931999999998,29.285318,2.560249e+00,0.0788,tile_30.8740_29.2470,moisture_differential
30.885804,29.285318,2.311820e+00,0.0182,tile_30.8740_29.2470,moisture_differential
30.885907999999997,29.285318,2.672418e+00,0.1061,tile_30.8740_29.2470,moisture_differential
30.896411999999998,29.285318,2.378801e+00,0.0345,tile_30.8740_29.2470,moisture_differential
30.896516,29.285318,2.503668e+00,0.0650,tile_30.8740_29.2470,moisture_differential
30.896828,29.285318,2.390272e+00,0.0373,tile_30.8740_29.2470,moisture_differential
30.896932,29.285318,2.679479e+00,0.1079,tile_30.8740_29.2470,moisture_differential
30.897451999999998,29.285318,2.376351e+00,0.0339,tile_30.8740_29.2470,moisture_differential
30.897764,29.285318,2.257513e+00,0.0049,tile_30.8740_29.2470,moisture_differential
30.897868,29.285318,2.511737e+00,0.0669,tile_30.8740_29.2470,moisture_differential
30.897972,29.285318,2.267743e+00,0.0074,tile_30.8740_29.2470,moisture_differential
30.905459999999998,29.285318,2.505608e+00,0.0654,tile_30.8740_29.2470,moisture_differential
30.905564,29.285318,2.776876e+00,0.1316,tile_30.8740_29.2470,moisture_differential
30.905668,29.285318,2.379335e+00,0.0346,tile_30.8740_29.2470,moisture_differential
30.907435999999997,29.285318,2.437317e+00,0.0488,tile_30.8740_29.2470,moisture_differential
30.907539999999997,29.285318,3.053186e+00,0.1990,tile_30.8740_29.2470,moisture_differential
30.907747999999998,29.285318,2.394549e+00,0.0384,tile_30.8740_29.2470,moisture_differential
30.90806,29.285318,2.610373e+00,0.0910,tile_30.8740_29.2470,moisture_differential
30.909516,29.285318,2.597854e+00,0.0879,tile_30.8740_29.2470,moisture_differential
30.911075999999998,29.285318,2.706494e+00,0.1144,tile_30.8740_29.2470,moisture_differential
30.911492,29.285318,2.532165e+00,0.0719,tile_30.8740_29.2470,moisture_differential
30.912115999999997,29.285318,2.407030e+00,0.0414,tile_30.8740_29.2470,moisture_differential
30.912219999999998,29.285318,2.415240e+00,0.0434,tile_30.8740_29.2470,moisture_differential
30.914716,29.285318,2.898417e+00,0.1613,tile_30.8740_29.2470,moisture_differential
30.915028,29.285318,2.490233e+00,0.0617,tile_30.8740_29.2470,moisture_differential
30.915132,29.285318,3.031693e+00,0.1938,tile_30.8740_29.2470,moisture_differential
30.915236,29.285318,2.580551e+00,0.0837,tile_30.8740_29.2470,moisture_differential
30.915651999999998,29.285318,2.572848e+00,0.0818,tile_30.8740_29.2470,moisture_differential
30.916276,29.285318,2.596224e+00,0.0875,tile_30.8740_29.2470,moisture_differential
30.91638,29.285318,2.561618e+00,0.0791,tile_30.8740_29.2470,moisture_differential
30.917108,29.285318,2.574842e+00,0.0823,tile_30.8740_29.2470,moisture_differential
30.917212,29.285318,2.622534e+00,0.0940,tile_30.8740_29.2470,moisture_differential
30.917316,29.285318,2.462248e+00,0.0549,tile_30.8740_29.2470,moisture_differential
30.918771999999997,29.285318,2.580635e+00,0.0837,tile_30.8740_29.2470,moisture_differential
30.918875999999997,29.285318,3.296869e+00,0.2585,tile_30.8740_29.2470,moisture_differential
30.918979999999998,29.285318,2.955726e+00,0.1752,tile_30.8740_29.2470,moisture_differential
30.924076,29.285318,2.405543e+00,0.0410,tile_30.8740_29.2470,moisture_differential
30.924595999999998,29.285318,2.472566e+00,0.0574,tile_30.8740_29.2470,moisture_differential
30.924803999999998,29.285318,2.712123e+00,0.1158,tile_30.8740_29.2470,moisture_differential
30.924908,29.285318,3.200527e+00,0.2350,tile_30.8740_29.2470,moisture_differential
30.925012,29.285318,2.865899e+00,0.1533,tile_30.8740_29.2470,moisture_differential
30.925116,29.285318,2.369022e+00,0.0321,tile_30.8740_29.2470,moisture_differential
30.925428,29.285318,2.276528e+00,0.0096,tile_30.8740_29.2470,moisture_differential
30.925947999999998,29.285318,2.276539e+00,0.0096,tile_30.8740_29.2470,moisture_differential
30.883827999999998,29.285225999999998,2.671238e+00,0.1058,tile_30.8740_29.2470,moisture_differential
30.896411999999998,29.285225999999998,2.240816e+00,0.0008,tile_30.8740_29.2470,moisture_differential
30.896828,29.285225999999998,2.331702e+00,0.0230,tile_30.8740_29.2470,moisture_differential
30.896932,29.285225999999998,2.418817e+00,0.0443,tile_30.8740_29.2470,moisture_differential
30.905564,29.285225999999998,2.351273e+00,0.0278,tile_30.8740_29.2470,moisture_differential
30.907643999999998,29.285225999999998,2.619696e+00,0.0933,tile_30.8740_29.2470,moisture_differential
30.907747999999998,29.285225999999998,2.379243e+00,0.0346,tile_30.8740_29.2470,moisture_differential
30.908268,29.285225999999998,2.464759e+00,0.0555,tile_30.8740_29.2470,moisture_differential
30.909516,29.285225999999998,2.362622e+00,0.0306,tile_30.8740_29.2470,moisture_differential
30.909619999999997,29.285225999999998,2.460129e+00,0.0543,tile_30.8740_29.2470,moisture_differential
30.91014,29.285225999999998,2.440927e+00,0.0497,tile_30.8740_29.2470,moisture_differential
30.910556,29.285225999999998,2.467488e+00,0.0561,tile_30.8740_29.2470,moisture_differential
30.912011999999997,29.285225999999998,3.063666e+00,0.2016,tile_30.8740_29.2470,moisture_differential
30.912115999999997,29.285225999999998,2.429615e+00,0.0469,tile_30.8740_29.2470,moisture_differential
30.912219999999998,29.285225999999998,2.375138e+00,0.0336,tile_30.8740_29.2470,moisture_differential
30.912948,29.285225999999998,2.570511e+00,0.0813,tile_30.8740_29.2470,moisture_differential
30.914092,29.285225999999998,2.567191e+00,0.0805,tile_30.8740_29.2470,moisture_differential
30.914507999999998,29.285225999999998,2.540521e+00,0.0740,tile_30.8740_29.2470,moisture_differential
30.914611999999998,29.285225999999998,2.239907e+00,0.0006,tile_30.8740_29.2470,moisture_differential
30.914716,29.285225999999998,3.214852e+00,0.2385,tile_30.8740_29.2470,moisture_differential
30.91482,29.285225999999998,2.501937e+00,0.0645,tile_30.8740_29.2470,moisture_differential
30.915028,29.285225999999998,2.661757e+00,0.1035,tile_30.8740_29.2470,moisture_differential
30.915132,29.285225999999998,3.267370e+00,0.2513,tile_30.8740_29.2470,moisture_differential
30.915236,29.285225999999998,3.409698e+00,0.2860,tile_30.8740_29.2470,moisture_differential
30.915651999999998,29.285225999999998,2.402163e+00,0.0402,tile_30.8740_29.2470,moisture_differential
30.916276,29.285225999999998,2.616506e+00,0.0925,tile_30.8740_29.2470,moisture_differential
30.91638,29.285225999999998,3.119478e+00,0.2152,tile_30.8740_29.2470,moisture_differential
30.917108,29.285225999999998,2.992505e+00,0.1842,tile_30.8740_29.2470,moisture_differential
30.917212,29.285225999999998,3.124929e+00,0.2165,tile_30.8740_29.2470,moisture_differential
30.917316,29.285225999999998,2.328994e+00,0.0224,tile_30.8740_29.2470,moisture_differential
30.918875999999997,29.285225999999998,2.935384e+00,0.1703,tile_30.8740_29.2470,moisture_differential
30.918979999999998,29.285225999999998,3.741458e+00,0.3669,tile_30.8740_29.2470,moisture_differential
30.924284,29.285225999999998,2.461356e+00,0.0546,tile_30.8740_29.2470,moisture_differential
30.924387999999997,29.285225999999998,2.924284e+00,0.1676,tile_30.8740_29.2470,moisture_differential
30.924491999999997,29.285225999999998,2.338055e+00,0.0246,tile_30.8740_29.2470,moisture_differential
30.924803999999998,29.285225999999998,2.450318e+00,0.0520,tile_30.8740_29.2470,moisture_differential
30.924908,29.285225999999998,2.829979e+00,0.1446,tile_30.8740_29.2470,moisture_differential
30.925012,29.285225999999998,3.063182e+00,0.2015,tile_30.8740_29.2470,moisture_differential
30.92522,29.285225999999998,2.274562e+00,0.0091,tile_30.8740_29.2470,moisture_differential
30.878315999999998,29.285134,2.410899e+00,0.0423,tile_30.8740_29.2470,moisture_differential
30.87842,29.285134,2.391334e+00,0.0376,tile_30.8740_29.2470,moisture_differential
30.892667999999997,29.285134,2.358131e+00,0.0295,tile_30.8740_29.2470,moisture_differential
30.89662,29.285134,3.203318e+00,0.2356,tile_30.8740_29.2470,moisture_differential
30.897972,29.285134,2.599115e+00,0.0883,tile_30.8740_29.2470,moisture_differential
30.898076,29.285134,2.541848e+00,0.0743,tile_30.8740_29.2470,moisture_differential
30.90442,29.285134,2.256672e+00,0.0047,tile_30.8740_29.2470,moisture_differential
30.906708,29.285134,2.403521e+00,0.0405,tile_30.8740_29.2470,moisture_differential
30.907643999999998,29.285134,2.377961e+00,0.0343,tile_30.8740_29.2470,moisture_differential
30.907956,29.285134,2.437220e+00,0.0488,tile_30.8740_29.2470,moisture_differential
30.908476,29.285134,2.542069e+00,0.0743,tile_30.8740_29.2470,moisture_differential
30.91014,29.285134,2.393940e+00,0.0382,tile_30.8740_29.2470,moisture_differential
30.910556,29.285134,2.241083e+00,0.0009,tile_30.8740_29.2470,moisture_differential
30.910763999999997,29.285134,2.253130e+00,0.0039,tile_30.8740_29.2470,moisture_differential
30.912011999999997,29.285134,2.362052e+00,0.0304,tile_30.8740_29.2470,moisture_differential
30.912115999999997,29.285134,2.886035e+00,0.1582,tile_30.8740_29.2470,moisture_differential
30.912219999999998,29.285134,2.679733e+00,0.1079,tile_30.8740_29.2470,moisture_differential
30.914611999999998,29.285134,3.401299e+00,0.2839,tile_30.8740_29.2470,moisture_differential
30.914716,29.285134,3.197870e+00,0.2343,tile_30.8740_29.2470,moisture_differential
30.91482,29.285134,2.953434e+00,0.1747,tile_30.8740_29.2470,moisture_differential
30.915132,29.285134,2.594391e+00,0.0871,tile_30.8740_29.2470,moisture_differential
30.915236,29.285134,3.015186e+00,0.1898,tile_30.8740_29.2470,moisture_differential
30.915547999999998,29.285134,2.472251e+00,0.0573,tile_30.8740_29.2470,moisture_differential
30.915651999999998,29.285134,2.288497e+00,0.0125,tile_30.8740_29.2470,moisture_differential
30.91638,29.285134,2.425885e+00,0.0460,tile_30.8740_29.2470,moisture_differential
30.916483999999997,29.285134,2.709682e+00,0.1152,tile_30.8740_29.2470,moisture_differential
30.916587999999997,29.285134,2.242897e+00,0.0014,tile_30.8740_29.2470,moisture_differential
30.916691999999998,29.285134,2.472714e+00,0.0574,tile_30.8740_29.2470,moisture_differential
30.916795999999998,29.285134,2.492323e+00,0.0622,tile_30.8740_29.2470,moisture_differential
30.9169,29.285134,2.392963e+00,0.0380,tile_30.8740_29.2470,moisture_differential
30.917004,29.285134,2.648933e+00,0.1004,tile_30.8740_29.2470,moisture_differential
30.917108,29.285134,2.893476e+00,0.1601,tile_30.8740_29.2470,moisture_differential
30.917212,29.285134,2.676973e+00,0.1072,tile_30.8740_29.2470,moisture_differential
30.918979999999998,29.285134,2.270210e+00,0.0080,tile_30.8740_29.2470,moisture_differential
30.919083999999998,29.285134,2.655743e+00,0.1021,tile_30.8740_29.2470,moisture_differential
30.92418,29.285134,2.525897e+00,0.0704,tile_30.8740_29.2470,moisture_differential
30.924284,29.285134,2.394837e+00,0.0384,tile_30.8740_29.2470,moisture_differential
30.924595999999998,29.285134,2.249430e+00,0.0030,tile_30.8740_29.2470,moisture_differential
30.924908,29.285134,2.686450e+00,0.1096,tile_30.8740_29.2470,moisture_differential
30.925012,29.285134,3.420848e+00,0.2887,tile_30.8740_29.2470,moisture_differential
30.92522,29.285134,2.240426e+00,0.0008,tile_30.8740_29.2470,moisture_differential
30.925635999999997,29.285134,2.475052e+00,0.0580,tile_30.8740_29.2470,moisture_differential
30.88102,29.285042,2.511282e+00,0.0668,tile_30.8740_29.2470,moisture_differential
30.8935,29.285042,2.482296e+00,0.0598,tile_30.8740_29.2470,moisture_differential
30.89662,29.285042,3.527761e+00,0.3148,tile_30.8740_29.2470,moisture_differential
30.896724,29.285042,2.758206e+00,0.1271,tile_30.8740_29.2470,moisture_differential
30.896828,29.285042,2.308048e+00,0.0172,tile_30.8740_29.2470,moisture_differential
30.897972,29.285042,3.061682e+00,0.2011,tile_30.8740_29.2470,moisture_differential
30.898076,29.285042,2.883694e+00,0.1577,tile_30.8740_29.2470,moisture_differential
30.906603999999998,29.285042,2.299027e+00,0.0150,tile_30.8740_29.2470,moisture_differential
30.90702,29.285042,2.370019e+00,0.0324,tile_30.8740_29.2470,moisture_differential
30.907539999999997,29.285042,2.759738e+00,0.1274,tile_30.8740_29.2470,moisture_differential
30.908476,29.285042,2.471474e+00,0.0571,tile_30.8740_29.2470,moisture_differential
30.908891999999998,29.285042,2.359077e+00,0.0297,tile_30.8740_29.2470,moisture_differential
30.908996,29.285042,2.792905e+00,0.1355,tile_30.8740_29.2470,moisture_differential
30.910035999999998,29.285042,2.527564e+00,0.0708,tile_30.8740_29.2470,moisture_differential
30.910556,29.285042,2.487358e+00,0.0610,tile_30.8740_29.2470,moisture_differential
30.911075999999998,29.285042,2.526772e+00,0.0706,tile_30.8740_29.2470,moisture_differential
30.911179999999998,29.285042,2.279979e+00,0.0104,tile_30.8740_29.2470,moisture_differential
30.911284,29.285042,2.665544e+00,0.1045,tile_30.8740_29.2470,moisture_differential
30.9117,29.285042,2.780826e+00,0.1326,tile_30.8740_29.2470,moisture_differential
30.912011999999997,29.285042,2.832587e+00,0.1452,tile_30.8740_29.2470,moisture_differential
30.912115999999997,29.285042,2.604653e+00,0.0896,tile_30.8740_29.2470,moisture_differential
30.913988,29.285042,2.390529e+00,0.0374,tile_30.8740_29.2470,moisture_differential
30.914507999999998,29.285042,2.947116e+00,0.1731,tile_30.8740_29.2470,moisture_differential
30.914611999999998,29.285042,3.170610e+00,0.2277,tile_30.8740_29.2470,moisture_differential
30.914716,29.285042,2.871092e+00,0.1546,tile_30.8740_29.2470,moisture_differential
30.915443999999997,29.285042,2.346014e+00,0.0265,tile_30.8740_29.2470,moisture_differential
30.915547999999998,29.285042,2.691448e+00,0.1108,tile_30.8740_29.2470,moisture_differential
30.915651999999998,29.285042,2.510326e+00,0.0666,tile_30.8740_29.2470,moisture_differential
30.919083999999998,29.285042,2.430817e+00,0.0472,tile_30.8740_29.2470,moisture_differential
30.919188,29.285042,2.242097e+00,0.0012,tile_30.8740_29.2470,moisture_differential
30.9195,29.285042,2.239329e+00,0.0005,tile_30.8740_29.2470,moisture_differential
30.920644,29.285042,2.306461e+00,0.0169,tile_30.8740_29.2470,moisture_differential
30.92418,29.285042,2.498050e+00,0.0636,tile_30.8740_29.2470,moisture_differential
30.924284,29.285042,2.516487e+00,0.0681,tile_30.8740_29.2470,moisture_differential
30.924803999999998,29.285042,2.429559e+00,0.0469,tile_30.8740_29.2470,moisture_differential
30.924908,29.285042,2.916174e+00,0.1656,tile_30.8740_29.2470,moisture_differential
30.925012,29.285042,2.517660e+00,0.0684,tile_30.8740_29.2470,moisture_differential
30.925635999999997,29.285042,2.824002e+00,0.1431,tile_30.8740_29.2470,moisture_differential
30.925739999999998,29.285042,2.347451e+00,0.0269,tile_30.8740_29.2470,moisture_differential
30.892771999999997,29.28495,2.602203e+00,0.0890,tile_30.8740_29.2470,moisture_differential
30.8935,29.28495,2.288067e+00,0.0124,tile_30.8740_29.2470,moisture_differential
30.893604,29.28495,2.292764e+00,0.0135,tile_30.8740_29.2470,moisture_differential
30.89662,29.28495,2.971457e+00,0.1791,tile_30.8740_29.2470,moisture_differential
30.896724,29.28495,2.780475e+00,0.1325,tile_30.8740_29.2470,moisture_differential
30.896828,29.28495,2.628844e+00,0.0955,tile_30.8740_29.2470,moisture_differential
30.906916,29.28495,2.266178e+00,0.0070,tile_30.8740_29.2470,moisture_differential
30.90806,29.28495,2.381258e+00,0.0351,tile_30.8740_29.2470,moisture_differential
30.908787999999998,29.28495,2.829143e+00,0.1444,tile_30.8740_29.2470,moisture_differential
30.908891999999998,29.28495,2.662066e+00,0.1036,tile_30.8740_29.2470,moisture_differential
30.911284,29.28495,2.244293e+00,0.0017,tile_30.8740_29.2470,moisture_differential
30.911388,29.28495,2.384857e+00,0.0360,tile_30.8740_29.2470,moisture_differential
30.911492,29.28495,2.674119e+00,0.1066,tile_30.8740_29.2470,moisture_differential
30.911596,29.28495,2.781805e+00,0.1328,tile_30.8740_29.2470,moisture_differential
30.911804,29.28495,2.711385e+00,0.1156,tile_30.8740_29.2470,moisture_differential
30.911907999999997,29.28495,2.327137e+00,0.0219,tile_30.8740_29.2470,moisture_differential
30.912011999999997,29.28495,2.487564e+00,0.0610,tile_30.8740_29.2470,moisture_differential
30.912115999999997,29.28495,2.406554e+00,0.0413,tile_30.8740_29.2470,moisture_differential
30.912219999999998,29.28495,2.404164e+00,0.0407,tile_30.8740_29.2470,moisture_differential
30.912323999999998,29.28495,2.716075e+00,0.1168,tile_30.8740_29.2470,moisture_differential
30.912636,29.28495,2.507545e+00,0.0659,tile_30.8740_29.2470,moisture_differential
30.913884,29.28495,2.612325e+00,0.0915,tile_30.8740_29.2470,moisture_differential
30.913988,29.28495,2.996864e+00,0.1853,tile_30.8740_29.2470,moisture_differential
30.914092,29.28495,2.240543e+00,0.0008,tile_30.8740_29.2470,moisture_differential
30.914507999999998,29.28495,3.201748e+00,0.2353,tile_30.8740_29.2470,moisture_differential
30.914611999999998,29.28495,2.983536e+00,0.1820,tile_30.8740_29.2470,moisture_differential
30.914716,29.28495,2.552578e+00,0.0769,tile_30.8740_29.2470,moisture_differential
30.915547999999998,29.28495,2.260236e+00,0.0056,tile_30.8740_29.2470,moisture_differential
30.915651999999998,29.28495,2.436372e+00,0.0486,tile_30.8740_29.2470,moisture_differential
30.915964,29.28495,2.286317e+00,0.0119,tile_30.8740_29.2470,moisture_differential
30.916172,29.28495,2.647395e+00,0.1000,tile_30.8740_29.2470,moisture_differential
30.916276,29.28495,2.580565e+00,0.0837,tile_30.8740_29.2470,moisture_differential
30.917004,29.28495,2.263675e+00,0.0064,tile_30.8740_29.2470,moisture_differential
30.92418,29.28495,2.339948e+00,0.0250,tile_30.8740_29.2470,moisture_differential
30.924699999999998,29.28495,2.417474e+00,0.0439,tile_30.8740_29.2470,moisture_differential
30.924803999999998,29.28495,2.806543e+00,0.1389,tile_30.8740_29.2470,moisture_differential
30.924908,29.28495,2.624135e+00,0.0944,tile_30.8740_29.2470,moisture_differential
30.925739999999998,29.28495,2.416268e+00,0.0436,tile_30.8740_29.2470,moisture_differential
30.878003999999997,29.284858,2.501132e+00,0.0644,tile_30.8740_29.2470,moisture_differential
30.889651999999998,29.284858,2.238472e+00,0.0003,tile_30.8740_29.2470,moisture_differential
30.8935,29.284858,2.243107e+00,0.0014,tile_30.8740_29.2470,moisture_differential
30.893604,29.284858,2.262906e+00,0.0062,tile_30.8740_29.2470,moisture_differential
30.893708,29.284858,2.597756e+00,0.0879,tile_30.8740_29.2470,moisture_differential
30.893811999999997,29.284858,2.649799e+00,0.1006,tile_30.8740_29.2470,moisture_differential
30.89662,29.284858,2.587346e+00,0.0854,tile_30.8740_29.2470,moisture_differential
30.90234,29.284858,2.320633e+00,0.0203,tile_30.8740_29.2470,moisture_differential
30.90702,29.284858,2.435485e+00,0.0483,tile_30.8740_29.2470,moisture_differential
30.907643999999998,29.284858,2.428219e+00,0.0466,tile_30.8740_29.2470,moisture_differential
30.907747999999998,29.284858,2.335735e+00,0.0240,tile_30.8740_29.2470,moisture_differential
30.907852,29.284858,2.278284e+00,0.0100,tile_30.8740_29.2470,moisture_differential
30.90806,29.284858,2.560195e+00,0.0788,tile_30.8740_29.2470,moisture_differential
30.908372,29.284858,2.415282e+00,0.0434,tile_30.8740_29.2470,moisture_differential
30.908787999999998,29.284858,2.464464e+00,0.0554,tile_30.8740_29.2470,moisture_differential
30.909412,29.284858,2.406926e+00,0.0414,tile_30.8740_29.2470,moisture_differential
30.909931999999998,29.284858,2.568166e+00,0.0807,tile_30.8740_29.2470,moisture_differential
30.910035999999998,29.284858,2.261951e+00,0.0060,tile_30.8740_29.2470,moisture_differential
30.910556,29.284858,2.425210e+00,0.0458,tile_30.8740_29.2470,moisture_differential
30.91066,29.284858,2.352518e+00,0.0281,tile_30.8740_29.2470,moisture_differential
30.911179999999998,29.284858,2.308234e+00,0.0173,tile_30.8740_29.2470,moisture_differential
30.911284,29.284858,2.505441e+00,0.0654,tile_30.8740_29.2470,moisture_differential
30.911388,29.284858,2.285064e+00,0.0116,tile_30.8740_29.2470,moisture_differential
30.9117,29.284858,2.636468e+00,0.0974,tile_30.8740_29.2470,moisture_differential
30.911804,29.284858,3.060008e+00,0.2007,tile_30.8740_29.2470,moisture_differential
30.911907999999997,29.284858,2.582738e+00,0.0843,tile_30.8740_29.2470,moisture_differential
30.912011999999997,29.284858,2.263783e+00,0.0065,tile_30.8740_29.2470,moisture_differential
30.912115999999997,29.284858,2.565487e+00,0.0801,tile_30.8740_29.2470,moisture_differential
30.912219999999998,29.284858,2.308044e+00,0.0172,tile_30.8740_29.2470,moisture_differential
30.912323999999998,29.284858,2.696347e+00,0.1120,tile_30.8740_29.2470,moisture_differential
30.912428,29.284858,3.072223e+00,0.2037,tile_30.8740_29.2470,moisture_differential
30.912532,29.284858,2.717072e+00,0.1170,tile_30.8740_29.2470,moisture_differential
30.912636,29.284858,2.289244e+00,0.0127,tile_30.8740_29.2470,moisture_differential
30.913467999999998,29.284858,2.647498e+00,0.1001,tile_30.8740_29.2470,moisture_differential
30.91378,29.284858,2.659555e+00,0.1030,tile_30.8740_29.2470,moisture_differential
30.913884,29.284858,2.799350e+00,0.1371,tile_30.8740_29.2470,moisture_differential
30.913988,29.284858,3.174757e+00,0.2287,tile_30.8740_29.2470,moisture_differential
30.914092,29.284858,3.259254e+00,0.2493,tile_30.8740_29.2470,moisture_differential
30.914507999999998,29.284858,2.536435e+00,0.0730,tile_30.8740_29.2470,moisture_differential
30.914611999999998,29.284858,2.885058e+00,0.1580,tile_30.8740_29.2470,moisture_differential
30.914716,29.284858,2.384809e+00,0.0360,tile_30.8740_29.2470,moisture_differential
30.91482,29.284858,2.696221e+00,0.1119,tile_30.8740_29.2470,moisture_differential
30.914924,29.284858,2.486611e+00,0.0608,tile_30.8740_29.2470,moisture_differential
30.91586,29.284858,2.893728e+00,0.1601,tile_30.8740_29.2470,moisture_differential
30.915964,29.284858,2.640331e+00,0.0983,tile_30.8740_29.2470,moisture_differential
30.916068,29.284858,2.583267e+00,0.0844,tile_30.8740_29.2470,moisture_differential
30.916172,29.284858,3.158222e+00,0.2246,tile_30.8740_29.2470,moisture_differential
30.916276,29.284858,3.742846e+00,0.3673,tile_30.8740_29.2470,moisture_differential
30.91638,29.284858,2.470490e+00,0.0569,tile_30.8740_29.2470,moisture_differential
30.917004,29.284858,2.612723e+00,0.0916,tile_30.8740_29.2470,moisture_differential
30.917108,29.284858,2.806988e+00,0.1390,tile_30.8740_29.2470,moisture_differential
30.918771999999997,29.284858,2.254011e+00,0.0041,tile_30.8740_29.2470,moisture_differential
30.919083999999998,29.284858,2.336274e+00,0.0241,tile_30.8740_29.2470,moisture_differential
30.92418,29.284858,2.438144e+00,0.0490,tile_30.8740_29.2470,moisture_differential
30.924387999999997,29.284858,2.581053e+00,0.0838,tile_30.8740_29.2470,moisture_differential
30.924491999999997,29.284858,2.242408e+00,0.0012,tile_30.8740_29.2470,moisture_differential
30.924803999999998,29.284858,2.239633e+00,0.0006,tile_30.8740_29.2470,moisture_differential
30.924908,29.284858,2.495059e+00,0.0629,tile_30.8740_29.2470,moisture_differential
30.925843999999998,29.284858,2.343867e+00,0.0260,tile_30.8740_29.2470,moisture_differential
30.8779,29.284765999999998,2.434718e+00,0.0482,tile_30.8740_29.2470,moisture_differential
30.878003999999997,29.284765999999998,2.932055e+00,0.1695,tile_30.8740_29.2470,moisture_differential
30.881435999999997,29.284765999999998,2.309804e+00,0.0177,tile_30.8740_29.2470,moisture_differential
30.881539999999998,29.284765999999998,2.285095e+00,0.0117,tile_30.8740_29.2470,moisture_differential
30.882164,29.284765999999998,2.482977e+00,0.0599,tile_30.8740_29.2470,moisture_differential
30.889651999999998,29.284765999999998,2.386848e+00,0.0365,tile_30.8740_29.2470,moisture_differential
30.893708,29.284765999999998,2.737003e+00,0.1219,tile_30.8740_29.2470,moisture_differential
30.893811999999997,29.284765999999998,3.024784e+00,0.1921,tile_30.8740_29.2470,moisture_differential
30.893915999999997,29.284765999999998,2.542396e+00,0.0744,tile_30.8740_29.2470,moisture_differential
30.896307999999998,29.284765999999998,2.523047e+00,0.0697,tile_30.8740_29.2470,moisture_differential
30.900156,29.284765999999998,2.285320e+00,0.0117,tile_30.8740_29.2470,moisture_differential
30.908891999999998,29.284765999999998,2.283701e+00,0.0113,tile_30.8740_29.2470,moisture_differential
30.909412,29.284765999999998,2.277965e+00,0.0099,tile_30.8740_29.2470,moisture_differential
30.91014,29.284765999999998,2.759651e+00,0.1274,tile_30.8740_29.2470,moisture_differential
30.910244,29.284765999999998,2.616360e+00,0.0925,tile_30.8740_29.2470,moisture_differential
30.910556,29.284765999999998,3.089512e+00,0.2079,tile_30.8740_29.2470,moisture_differential
30.911284,29.284765999999998,2.925635e+00,0.1679,tile_30.8740_29.2470,moisture_differential
30.911388,29.284765999999998,2.818383e+00,0.1417,tile_30.8740_29.2470,moisture_differential
30.911596,29.284765999999998,2.424009e+00,0.0455,tile_30.8740_29.2470,moisture_differential
30.9117,29.284765999999998,2.765188e+00,0.1288,tile_30.8740_29.2470,moisture_differential
30.911804,29.284765999999998,2.813085e+00,0.1405,tile_30.8740_29.2470,moisture_differential
30.911907999999997,29.284765999999998,2.564964e+00,0.0799,tile_30.8740_29.2470,moisture_differential
30.912011999999997,29.284765999999998,2.445803e+00,0.0509,tile_30.8740_29.2470,moisture_differential
30.912323999999998,29.284765999999998,2.857854e+00,0.1514,tile_30.8740_29.2470,moisture_differential
30.912428,29.284765999999998,2.377640e+00,0.0342,tile_30.8740_29.2470,moisture_differential
30.912532,29.284765999999998,2.476114e+00,0.0582,tile_30.8740_29.2470,moisture_differential
30.913363999999998,29.284765999999998,2.742675e+00,0.1233,tile_30.8740_29.2470,moisture_differential
30.913467999999998,29.284765999999998,2.696495e+00,0.1120,tile_30.8740_29.2470,moisture_differential
30.913572,29.284765999999998,2.580216e+00,0.0836,tile_30.8740_29.2470,moisture_differential
30.913676,29.284765999999998,2.783257e+00,0.1332,tile_30.8740_29.2470,moisture_differential
30.913884,29.284765999999998,2.597682e+00,0.0879,tile_30.8740_29.2470,moisture_differential
30.913988,29.284765999999998,3.025502e+00,0.1923,tile_30.8740_29.2470,moisture_differential
30.914092,29.284765999999998,2.843514e+00,0.1479,tile_30.8740_29.2470,moisture_differential
30.914195999999997,29.284765999999998,2.529207e+00,0.0712,tile_30.8740_29.2470,moisture_differential
30.914924,29.284765999999998,2.766307e+00,0.1290,tile_30.8740_29.2470,moisture_differential
30.915028,29.284765999999998,2.310319e+00,0.0178,tile_30.8740_29.2470,moisture_differential
30.915651999999998,29.284765999999998,2.360987e+00,0.0302,tile_30.8740_29.2470,moisture_differential
30.91586,29.284765999999998,2.631705e+00,0.0962,tile_30.8740_29.2470,moisture_differential
30.915964,29.284765999999998,2.796608e+00,0.1364,tile_30.8740_29.2470,moisture_differential
30.916068,29.284765999999998,2.485557e+00,0.0606,tile_30.8740_29.2470,moisture_differential
30.916172,29.284765999999998,2.415465e+00,0.0435,tile_30.8740_29.2470,moisture_differential
30.916276,29.284765999999998,3.038915e+00,0.1955,tile_30.8740_29.2470,moisture_differential
30.916483999999997,29.284765999999998,2.330391e+00,0.0227,tile_30.8740_29.2470,moisture_differential
30.917004,29.284765999999998,3.154593e+00,0.2238,tile_30.8740_29.2470,moisture_differential
30.917108,29.284765999999998,3.261562e+00,0.2499,tile_30.8740_29.2470,moisture_differential
30.917627999999997,29.284765999999998,2.377852e+00,0.0343,tile_30.8740_29.2470,moisture_differential
30.917731999999997,29.284765999999998,2.932566e+00,0.1696,tile_30.8740_29.2470,moisture_differential
30.917835999999998,29.284765999999998,2.525496e+00,0.0703,tile_30.8740_29.2470,moisture_differential
30.918875999999997,29.284765999999998,2.415798e+00,0.0435,tile_30.8740_29.2470,moisture_differential
30.918979999999998,29.284765999999998,2.480177e+00,0.0592,tile_30.8740_29.2470,moisture_differential
30.919396,29.284765999999998,2.263762e+00,0.0064,tile_30.8740_29.2470,moisture_differential
30.924491999999997,29.284765999999998,2.255778e+00,0.0045,tile_30.8740_29.2470,moisture_differential
30.924595999999998,29.284765999999998,2.331401e+00,0.0229,tile_30.8740_29.2470,moisture_differential
30.925843999999998,29.284765999999998,2.430665e+00,0.0472,tile_30.8740_29.2470,moisture_differential
30.881539999999998,29.284674,2.341936e+00,0.0255,tile_30.8740_29.2470,moisture_differential
30.889547999999998,29.284674,2.373536e+00,0.0332,tile_30.8740_29.2470,moisture_differential
30.889651999999998,29.284674,2.728791e+00,0.1199,tile_30.8740_29.2470,moisture_differential
30.893604,29.284674,2.348470e+00,0.0271,tile_30.8740_29.2470,moisture_differential
30.893708,29.284674,2.353203e+00,0.0283,tile_30.8740_29.2470,moisture_differential
30.893811999999997,29.284674,2.914850e+00,0.1653,tile_30.8740_29.2470,moisture_differential
30.893915999999997,29.284674,2.309409e+00,0.0176,tile_30.8740_29.2470,moisture_differential
30.903171999999998,29.284674,2.457806e+00,0.0538,tile_30.8740_29.2470,moisture_differential
30.905876,29.284674,2.290671e+00,0.0130,tile_30.8740_29.2470,moisture_differential
30.907643999999998,29.284674,2.725299e+00,0.1190,tile_30.8740_29.2470,moisture_differential
30.90806,29.284674,2.492892e+00,0.0623,tile_30.8740_29.2470,moisture_differential
30.908372,29.284674,2.312704e+00,0.0184,tile_30.8740_29.2470,moisture_differential
30.909412,29.284674,2.587880e+00,0.0855,tile_30.8740_29.2470,moisture_differential
30.910556,29.284674,2.543516e+00,0.0747,tile_30.8740_29.2470,moisture_differential
30.91066,29.284674,2.255708e+00,0.0045,tile_30.8740_29.2470,moisture_differential
30.911284,29.284674,2.484247e+00,0.0602,tile_30.8740_29.2470,moisture_differential
30.911388,29.284674,2.532426e+00,0.0720,tile_30.8740_29.2470,moisture_differential
30.911596,29.284674,2.332847e+00,0.0233,tile_30.8740_29.2470,moisture_differential
30.9117,29.284674,2.379479e+00,0.0347,tile_30.8740_29.2470,moisture_differential
30.911804,29.284674,2.360472e+00,0.0300,tile_30.8740_29.2470,moisture_differential
30.911907999999997,29.284674,2.591218e+00,0.0863,tile_30.8740_29.2470,moisture_differential
30.912011999999997,29.284674,2.418533e+00,0.0442,tile_30.8740_29.2470,moisture_differential
30.912115999999997,29.284674,2.361847e+00,0.0304,tile_30.8740_29.2470,moisture_differential
30.912323999999998,29.284674,2.242744e+00,0.0013,tile_30.8740_29.2470,moisture_differential
30.912428,29.284674,2.607179e+00,0.0902,tile_30.8740_29.2470,moisture_differential
30.912532,29.284674,2.578144e+00,0.0831,tile_30.8740_29.2470,moisture_differential
30.912636,29.284674,2.385875e+00,0.0362,tile_30.8740_29.2470,moisture_differential
30.913363999999998,29.284674,2.366875e+00,0.0316,tile_30.8740_29.2470,moisture_differential
30.913467999999998,29.284674,2.519315e+00,0.0688,tile_30.8740_29.2470,moisture_differential
30.913572,29.284674,2.980874e+00,0.1814,tile_30.8740_29.2470,moisture_differential
30.913676,29.284674,2.987561e+00,0.1830,tile_30.8740_29.2470,moisture_differential
30.913884,29.284674,2.375905e+00,0.0338,tile_30.8740_29.2470,moisture_differential
30.913988,29.284674,2.778374e+00,0.1320,tile_30.8740_29.2470,moisture_differential
30.914092,29.284674,2.403688e+00,0.0406,tile_30.8740_29.2470,moisture_differential
30.915651999999998,29.284674,2.434307e+00,0.0480,tile_30.8740_29.2470,moisture_differential
30.915756,29.284674,2.255159e+00,0.0043,tile_30.8740_29.2470,moisture_differential
30.916068,29.284674,2.367726e+00,0.0318,tile_30.8740_29.2470,moisture_differential
30.916172,29.284674,2.267490e+00,0.0074,tile_30.8740_29.2470,moisture_differential
30.917004,29.284674,2.385863e+00,0.0362,tile_30.8740_29.2470,moisture_differential
30.917108,29.284674,3.336185e+00,0.2681,tile_30.8740_29.2470,moisture_differential
30.917212,29.284674,2.645015e+00,0.0995,tile_30.8740_29.2470,moisture_differential
30.917627999999997,29.284674,2.302750e+00,0.0160,tile_30.8740_29.2470,moisture_differential
30.917731999999997,29.284674,2.922026e+00,0.1670,tile_30.8740_29.2470,moisture_differential
30.917835999999998,29.284674,2.879504e+00,0.1567,tile_30.8740_29.2470,moisture_differential
30.919083999999998,29.284674,2.316942e+00,0.0194,tile_30.8740_29.2470,moisture_differential
30.92418,29.284674,2.343060e+00,0.0258,tile_30.8740_29.2470,moisture_differential
30.924284,29.284674,2.373647e+00,0.0333,tile_30.8740_29.2470,moisture_differential
30.925012,29.284674,2.517742e+00,0.0684,tile_30.8740_29.2470,moisture_differential
30.92522,29.284674,2.245791e+00,0.0021,tile_30.8740_29.2470,moisture_differential
30.925324,29.284674,2.499997e+00,0.0641,tile_30.8740_29.2470,moisture_differential
30.925843999999998,29.284674,2.337246e+00,0.0244,tile_30.8740_29.2470,moisture_differential
30.879044,29.284582,2.325142e+00,0.0214,tile_30.8740_29.2470,moisture_differential
30.893708,29.284582,2.380354e+00,0.0349,tile_30.8740_29.2470,moisture_differential
30.893811999999997,29.284582,2.529247e+00,0.0712,tile_30.8740_29.2470,moisture_differential
30.906084,29.284582,2.417184e+00,0.0439,tile_30.8740_29.2470,moisture_differential
30.906708,29.284582,2.335687e+00,0.0240,tile_30.8740_29.2470,moisture_differential
30.907435999999997,29.284582,2.253257e+00,0.0039,tile_30.8740_29.2470,moisture_differential
30.907539999999997,29.284582,2.291503e+00,0.0132,tile_30.8740_29.2470,moisture_differential
30.907956,29.284582,2.919365e+00,0.1664,tile_30.8740_29.2470,moisture_differential
30.90806,29.284582,2.778787e+00,0.1321,tile_30.8740_29.2470,moisture_differential
30.908891999999998,29.284582,2.260231e+00,0.0056,tile_30.8740_29.2470,moisture_differential
30.910035999999998,29.284582,2.630232e+00,0.0958,tile_30.8740_29.2470,moisture_differential
30.910556,29.284582,2.367327e+00,0.0317,tile_30.8740_29.2470,moisture_differential
30.91066,29.284582,2.352614e+00,0.0281,tile_30.8740_29.2470,moisture_differential
30.910763999999997,29.284582,2.359218e+00,0.0297,tile_30.8740_29.2470,moisture_differential
30.911075999999998,29.284582,2.332225e+00,0.0231,tile_30.8740_29.2470,moisture_differential
30.911179999999998,29.284582,2.530020e+00,0.0714,tile_30.8740_29.2470,moisture_differential
30.911907999999997,29.284582,2.314425e+00,0.0188,tile_30.8740_29.2470,moisture_differential
30.912011999999997,29.284582,2.910805e+00,0.1643,tile_30.8740_29.2470,moisture_differential
30.912115999999997,29.284582,2.306440e+00,0.0169,tile_30.8740_29.2470,moisture_differential
30.912219999999998,29.284582,2.460229e+00,0.0544,tile_30.8740_29.2470,moisture_differential
30.912428,29.284582,2.542099e+00,0.0743,tile_30.8740_29.2470,moisture_differential
30.912532,29.284582,2.474290e+00,0.0578,tile_30.8740_29.2470,moisture_differential
30.912636,29.284582,2.500029e+00,0.0641,tile_30.8740_29.2470,moisture_differential
30.913363999999998,29.284582,2.395760e+00,0.0386,tile_30.8740_29.2470,moisture_differential
30.913467999999998,29.284582,3.106864e+00,0.2121,tile_30.8740_29.2470,moisture_differential
30.913572,29.284582,2.964381e+00,0.1774,tile_30.8740_29.2470,moisture_differential
30.913676,29.284582,2.504879e+00,0.0653,tile_30.8740_29.2470,moisture_differential
30.914092,29.284582,2.415463e+00,0.0435,tile_30.8740_29.2470,moisture_differential
30.914299999999997,29.284582,2.625752e+00,0.0948,tile_30.8740_29.2470,moisture_differential
30.914507999999998,29.284582,2.636765e+00,0.0974,tile_30.8740_29.2470,moisture_differential
30.915964,29.284582,2.377537e+00,0.0342,tile_30.8740_29.2470,moisture_differential
30.916068,29.284582,2.747010e+00,0.1243,tile_30.8740_29.2470,moisture_differential
30.916172,29.284582,2.255189e+00,0.0044,tile_30.8740_29.2470,moisture_differential
30.917627999999997,29.284582,2.473530e+00,0.0576,tile_30.8740_29.2470,moisture_differential
30.917731999999997,29.284582,2.818221e+00,0.1417,tile_30.8740_29.2470,moisture_differential
30.917835999999998,29.284582,2.330795e+00,0.0228,tile_30.8740_29.2470,moisture_differential
30.92418,29.284582,2.266134e+00,0.0070,tile_30.8740_29.2470,moisture_differential
30.924284,29.284582,2.380036e+00,0.0348,tile_30.8740_29.2470,moisture_differential
30.924387999999997,29.284582,2.427132e+00,0.0463,tile_30.8740_29.2470,moisture_differential
30.924595999999998,29.284582,2.710776e+00,0.1155,tile_30.8740_29.2470,moisture_differential
30.924699999999998,29.284582,2.998442e+00,0.1857,tile_30.8740_29.2470,moisture_differential
30.925324,29.284582,2.280625e+00,0.0106,tile_30.8740_29.2470,moisture_differential
30.893708,29.284489999999998,2.533424e+00,0.0722,tile_30.8740_29.2470,moisture_differential
30.893811999999997,29.284489999999998,2.359134e+00,0.0297,tile_30.8740_29.2470,moisture_differential
30.903588,29.284489999999998,2.259890e+00,0.0055,tile_30.8740_29.2470,moisture_differential
30.905459999999998,29.284489999999998,2.360026e+00,0.0299,tile_30.8740_29.2470,moisture_differential
30.905564,29.284489999999998,2.630454e+00,0.0959,tile_30.8740_29.2470,moisture_differential
30.90598,29.284489999999998,2.473800e+00,0.0577,tile_30.8740_29.2470,moisture_differential
30.906084,29.284489999999998,2.689600e+00,0.1103,tile_30.8740_29.2470,moisture_differential
30.907124,29.284489999999998,2.621433e+00,0.0937,tile_30.8740_29.2470,moisture_differential
30.907228,29.284489999999998,2.285781e+00,0.0118,tile_30.8740_29.2470,moisture_differential
30.908164,29.284489999999998,2.307883e+00,0.0172,tile_30.8740_29.2470,moisture_differential
30.908579999999997,29.284489999999998,2.506290e+00,0.0656,tile_30.8740_29.2470,moisture_differential
30.909204,29.284489999999998,2.313652e+00,0.0186,tile_30.8740_29.2470,moisture_differential
30.909308,29.284489999999998,2.245016e+00,0.0019,tile_30.8740_29.2470,moisture_differential
30.91014,29.284489999999998,2.860567e+00,0.1520,tile_30.8740_29.2470,moisture_differential
30.910763999999997,29.284489999999998,2.242760e+00,0.0013,tile_30.8740_29.2470,moisture_differential
30.912115999999997,29.284489999999998,2.328184e+00,0.0222,tile_30.8740_29.2470,moisture_differential
30.912323999999998,29.284489999999998,2.372529e+00,0.0330,tile_30.8740_29.2470,moisture_differential
30.912428,29.284489999999998,3.835945e+00,0.3900,tile_30.8740_29.2470,moisture_differential
30.912532,29.284489999999998,3.224890e+00,0.2409,tile_30.8740_29.2470,moisture_differential
30.912636,29.284489999999998,2.718569e+00,0.1174,tile_30.8740_29.2470,moisture_differential
30.91274,29.284489999999998,2.554571e+00,0.0774,tile_30.8740_29.2470,moisture_differential
30.912948,29.284489999999998,2.316477e+00,0.0193,tile_30.8740_29.2470,moisture_differential
30.913051999999997,29.284489999999998,2.347152e+00,0.0268,tile_30.8740_29.2470,moisture_differential
30.914092,29.284489999999998,2.463989e+00,0.0553,tile_30.8740_29.2470,moisture_differential
30.914195999999997,29.284489999999998,2.864676e+00,0.1530,tile_30.8740_29.2470,moisture_differential
30.914299999999997,29.284489999999998,3.057452e+00,0.2001,tile_30.8740_29.2470,moisture_differential
30.914403999999998,29.284489999999998,2.598693e+00,0.0882,tile_30.8740_29.2470,moisture_differential
30.914507999999998,29.284489999999998,2.489607e+00,0.0615,tile_30.8740_29.2470,moisture_differential
30.915132,29.284489999999998,2.267685e+00,0.0074,tile_30.8740_29.2470,moisture_differential
30.915964,29.284489999999998,2.454808e+00,0.0531,tile_30.8740_29.2470,moisture_differential
30.91742,29.284489999999998,2.774129e+00,0.1309,tile_30.8740_29.2470,moisture_differential
30.917731999999997,29.284489999999998,2.290493e+00,0.0130,tile_30.8740_29.2470,moisture_differential
30.917835999999998,29.284489999999998,2.381103e+00,0.0351,tile_30.8740_29.2470,moisture_differential
30.919396,29.284489999999998,2.238879e+00,0.0004,tile_30.8740_29.2470,moisture_differential
30.9195,29.284489999999998,2.788893e+00,0.1345,tile_30.8740_29.2470,moisture_differential
30.92418,29.284489999999998,2.317688e+00,0.0196,tile_30.8740_29.2470,moisture_differential
30.924595999999998,29.284489999999998,2.565324e+00,0.0800,tile_30.8740_29.2470,moisture_differential
30.924699999999998,29.284489999999998,2.623985e+00,0.0943,tile_30.8740_29.2470,moisture_differential
30.925116,29.284489999999998,2.317554e+00,0.0196,tile_30.8740_29.2470,moisture_differential
30.925739999999998,29.284489999999998,2.400149e+00,0.0397,tile_30.8740_29.2470,moisture_differential
30.925843999999998,29.284489999999998,2.310904e+00,0.0179,tile_30.8740_29.2470,moisture_differential
30.878524,29.284398,2.269784e+00,0.0079,tile_30.8740_29.2470,moisture_differential
30.879251999999997,29.284398,2.336802e+00,0.0243,tile_30.8740_29.2470,moisture_differential
30.905564,29.284398,2.329450e+00,0.0225,tile_30.8740_29.2470,moisture_differential
30.905772,29.284398,2.372888e+00,0.0331,tile_30.8740_29.2470,moisture_differential
30.906084,29.284398,2.287567e+00,0.0123,tile_30.8740_29.2470,moisture_differential
30.907124,29.284398,2.273189e+00,0.0087,tile_30.8740_29.2470,moisture_differential
30.907956,29.284398,2.476584e+00,0.0584,tile_30.8740_29.2470,moisture_differential
30.908268,29.284398,2.355187e+00,0.0287,tile_30.8740_29.2470,moisture_differential
30.908372,29.284398,2.252325e+00,0.0037,tile_30.8740_29.2470,moisture_differential
30.908891999999998,29.284398,2.477205e+00,0.0585,tile_30.8740_29.2470,moisture_differential
30.909308,29.284398,2.473531e+00,0.0576,tile_30.8740_29.2470,moisture_differential
30.910035999999998,29.284398,2.328700e+00,0.0223,tile_30.8740_29.2470,moisture_differential
30.91014,29.284398,2.546415e+00,0.0754,tile_30.8740_29.2470,moisture_differential
30.910244,29.284398,2.506368e+00,0.0656,tile_30.8740_29.2470,moisture_differential
30.910556,29.284398,2.435480e+00,0.0483,tile_30.8740_29.2470,moisture_differential
30.911907999999997,29.284398,2.336671e+00,0.0242,tile_30.8740_29.2470,moisture_differential
30.912115999999997,29.284398,2.553878e+00,0.0772,tile_30.8740_29.2470,moisture_differential
30.912428,29.284398,2.904283e+00,0.1627,tile_30.8740_29.2470,moisture_differential
30.912532,29.284398,2.789824e+00,0.1348,tile_30.8740_29.2470,moisture_differential
30.912636,29.284398,2.724134e+00,0.1188,tile_30.8740_29.2470,moisture_differential
30.91274,29.284398,2.536194e+00,0.0729,tile_30.8740_29.2470,moisture_differential
30.914092,29.284398,2.362113e+00,0.0304,tile_30.8740_29.2470,moisture_differential
30.914195999999997,29.284398,3.086015e+00,0.2070,tile_30.8740_29.2470,moisture_differential
30.914299999999997,29.284398,3.115241e+00,0.2142,tile_30.8740_29.2470,moisture_differential
30.914403999999998,29.284398,2.443820e+00,0.0504,tile_30.8740_29.2470,moisture_differential
30.917004,29.284398,2.249339e+00,0.0029,tile_30.8740_29.2470,moisture_differential
30.917108,29.284398,2.415575e+00,0.0435,tile_30.8740_29.2470,moisture_differential
30.917731999999997,29.284398,2.477979e+00,0.0587,tile_30.8740_29.2470,moisture_differential
30.919396,29.284398,2.328915e+00,0.0223,tile_30.8740_29.2470,moisture_differential
30.924803999999998,29.284398,2.677524e+00,0.1074,tile_30.8740_29.2470,moisture_differential
30.924908,29.284398,2.298228e+00,0.0149,tile_30.8740_29.2470,moisture_differential
30.925843999999998,29.284398,2.260032e+00,0.0055,tile_30.8740_29.2470,moisture_differential
30.87894,29.284306,2.338438e+00,0.0247,tile_30.8740_29.2470,moisture_differential
30.879044,29.284306,2.433759e+00,0.0479,tile_30.8740_29.2470,moisture_differential
30.905355999999998,29.284306,2.699247e+00,0.1127,tile_30.8740_29.2470,moisture_differential
30.905459999999998,29.284306,2.403243e+00,0.0405,tile_30.8740_29.2470,moisture_differential
30.905772,29.284306,2.390308e+00,0.0373,tile_30.8740_29.2470,moisture_differential
30.906395999999997,29.284306,2.397573e+00,0.0391,tile_30.8740_29.2470,moisture_differential
30.906812,29.284306,2.803638e+00,0.1381,tile_30.8740_29.2470,moisture_differential
30.906916,29.284306,2.345343e+00,0.0263,tile_30.8740_29.2470,moisture_differential
30.907956,29.284306,2.445083e+00,0.0507,tile_30.8740_29.2470,moisture_differential
30.909204,29.284306,3.484209e+00,0.3042,tile_30.8740_29.2470,moisture_differential
30.909412,29.284306,2.869982e+00,0.1543,tile_30.8740_29.2470,moisture_differential
30.910556,29.284306,2.461140e+00,0.0546,tile_30.8740_29.2470,moisture_differential
30.91066,29.284306,2.265736e+00,0.0069,tile_30.8740_29.2470,moisture_differential
30.911804,29.284306,2.580170e+00,0.0836,tile_30.8740_29.2470,moisture_differential
30.911907999999997,29.284306,2.799829e+00,0.1372,tile_30.8740_29.2470,moisture_differential
30.912011999999997,29.284306,2.565628e+00,0.0801,tile_30.8740_29.2470,moisture_differential
30.912115999999997,29.284306,2.482359e+00,0.0598,tile_30.8740_29.2470,moisture_differential
30.912219999999998,29.284306,2.323896e+00,0.0211,tile_30.8740_29.2470,moisture_differential
30.912532,29.284306,2.516255e+00,0.0680,tile_30.8740_29.2470,moisture_differential
30.912636,29.284306,2.782224e+00,0.1329,tile_30.8740_29.2470,moisture_differential
30.91274,29.284306,2.271979e+00,0.0085,tile_30.8740_29.2470,moisture_differential
30.913363999999998,29.284306,2.390076e+00,0.0373,tile_30.8740_29.2470,moisture_differential
30.91378,29.284306,2.775638e+00,0.1313,tile_30.8740_29.2470,moisture_differential
30.913884,29.284306,2.799342e+00,0.1371,tile_30.8740_29.2470,moisture_differential
30.914092,29.284306,2.329193e+00,0.0224,tile_30.8740_29.2470,moisture_differential
30.914195999999997,29.284306,3.506452e+00,0.3096,tile_30.8740_29.2470,moisture_differential
30.914299999999997,29.284306,3.234465e+00,0.2432,tile_30.8740_29.2470,moisture_differential
30.914403999999998,29.284306,2.858805e+00,0.1516,tile_30.8740_29.2470,moisture_differential
30.914507999999998,29.284306,2.900176e+00,0.1617,tile_30.8740_29.2470,moisture_differential
30.914611999999998,29.284306,2.400272e+00,0.0397,tile_30.8740_29.2470,moisture_differential
30.914924,29.284306,2.566923e+00,0.0804,tile_30.8740_29.2470,moisture_differential
30.915028,29.284306,2.282524e+00,0.0110,tile_30.8740_29.2470,moisture_differential
30.915236,29.284306,2.367568e+00,0.0318,tile_30.8740_29.2470,moisture_differential
30.915339999999997,29.284306,2.389198e+00,0.0370,tile_30.8740_29.2470,moisture_differential
30.915443999999997,29.284306,2.268393e+00,0.0076,tile_30.8740_29.2470,moisture_differential
30.917108,29.284306,2.331334e+00,0.0229,tile_30.8740_29.2470,moisture_differential
30.917212,29.284306,2.283394e+00,0.0112,tile_30.8740_29.2470,moisture_differential
30.917939999999998,29.284306,2.611140e+00,0.0912,tile_30.8740_29.2470,moisture_differential
30.918667999999997,29.284306,2.582907e+00,0.0843,tile_30.8740_29.2470,moisture_differential
30.918771999999997,29.284306,2.276514e+00,0.0096,tile_30.8740_29.2470,moisture_differential
30.924284,29.284306,2.369074e+00,0.0321,tile_30.8740_29.2470,moisture_differential
30.879772,29.284214,2.478771e+00,0.0589,tile_30.8740_29.2470,moisture_differential
30.879876,29.284214,2.477158e+00,0.0585,tile_30.8740_29.2470,moisture_differential
30.87998,29.284214,2.558320e+00,0.0783,tile_30.8740_29.2470,moisture_differential
30.880084,29.284214,2.507523e+00,0.0659,tile_30.8740_29.2470,moisture_differential
30.903796,29.284214,2.422200e+00,0.0451,tile_30.8740_29.2470,moisture_differential
30.9039,29.284214,2.363630e+00,0.0308,tile_30.8740_29.2470,moisture_differential
30.905355999999998,29.284214,2.381520e+00,0.0352,tile_30.8740_29.2470,moisture_differential
30.90598,29.284214,2.335373e+00,0.0239,tile_30.8740_29.2470,moisture_differential
30.906499999999998,29.284214,2.587888e+00,0.0855,tile_30.8740_29.2470,moisture_differential
30.90702,29.284214,2.683286e+00,0.1088,tile_30.8740_29.2470,moisture_differential
30.907124,29.284214,2.755754e+00,0.1265,tile_30.8740_29.2470,moisture_differential
30.907539999999997,29.284214,2.525076e+00,0.0702,tile_30.8740_29.2470,moisture_differential
30.907643999999998,29.284214,2.316189e+00,0.0192,tile_30.8740_29.2470,moisture_differential
30.909516,29.284214,2.374040e+00,0.0333,tile_30.8740_29.2470,moisture_differential
30.909827999999997,29.284214,2.343836e+00,0.0260,tile_30.8740_29.2470,moisture_differential
30.910556,29.284214,2.947272e+00,0.1732,tile_30.8740_29.2470,moisture_differential
30.911596,29.284214,2.307267e+00,0.0171,tile_30.8740_29.2470,moisture_differential
30.9117,29.284214,2.489874e+00,0.0616,tile_30.8740_29.2470,moisture_differential
30.911907999999997,29.284214,2.527056e+00,0.0707,tile_30.8740_29.2470,moisture_differential
30.912428,29.284214,2.372160e+00,0.0329,tile_30.8740_29.2470,moisture_differential
30.912636,29.284214,2.488406e+00,0.0612,tile_30.8740_29.2470,moisture_differential
30.91378,29.284214,2.915111e+00,0.1653,tile_30.8740_29.2470,moisture_differential
30.913884,29.284214,3.807352e+00,0.3830,tile_30.8740_29.2470,moisture_differential
30.913988,29.284214,2.884436e+00,0.1579,tile_30.8740_29.2470,moisture_differential
30.914092,29.284214,2.772220e+00,0.1305,tile_30.8740_29.2470,moisture_differential
30.914195999999997,29.284214,2.669769e+00,0.1055,tile_30.8740_29.2470,moisture_differential
30.914507999999998,29.284214,2.646557e+00,0.0998,tile_30.8740_29.2470,moisture_differential
30.914924,29.284214,2.637977e+00,0.0977,tile_30.8740_29.2470,moisture_differential
30.915028,29.284214,2.753190e+00,0.1258,tile_30.8740_29.2470,moisture_differential
30.915236,29.284214,2.562731e+00,0.0794,tile_30.8740_29.2470,moisture_differential
30.915339999999997,29.284214,2.762055e+00,0.1280,tile_30.8740_29.2470,moisture_differential
30.917939999999998,29.284214,2.382644e+00,0.0354,tile_30.8740_29.2470,moisture_differential
30.918044,29.284214,2.675348e+00,0.1069,tile_30.8740_29.2470,moisture_differential
30.918667999999997,29.284214,3.047735e+00,0.1977,tile_30.8740_29.2470,moisture_differential
30.918771999999997,29.284214,3.060963e+00,0.2009,tile_30.8740_29.2470,moisture_differential
30.919292,29.284214,2.274472e+00,0.0091,tile_30.8740_29.2470,moisture_differential
30.924699999999998,29.284214,2.430949e+00,0.0472,tile_30.8740_29.2470,moisture_differential
30.924803999999998,29.284214,2.261364e+00,0.0059,tile_30.8740_29.2470,moisture_differential
30.879772,29.284122,2.670597e+00,0.1057,tile_30.8740_29.2470,moisture_differential
30.879876,29.284122,2.402554e+00,0.0403,tile_30.8740_29.2470,moisture_differential
30.87998,29.284122,2.497359e+00,0.0634,tile_30.8740_29.2470,moisture_differential
30.880084,29.284122,2.345645e+00,0.0264,tile_30.8740_29.2470,moisture_differential
30.880916,29.284122,2.250628e+00,0.0032,tile_30.8740_29.2470,moisture_differential
30.889028,29.284122,2.327530e+00,0.0220,tile_30.8740_29.2470,moisture_differential
30.901923999999998,29.284122,2.326262e+00,0.0217,tile_30.8740_29.2470,moisture_differential
30.903692,29.284122,2.597991e+00,0.0880,tile_30.8740_29.2470,moisture_differential
30.903796,29.284122,2.616169e+00,0.0924,tile_30.8740_29.2470,moisture_differential
30.904836,29.284122,2.608432e+00,0.0905,tile_30.8740_29.2470,moisture_differential
30.90494,29.284122,2.254209e+00,0.0041,tile_30.8740_29.2470,moisture_differential
30.905668,29.284122,2.263660e+00,0.0064,tile_30.8740_29.2470,moisture_differential
30.906395999999997,29.284122,3.262282e+00,0.2500,tile_30.8740_29.2470,moisture_differential
30.906499999999998,29.284122,3.421706e+00,0.2889,tile_30.8740_29.2470,moisture_differential
30.906603999999998,29.284122,2.547448e+00,0.0757,tile_30.8740_29.2470,moisture_differential
30.906708,29.284122,2.392934e+00,0.0380,tile_30.8740_29.2470,moisture_differential
30.907747999999998,29.284122,2.463178e+00,0.0551,tile_30.8740_29.2470,moisture_differential
30.907852,29.284122,3.136343e+00,0.2193,tile_30.8740_29.2470,moisture_differential
30.908164,29.284122,2.390390e+00,0.0373,tile_30.8740_29.2470,moisture_differential
30.9091,29.284122,2.431128e+00,0.0473,tile_30.8740_29.2470,moisture_differential
30.909516,29.284122,2.266931e+00,0.0072,tile_30.8740_29.2470,moisture_differential
30.909723999999997,29.284122,2.465164e+00,0.0556,tile_30.8740_29.2470,moisture_differential
30.911804,29.284122,2.489281e+00,0.0615,tile_30.8740_29.2470,moisture_differential
30.91378,29.284122,3.142914e+00,0.2209,tile_30.8740_29.2470,moisture_differential
30.913884,29.284122,3.520941e+00,0.3131,tile_30.8740_29.2470,moisture_differential
30.913988,29.284122,3.108733e+00,0.2126,tile_30.8740_29.2470,moisture_differential
30.914092,29.284122,2.607434e+00,0.0903,tile_30.8740_29.2470,moisture_differential
30.914195999999997,29.284122,2.377619e+00,0.0342,tile_30.8740_29.2470,moisture_differential
30.914299999999997,29.284122,2.325304e+00,0.0215,tile_30.8740_29.2470,moisture_differential
30.914403999999998,29.284122,2.571424e+00,0.0815,tile_30.8740_29.2470,moisture_differential
30.91482,29.284122,2.424694e+00,0.0457,tile_30.8740_29.2470,moisture_differential
30.91742,29.284122,2.274081e+00,0.0090,tile_30.8740_29.2470,moisture_differential
30.918044,29.284122,2.579708e+00,0.0835,tile_30.8740_29.2470,moisture_differential
30.918148,29.284122,2.412474e+00,0.0427,tile_30.8740_29.2470,moisture_differential
30.918564,29.284122,2.621601e+00,0.0937,tile_30.8740_29.2470,moisture_differential
30.918667999999997,29.284122,2.662661e+00,0.1038,tile_30.8740_29.2470,moisture_differential
30.918771999999997,29.284122,2.352391e+00,0.0281,tile_30.8740_29.2470,moisture_differential
30.918979999999998,29.284122,2.380472e+00,0.0349,tile_30.8740_29.2470,moisture_differential
30.919915999999997,29.284122,2.308616e+00,0.0174,tile_30.8740_29.2470,moisture_differential
30.922307999999997,29.284122,2.350963e+00,0.0277,tile_30.8740_29.2470,moisture_differential
30.925012,29.284122,2.267352e+00,0.0073,tile_30.8740_29.2470,moisture_differential
30.925531999999997,29.284122,2.261449e+00,0.0059,tile_30.8740_29.2470,moisture_differential
30.879772,29.284029999999998,2.711855e+00,0.1158,tile_30.8740_29.2470,moisture_differential
30.87998,29.284029999999998,2.246234e+00,0.0022,tile_30.8740_29.2470,moisture_differential
30.880188,29.284029999999998,2.448279e+00,0.0515,tile_30.8740_29.2470,moisture_differential
30.882683999999998,29.284029999999998,2.562918e+00,0.0794,tile_30.8740_29.2470,moisture_differential
30.882787999999998,29.284029999999998,2.496432e+00,0.0632,tile_30.8740_29.2470,moisture_differential
30.888924,29.284029999999998,2.492878e+00,0.0623,tile_30.8740_29.2470,moisture_differential
30.903796,29.284029999999998,2.441236e+00,0.0497,tile_30.8740_29.2470,moisture_differential
30.904315999999998,29.284029999999998,2.362153e+00,0.0304,tile_30.8740_29.2470,moisture_differential
30.90442,29.284029999999998,2.429696e+00,0.0469,tile_30.8740_29.2470,moisture_differential
30.904524,29.284029999999998,2.703014e+00,0.1136,tile_30.8740_29.2470,moisture_differential
30.904836,29.284029999999998,2.690676e+00,0.1106,tile_30.8740_29.2470,moisture_differential
30.905355999999998,29.284029999999998,2.285244e+00,0.0117,tile_30.8740_29.2470,moisture_differential
30.906395999999997,29.284029999999998,2.572920e+00,0.0819,tile_30.8740_29.2470,moisture_differential
30.906499999999998,29.284029999999998,3.130090e+00,0.2178,tile_30.8740_29.2470,moisture_differential
30.906603999999998,29.284029999999998,2.375425e+00,0.0337,tile_30.8740_29.2470,moisture_differential
30.906708,29.284029999999998,2.297229e+00,0.0146,tile_30.8740_29.2470,moisture_differential
30.907539999999997,29.284029999999998,2.478301e+00,0.0588,tile_30.8740_29.2470,moisture_differential
30.907643999999998,29.284029999999998,2.411633e+00,0.0425,tile_30.8740_29.2470,moisture_differential
30.907747999999998,29.284029999999998,2.255911e+00,0.0045,tile_30.8740_29.2470,moisture_differential
30.907852,29.284029999999998,2.455259e+00,0.0532,tile_30.8740_29.2470,moisture_differential
30.909308,29.284029999999998,2.264045e+00,0.0065,tile_30.8740_29.2470,moisture_differential
30.909827999999997,29.284029999999998,2.308829e+00,0.0174,tile_30.8740_29.2470,moisture_differential
30.909931999999998,29.284029999999998,2.322003e+00,0.0207,tile_30.8740_29.2470,moisture_differential
30.910035999999998,29.284029999999998,2.366473e+00,0.0315,tile_30.8740_29.2470,moisture_differential
30.91014,29.284029999999998,2.811349e+00,0.1400,tile_30.8740_29.2470,moisture_differential
30.912219999999998,29.284029999999998,2.331138e+00,0.0229,tile_30.8740_29.2470,moisture_differential
30.912636,29.284029999999998,2.271249e+00,0.0083,tile_30.8740_29.2470,moisture_differential
30.91378,29.284029999999998,2.401739e+00,0.0401,tile_30.8740_29.2470,moisture_differential
30.913884,29.284029999999998,3.068445e+00,0.2027,tile_30.8740_29.2470,moisture_differential
30.913988,29.284029999999998,2.671764e+00,0.1060,tile_30.8740_29.2470,moisture_differential
30.914092,29.284029999999998,2.338869e+00,0.0248,tile_30.8740_29.2470,moisture_differential
30.914195999999997,29.284029999999998,2.257750e+00,0.0050,tile_30.8740_29.2470,moisture_differential
30.917316,29.284029999999998,2.337492e+00,0.0244,tile_30.8740_29.2470,moisture_differential
30.917523999999997,29.284029999999998,2.286060e+00,0.0119,tile_30.8740_29.2470,moisture_differential
30.918564,29.284029999999998,2.359697e+00,0.0298,tile_30.8740_29.2470,moisture_differential
30.918771999999997,29.284029999999998,2.376854e+00,0.0340,tile_30.8740_29.2470,moisture_differential
30.918875999999997,29.284029999999998,2.372795e+00,0.0330,tile_30.8740_29.2470,moisture_differential
30.880084,29.283938,2.327110e+00,0.0219,tile_30.8740_29.2470,moisture_differential
30.880188,29.283938,2.713008e+00,0.1160,tile_30.8740_29.2470,moisture_differential
30.882476,29.283938,2.480460e+00,0.0593,tile_30.8740_29.2470,moisture_differential
30.882787999999998,29.283938,2.311560e+00,0.0181,tile_30.8740_29.2470,moisture_differential
30.887676,29.283938,2.430678e+00,0.0472,tile_30.8740_29.2470,moisture_differential
30.903692,29.283938,2.288079e+00,0.0124,tile_30.8740_29.2470,moisture_differential
30.903796,29.283938,2.281029e+00,0.0107,tile_30.8740_29.2470,moisture_differential
30.904107999999997,29.283938,2.475626e+00,0.0581,tile_30.8740_29.2470,moisture_differential
30.904211999999998,29.283938,2.301630e+00,0.0157,tile_30.8740_29.2470,moisture_differential
30.904315999999998,29.283938,2.339490e+00,0.0249,tile_30.8740_29.2470,moisture_differential
30.90442,29.283938,2.491458e+00,0.0620,tile_30.8740_29.2470,moisture_differential
30.904524,29.283938,2.946560e+00,0.1730,tile_30.8740_29.2470,moisture_differential
30.904628,29.283938,2.724621e+00,0.1189,tile_30.8740_29.2470,moisture_differential
30.905147999999997,29.283938,2.249156e+00,0.0029,tile_30.8740_29.2470,moisture_differential
30.906395999999997,29.283938,2.485583e+00,0.0606,tile_30.8740_29.2470,moisture_differential
30.906499999999998,29.283938,2.850437e+00,0.1496,tile_30.8740_29.2470,moisture_differential
30.906603999999998,29.283938,2.291281e+00,0.0132,tile_30.8740_29.2470,moisture_differential
30.906708,29.283938,2.302058e+00,0.0158,tile_30.8740_29.2470,moisture_differential
30.907539999999997,29.283938,2.356857e+00,0.0292,tile_30.8740_29.2470,moisture_differential
30.908164,29.283938,2.521079e+00,0.0692,tile_30.8740_29.2470,moisture_differential
30.908579999999997,29.283938,2.323492e+00,0.0210,tile_30.8740_29.2470,moisture_differential
30.908683999999997,29.283938,2.429113e+00,0.0468,tile_30.8740_29.2470,moisture_differential
30.910035999999998,29.283938,2.239940e+00,0.0006,tile_30.8740_29.2470,moisture_differential
30.911804,29.283938,2.726563e+00,0.1193,tile_30.8740_29.2470,moisture_differential
30.912219999999998,29.283938,2.539151e+00,0.0736,tile_30.8740_29.2470,moisture_differential
30.912844,29.283938,2.297108e+00,0.0146,tile_30.8740_29.2470,moisture_differential
30.913988,29.283938,2.801783e+00,0.1377,tile_30.8740_29.2470,moisture_differential
30.914092,29.283938,2.674238e+00,0.1066,tile_30.8740_29.2470,moisture_differential
30.914195999999997,29.283938,2.872630e+00,0.1550,tile_30.8740_29.2470,moisture_differential
30.914507999999998,29.283938,2.276128e+00,0.0095,tile_30.8740_29.2470,moisture_differential
30.917316,29.283938,2.661931e+00,0.1036,tile_30.8740_29.2470,moisture_differential
30.91742,29.283938,2.974432e+00,0.1798,tile_30.8740_29.2470,moisture_differential
30.917523999999997,29.283938,3.160641e+00,0.2252,tile_30.8740_29.2470,moisture_differential
30.917731999999997,29.283938,2.329553e+00,0.0225,tile_30.8740_29.2470,moisture_differential
30.917835999999998,29.283938,2.484281e+00,0.0602,tile_30.8740_29.2470,moisture_differential
30.917939999999998,29.283938,2.263168e+00,0.0063,tile_30.8740_29.2470,moisture_differential
30.918044,29.283938,2.384785e+00,0.0360,tile_30.8740_29.2470,moisture_differential
30.918771999999997,29.283938,2.313926e+00,0.0187,tile_30.8740_29.2470,moisture_differential
30.924491999999997,29.283938,2.360489e+00,0.0300,tile_30.8740_29.2470,moisture_differential
30.924595999999998,29.283938,2.400709e+00,0.0399,tile_30.8740_29.2470,moisture_differential
30.925324,29.283938,2.318284e+00,0.0197,tile_30.8740_29.2470,moisture_differential
30.880084,29.283846,2.482364e+00,0.0598,tile_30.8740_29.2470,moisture_differential
30.880188,29.283846,2.940323e+00,0.1715,tile_30.8740_29.2470,moisture_differential
30.900571999999997,29.283846,2.362670e+00,0.0306,tile_30.8740_29.2470,moisture_differential
30.903796,29.283846,2.331240e+00,0.0229,tile_30.8740_29.2470,moisture_differential
30.904211999999998,29.283846,2.440765e+00,0.0496,tile_30.8740_29.2470,moisture_differential
30.90442,29.283846,2.258773e+00,0.0052,tile_30.8740_29.2470,moisture_differential
30.904524,29.283846,2.506143e+00,0.0656,tile_30.8740_29.2470,moisture_differential
30.904628,29.283846,2.431252e+00,0.0473,tile_30.8740_29.2470,moisture_differential
30.906499999999998,29.283846,2.831202e+00,0.1449,tile_30.8740_29.2470,moisture_differential
30.906708,29.283846,2.437369e+00,0.0488,tile_30.8740_29.2470,moisture_differential
30.906812,29.283846,2.243288e+00,0.0015,tile_30.8740_29.2470,moisture_differential
30.90702,29.283846,2.286406e+00,0.0120,tile_30.8740_29.2470,moisture_differential
30.907435999999997,29.283846,2.600156e+00,0.0885,tile_30.8740_29.2470,moisture_differential
30.907539999999997,29.283846,3.768064e+00,0.3734,tile_30.8740_29.2470,moisture_differential
30.907643999999998,29.283846,2.368444e+00,0.0320,tile_30.8740_29.2470,moisture_differential
30.907956,29.283846,2.370762e+00,0.0325,tile_30.8740_29.2470,moisture_differential
30.9091,29.283846,2.340042e+00,0.0251,tile_30.8740_29.2470,moisture_differential
30.9117,29.283846,2.437233e+00,0.0488,tile_30.8740_29.2470,moisture_differential
30.911804,29.283846,2.628644e+00,0.0955,tile_30.8740_29.2470,moisture_differential
30.912219999999998,29.283846,2.300399e+00,0.0154,tile_30.8740_29.2470,moisture_differential
30.912323999999998,29.283846,2.664828e+00,0.1043,tile_30.8740_29.2470,moisture_differential
30.912428,29.283846,2.248780e+00,0.0028,tile_30.8740_29.2470,moisture_differential
30.914092,29.283846,2.802317e+00,0.1378,tile_30.8740_29.2470,moisture_differential
30.914195999999997,29.283846,3.177632e+00,0.2294,tile_30.8740_29.2470,moisture_differential
30.914299999999997,29.283846,2.737913e+00,0.1221,tile_30.8740_29.2470,moisture_differential
30.916068,29.283846,2.432729e+00,0.0477,tile_30.8740_29.2470,moisture_differential
30.916172,29.283846,3.049255e+00,0.1981,tile_30.8740_29.2470,moisture_differential
30.916276,29.283846,2.417889e+00,0.0440,tile_30.8740_29.2470,moisture_differential
30.917523999999997,29.283846,2.257623e+00,0.0049,tile_30.8740_29.2470,moisture_differential
30.917627999999997,29.283846,2.366045e+00,0.0314,tile_30.8740_29.2470,moisture_differential
30.917835999999998,29.283846,2.744966e+00,0.1238,tile_30.8740_29.2470,moisture_differential
30.917939999999998,29.283846,2.982417e+00,0.1818,tile_30.8740_29.2470,moisture_differential
30.918667999999997,29.283846,2.703208e+00,0.1136,tile_30.8740_29.2470,moisture_differential
30.9195,29.283846,2.513212e+00,0.0673,tile_30.8740_29.2470,moisture_differential
30.920019999999997,29.283846,2.783747e+00,0.1333,tile_30.8740_29.2470,moisture_differential
30.920123999999998,29.283846,2.652105e+00,0.1012,tile_30.8740_29.2470,moisture_differential
30.925635999999997,29.283846,2.506880e+00,0.0658,tile_30.8740_29.2470,moisture_differential
30.880084,29.283754,2.492962e+00,0.0624,tile_30.8740_29.2470,moisture_differential
30.894019999999998,29.283754,2.346271e+00,0.0266,tile_30.8740_29.2470,moisture_differential
30.898076,29.283754,2.244678e+00,0.0018,tile_30.8740_29.2470,moisture_differential
30.903484,29.283754,2.698452e+00,0.1125,tile_30.8740_29.2470,moisture_differential
30.904003999999997,29.283754,2.625372e+00,0.0947,tile_30.8740_29.2470,moisture_differential
30.904107999999997,29.283754,2.500030e+00,0.0641,tile_30.8740_29.2470,moisture_differential
30.904211999999998,29.283754,2.304527e+00,0.0164,tile_30.8740_29.2470,moisture_differential
30.90442,29.283754,2.478701e+00,0.0589,tile_30.8740_29.2470,moisture_differential
30.905251999999997,29.283754,2.314328e+00,0.0188,tile_30.8740_29.2470,moisture_differential
30.905355999999998,29.283754,2.334264e+00,0.0236,tile_30.8740_29.2470,moisture_differential
30.906188,29.283754,2.557412e+00,0.0781,tile_30.8740_29.2470,moisture_differential
30.906916,29.283754,2.390943e+00,0.0375,tile_30.8740_29.2470,moisture_differential
30.907124,29.283754,2.424698e+00,0.0457,tile_30.8740_29.2470,moisture_differential
30.907228,29.283754,2.307928e+00,0.0172,tile_30.8740_29.2470,moisture_differential
30.907539999999997,29.283754,2.423875e+00,0.0455,tile_30.8740_29.2470,moisture_differential
30.908476,29.283754,2.317292e+00,0.0195,tile_30.8740_29.2470,moisture_differential
30.908579999999997,29.283754,2.323858e+00,0.0211,tile_30.8740_29.2470,moisture_differential
30.910035999999998,29.283754,2.306388e+00,0.0168,tile_30.8740_29.2470,moisture_differential
30.912219999999998,29.283754,2.660979e+00,0.1033,tile_30.8740_29.2470,moisture_differential
30.912323999999998,29.283754,2.510265e+00,0.0666,tile_30.8740_29.2470,moisture_differential
30.912428,29.283754,2.560580e+00,0.0789,tile_30.8740_29.2470,moisture_differential
30.912948,29.283754,2.381625e+00,0.0352,tile_30.8740_29.2470,moisture_differential
30.913988,29.283754,2.294206e+00,0.0139,tile_30.8740_29.2470,moisture_differential
30.914092,29.283754,2.537991e+00,0.0733,tile_30.8740_29.2470,moisture_differential
30.914195999999997,29.283754,2.727599e+00,0.1196,tile_30.8740_29.2470,moisture_differential
30.914299999999997,29.283754,2.344281e+00,0.0261,tile_30.8740_29.2470,moisture_differential
30.915547999999998,29.283754,2.255936e+00,0.0045,tile_30.8740_29.2470,moisture_differential
30.916068,29.283754,3.492696e+00,0.3062,tile_30.8740_29.2470,moisture_differential
30.916172,29.283754,2.957479e+00,0.1757,tile_30.8740_29.2470,moisture_differential
30.916276,29.283754,2.469007e+00,0.0565,tile_30.8740_29.2470,moisture_differential
30.917835999999998,29.283754,2.881843e+00,0.1572,tile_30.8740_29.2470,moisture_differential
30.917939999999998,29.283754,3.241133e+00,0.2449,tile_30.8740_29.2470,moisture_differential
30.918044,29.283754,2.572490e+00,0.0818,tile_30.8740_29.2470,moisture_differential
30.918667999999997,29.283754,2.424123e+00,0.0456,tile_30.8740_29.2470,moisture_differential
30.919604,29.283754,2.434530e+00,0.0481,tile_30.8740_29.2470,moisture_differential
30.925116,29.283754,2.350902e+00,0.0277,tile_30.8740_29.2470,moisture_differential
30.92522,29.283754,2.657653e+00,0.1025,tile_30.8740_29.2470,moisture_differential
30.90338,29.283662,2.323112e+00,0.0209,tile_30.8740_29.2470,moisture_differential
30.903588,29.283662,2.326893e+00,0.0218,tile_30.8740_29.2470,moisture_differential
30.903692,29.283662,2.379980e+00,0.0348,tile_30.8740_29.2470,moisture_differential
30.903796,29.283662,2.396731e+00,0.0389,tile_30.8740_29.2470,moisture_differential
30.9039,29.283662,2.559450e+00,0.0786,tile_30.8740_29.2470,moisture_differential
30.904003999999997,29.283662,3.043803e+00,0.1967,tile_30.8740_29.2470,moisture_differential
30.904107999999997,29.283662,2.546213e+00,0.0753,tile_30.8740_29.2470,moisture_differential
30.904315999999998,29.283662,2.253230e+00,0.0039,tile_30.8740_29.2470,moisture_differential
30.90442,29.283662,2.452693e+00,0.0525,tile_30.8740_29.2470,moisture_differential
30.907747999999998,29.283662,2.239261e+00,0.0005,tile_30.8740_29.2470,moisture_differential
30.907852,29.283662,2.335341e+00,0.0239,tile_30.8740_29.2470,moisture_differential
30.909412,29.283662,2.277165e+00,0.0097,tile_30.8740_29.2470,moisture_differential
30.910035999999998,29.283662,2.475635e+00,0.0581,tile_30.8740_29.2470,moisture_differential
30.911075999999998,29.283662,2.451183e+00,0.0522,tile_30.8740_29.2470,moisture_differential
30.912115999999997,29.283662,2.748306e+00,0.1246,tile_30.8740_29.2470,moisture_differential
30.912219999999998,29.283662,3.026802e+00,0.1926,tile_30.8740_29.2470,moisture_differential
30.912323999999998,29.283662,3.850195e+00,0.3934,tile_30.8740_29.2470,moisture_differential
30.912428,29.283662,2.530752e+00,0.0716,tile_30.8740_29.2470,moisture_differential
30.91274,29.283662,2.241381e+00,0.0010,tile_30.8740_29.2470,moisture_differential
30.912844,29.283662,2.567744e+00,0.0806,tile_30.8740_29.2470,moisture_differential
30.913988,29.283662,2.345603e+00,0.0264,tile_30.8740_29.2470,moisture_differential
30.914092,29.283662,2.254238e+00,0.0041,tile_30.8740_29.2470,moisture_differential
30.915547999999998,29.283662,2.322103e+00,0.0207,tile_30.8740_29.2470,moisture_differential
30.915964,29.283662,3.160782e+00,0.2253,tile_30.8740_29.2470,moisture_differential
30.916068,29.283662,3.372095e+00,0.2768,tile_30.8740_29.2470,moisture_differential
30.916172,29.283662,2.873310e+00,0.1551,tile_30.8740_29.2470,moisture_differential
30.916276,29.283662,2.862535e+00,0.1525,tile_30.8740_29.2470,moisture_differential
30.91638,29.283662,2.584314e+00,0.0846,tile_30.8740_29.2470,moisture_differential
30.917835999999998,29.283662,2.821576e+00,0.1425,tile_30.8740_29.2470,moisture_differential
30.917939999999998,29.283662,2.456246e+00,0.0534,tile_30.8740_29.2470,moisture_differential
30.918875999999997,29.283662,2.413809e+00,0.0430,tile_30.8740_29.2470,moisture_differential
30.919292,29.283662,2.266422e+00,0.0071,tile_30.8740_29.2470,moisture_differential
30.920019999999997,29.283662,2.432378e+00,0.0476,tile_30.8740_29.2470,moisture_differential
30.920123999999998,29.283662,2.524455e+00,0.0700,tile_30.8740_29.2470,moisture_differential
30.920436,29.283662,2.329397e+00,0.0225,tile_30.8740_29.2470,moisture_differential
30.925531999999997,29.283662,2.308457e+00,0.0173,tile_30.8740_29.2470,moisture_differential
30.925739999999998,29.283662,2.328166e+00,0.0222,tile_30.8740_29.2470,moisture_differential
30.901092,29.28357,2.302819e+00,0.0160,tile_30.8740_29.2470,moisture_differential
30.903796,29.28357,2.995064e+00,0.1848,tile_30.8740_29.2470,moisture_differential
30.9039,29.28357,2.879643e+00,0.1567,tile_30.8740_29.2470,moisture_differential
30.904315999999998,29.28357,2.646152e+00,0.0997,tile_30.8740_29.2470,moisture_differential
30.90442,29.28357,2.759492e+00,0.1274,tile_30.8740_29.2470,moisture_differential
30.908372,29.28357,2.336676e+00,0.0242,tile_30.8740_29.2470,moisture_differential
30.910035999999998,29.28357,2.422401e+00,0.0451,tile_30.8740_29.2470,moisture_differential
30.912011999999997,29.28357,2.449742e+00,0.0518,tile_30.8740_29.2470,moisture_differential
30.912115999999997,29.28357,2.917032e+00,0.1658,tile_30.8740_29.2470,moisture_differential
30.912219999999998,29.28357,2.451741e+00,0.0523,tile_30.8740_29.2470,moisture_differential
30.912323999999998,29.28357,2.260115e+00,0.0056,tile_30.8740_29.2470,moisture_differential
30.913676,29.28357,2.351164e+00,0.0278,tile_30.8740_29.2470,moisture_differential
30.913988,29.28357,2.522134e+00,0.0695,tile_30.8740_29.2470,moisture_differential
30.916691999999998,29.28357,2.453958e+00,0.0528,tile_30.8740_29.2470,moisture_differential
30.918875999999997,29.28357,2.476589e+00,0.0584,tile_30.8740_29.2470,moisture_differential
30.918979999999998,29.28357,2.834936e+00,0.1458,tile_30.8740_29.2470,moisture_differential
30.919811999999997,29.28357,2.519981e+00,0.0689,tile_30.8740_29.2470,moisture_differential
30.919915999999997,29.28357,2.475908e+00,0.0582,tile_30.8740_29.2470,moisture_differential
30.920019999999997,29.28357,2.637163e+00,0.0975,tile_30.8740_29.2470,moisture_differential
30.920123999999998,29.28357,2.785833e+00,0.1338,tile_30.8740_29.2470,moisture_differential
30.920227999999998,29.28357,2.398035e+00,0.0392,tile_30.8740_29.2470,moisture_differential
30.920332,29.28357,2.629063e+00,0.0956,tile_30.8740_29.2470,moisture_differential
30.920436,29.28357,2.702922e+00,0.1136,tile_30.8740_29.2470,moisture_differential
30.924908,29.28357,2.288282e+00,0.0124,tile_30.8740_29.2470,moisture_differential
30.925012,29.28357,2.313099e+00,0.0185,tile_30.8740_29.2470,moisture_differential
30.925428,29.28357,2.399906e+00,0.0397,tile_30.8740_29.2470,moisture_differential
30.925531999999997,29.28357,2.764430e+00,0.1286,tile_30.8740_29.2470,moisture_differential
30.925635999999997,29.28357,2.803970e+00,0.1382,tile_30.8740_29.2470,moisture_differential
30.925739999999998,29.28357,2.630799e+00,0.0960,tile_30.8740_29.2470,moisture_differential
30.882164,29.283478,2.348078e+00,0.0270,tile_30.8740_29.2470,moisture_differential
30.903796,29.283478,2.685073e+00,0.1092,tile_30.8740_29.2470,moisture_differential
30.9039,29.283478,2.658322e+00,0.1027,tile_30.8740_29.2470,moisture_differential
30.904315999999998,29.283478,2.614630e+00,0.0920,tile_30.8740_29.2470,moisture_differential
30.90442,29.283478,2.474058e+00,0.0577,tile_30.8740_29.2470,moisture_differential
30.904524,29.283478,2.554884e+00,0.0775,tile_30.8740_29.2470,moisture_differential
30.906708,29.283478,2.385811e+00,0.0362,tile_30.8740_29.2470,moisture_differential
30.907539999999997,29.283478,2.706523e+00,0.1145,tile_30.8740_29.2470,moisture_differential
30.907643999999998,29.283478,2.878440e+00,0.1564,tile_30.8740_29.2470,moisture_differential
30.908787999999998,29.283478,2.337207e+00,0.0244,tile_30.8740_29.2470,moisture_differential
30.912115999999997,29.283478,2.594449e+00,0.0871,tile_30.8740_29.2470,moisture_differential
30.913572,29.283478,2.363151e+00,0.0307,tile_30.8740_29.2470,moisture_differential
30.913676,29.283478,2.371174e+00,0.0326,tile_30.8740_29.2470,moisture_differential
30.914195999999997,29.283478,2.587395e+00,0.0854,tile_30.8740_29.2470,moisture_differential
30.91482,29.283478,2.269574e+00,0.0079,tile_30.8740_29.2470,moisture_differential
30.918771999999997,29.283478,3.019622e+00,0.1908,tile_30.8740_29.2470,moisture_differential
30.918875999999997,29.283478,2.837463e+00,0.1464,tile_30.8740_29.2470,moisture_differential
30.919811999999997,29.283478,2.714801e+00,0.1165,tile_30.8740_29.2470,moisture_differential
30.920227999999998,29.283478,2.242342e+00,0.0012,tile_30.8740_29.2470,moisture_differential
30.920332,29.283478,2.715908e+00,0.1167,tile_30.8740_29.2470,moisture_differential
30.920436,29.283478,2.537675e+00,0.0733,tile_30.8740_29.2470,moisture_differential
30.924908,29.283478,2.266441e+00,0.0071,tile_30.8740_29.2470,moisture_differential
30.925635999999997,29.283478,2.728003e+00,0.1197,tile_30.8740_29.2470,moisture_differential
30.925739999999998,29.283478,2.966008e+00,0.1778,tile_30.8740_29.2470,moisture_differential
30.882164,29.283386,2.303335e+00,0.0161,tile_30.8740_29.2470,moisture_differential
30.882268,29.283386,2.823393e+00,0.1430,tile_30.8740_29.2470,moisture_differential
30.885284,29.283386,2.317961e+00,0.0197,tile_30.8740_29.2470,moisture_differential
30.892356,29.283386,2.321249e+00,0.0205,tile_30.8740_29.2470,moisture_differential
30.894123999999998,29.283386,2.265467e+00,0.0069,tile_30.8740_29.2470,moisture_differential
30.894436,29.283386,2.274163e+00,0.0090,tile_30.8740_29.2470,moisture_differential
30.901508,29.283386,2.362908e+00,0.0306,tile_30.8740_29.2470,moisture_differential
30.901612,29.283386,2.506718e+00,0.0657,tile_30.8740_29.2470,moisture_differential
30.90338,29.283386,2.464671e+00,0.0555,tile_30.8740_29.2470,moisture_differential
30.903484,29.283386,2.241338e+00,0.0010,tile_30.8740_29.2470,moisture_differential
30.903692,29.283386,2.584754e+00,0.0848,tile_30.8740_29.2470,moisture_differential
30.903796,29.283386,2.995350e+00,0.1849,tile_30.8740_29.2470,moisture_differential
30.9039,29.283386,2.799987e+00,0.1373,tile_30.8740_29.2470,moisture_differential
30.904003999999997,29.283386,2.558487e+00,0.0783,tile_30.8740_29.2470,moisture_differential
30.906395999999997,29.283386,2.278744e+00,0.0101,tile_30.8740_29.2470,moisture_differential
30.906812,29.283386,2.355503e+00,0.0288,tile_30.8740_29.2470,moisture_differential
30.907124,29.283386,2.547587e+00,0.0757,tile_30.8740_29.2470,moisture_differential
30.907332,29.283386,2.308966e+00,0.0175,tile_30.8740_29.2470,moisture_differential
30.90806,29.283386,2.282839e+00,0.0111,tile_30.8740_29.2470,moisture_differential
30.908164,29.283386,2.416231e+00,0.0436,tile_30.8740_29.2470,moisture_differential
30.909204,29.283386,2.278969e+00,0.0102,tile_30.8740_29.2470,moisture_differential
30.912428,29.283386,2.261589e+00,0.0059,tile_30.8740_29.2470,moisture_differential
30.913155999999997,29.283386,2.408479e+00,0.0417,tile_30.8740_29.2470,moisture_differential
30.913259999999998,29.283386,2.416703e+00,0.0438,tile_30.8740_29.2470,moisture_differential
30.914195999999997,29.283386,2.755648e+00,0.1264,tile_30.8740_29.2470,moisture_differential
30.91638,29.283386,2.363523e+00,0.0308,tile_30.8740_29.2470,moisture_differential
30.917939999999998,29.283386,2.826206e+00,0.1437,tile_30.8740_29.2470,moisture_differential
30.918044,29.283386,2.463479e+00,0.0552,tile_30.8740_29.2470,moisture_differential
30.918356,29.283386,2.389174e+00,0.0370,tile_30.8740_29.2470,moisture_differential
30.918667999999997,29.283386,3.227942e+00,0.2417,tile_30.8740_29.2470,moisture_differential
30.918771999999997,29.283386,2.857245e+00,0.1512,tile_30.8740_29.2470,moisture_differential
30.918875999999997,29.283386,2.702307e+00,0.1134,tile_30.8740_29.2470,moisture_differential
30.919396,29.283386,2.240568e+00,0.0008,tile_30.8740_29.2470,moisture_differential
30.919811999999997,29.283386,2.414292e+00,0.0432,tile_30.8740_29.2470,moisture_differential
30.919915999999997,29.283386,2.757545e+00,0.1269,tile_30.8740_29.2470,moisture_differential
30.920019999999997,29.283386,2.255297e+00,0.0044,tile_30.8740_29.2470,moisture_differential
30.920123999999998,29.283386,2.579018e+00,0.0834,tile_30.8740_29.2470,moisture_differential
30.920436,29.283386,2.413190e+00,0.0429,tile_30.8740_29.2470,moisture_differential
30.875923999999998,29.283293999999998,2.452208e+00,0.0524,tile_30.8740_29.2470,moisture_differential
30.882268,29.283293999999998,2.872249e+00,0.1549,tile_30.8740_29.2470,moisture_differential
30.894019999999998,29.283293999999998,2.253550e+00,0.0040,tile_30.8740_29.2470,moisture_differential
30.901612,29.283293999999998,2.506621e+00,0.0657,tile_30.8740_29.2470,moisture_differential
30.901715999999997,29.283293999999998,2.503981e+00,0.0650,tile_30.8740_29.2470,moisture_differential
30.903484,29.283293999999998,2.380710e+00,0.0350,tile_30.8740_29.2470,moisture_differential
30.903588,29.283293999999998,2.272852e+00,0.0087,tile_30.8740_29.2470,moisture_differential
30.903796,29.283293999999998,2.580065e+00,0.0836,tile_30.8740_29.2470,moisture_differential
30.9039,29.283293999999998,2.795703e+00,0.1362,tile_30.8740_29.2470,moisture_differential
30.904003999999997,29.283293999999998,2.364366e+00,0.0310,tile_30.8740_29.2470,moisture_differential
30.905772,29.283293999999998,2.384277e+00,0.0358,tile_30.8740_29.2470,moisture_differential
30.906395999999997,29.283293999999998,2.464103e+00,0.0553,tile_30.8740_29.2470,moisture_differential
30.906499999999998,29.283293999999998,2.528880e+00,0.0711,tile_30.8740_29.2470,moisture_differential
30.90702,29.283293999999998,2.294287e+00,0.0139,tile_30.8740_29.2470,moisture_differential
30.908268,29.283293999999998,2.272451e+00,0.0086,tile_30.8740_29.2470,moisture_differential
30.909204,29.283293999999998,2.321100e+00,0.0204,tile_30.8740_29.2470,moisture_differential
30.910971999999997,29.283293999999998,2.403151e+00,0.0404,tile_30.8740_29.2470,moisture_differential
30.911388,29.283293999999998,2.448547e+00,0.0515,tile_30.8740_29.2470,moisture_differential
30.912844,29.283293999999998,2.346455e+00,0.0266,tile_30.8740_29.2470,moisture_differential
30.913467999999998,29.283293999999998,2.318477e+00,0.0198,tile_30.8740_29.2470,moisture_differential
30.91378,29.283293999999998,2.383066e+00,0.0356,tile_30.8740_29.2470,moisture_differential
30.917212,29.283293999999998,2.402053e+00,0.0402,tile_30.8740_29.2470,moisture_differential
30.917316,29.283293999999998,2.238964e+00,0.0004,tile_30.8740_29.2470,moisture_differential
30.91742,29.283293999999998,2.288739e+00,0.0125,tile_30.8740_29.2470,moisture_differential
30.917835999999998,29.283293999999998,2.290773e+00,0.0130,tile_30.8740_29.2470,moisture_differential
30.917939999999998,29.283293999999998,3.160536e+00,0.2252,tile_30.8740_29.2470,moisture_differential
30.918044,29.283293999999998,2.533959e+00,0.0724,tile_30.8740_29.2470,moisture_differential
30.918771999999997,29.283293999999998,2.747882e+00,0.1245,tile_30.8740_29.2470,moisture_differential
30.925531999999997,29.283293999999998,2.493758e+00,0.0626,tile_30.8740_29.2470,moisture_differential
30.925843999999998,29.283293999999998,2.249847e+00,0.0031,tile_30.8740_29.2470,moisture_differential
30.925947999999998,29.283293999999998,2.292856e+00,0.0135,tile_30.8740_29.2470,moisture_differential
30.903484,29.283202,2.241938e+00,0.0011,tile_30.8740_29.2470,moisture_differential
30.903796,29.283202,2.394532e+00,0.0383,tile_30.8740_29.2470,moisture_differential
30.904003999999997,29.283202,2.350619e+00,0.0276,tile_30.8740_29.2470,moisture_differential
30.904107999999997,29.283202,2.262476e+00,0.0061,tile_30.8740_29.2470,moisture_differential
30.906603999999998,29.283202,2.415853e+00,0.0435,tile_30.8740_29.2470,moisture_differential
30.90702,29.283202,2.942492e+00,0.1720,tile_30.8740_29.2470,moisture_differential
30.907435999999997,29.283202,2.401668e+00,0.0401,tile_30.8740_29.2470,moisture_differential
30.908268,29.283202,2.331471e+00,0.0230,tile_30.8740_29.2470,moisture_differential
30.908372,29.283202,2.399040e+00,0.0394,tile_30.8740_29.2470,moisture_differential
30.908476,29.283202,2.376285e+00,0.0339,tile_30.8740_29.2470,moisture_differential
30.908579999999997,29.283202,2.251730e+00,0.0035,tile_30.8740_29.2470,moisture_differential
30.908891999999998,29.283202,2.347088e+00,0.0268,tile_30.8740_29.2470,moisture_differential
30.911284,29.283202,2.327638e+00,0.0220,tile_30.8740_29.2470,moisture_differential
30.91274,29.283202,2.291601e+00,0.0132,tile_30.8740_29.2470,moisture_differential
30.913467999999998,29.283202,2.245343e+00,0.0020,tile_30.8740_29.2470,moisture_differential
30.91378,29.283202,2.300249e+00,0.0153,tile_30.8740_29.2470,moisture_differential
30.913884,29.283202,2.322865e+00,0.0209,tile_30.8740_29.2470,moisture_differential
30.917939999999998,29.283202,2.425570e+00,0.0459,tile_30.8740_29.2470,moisture_differential
30.918148,29.283202,3.214905e+00,0.2385,tile_30.8740_29.2470,moisture_differential
30.918252,29.283202,2.648481e+00,0.1003,tile_30.8740_29.2470,moisture_differential
30.918771999999997,29.283202,2.574419e+00,0.0822,tile_30.8740_29.2470,moisture_differential
30.918875999999997,29.283202,2.467426e+00,0.0561,tile_30.8740_29.2470,moisture_differential
30.882372,29.28311,2.458871e+00,0.0540,tile_30.8740_29.2470,moisture_differential
30.891004,29.28311,2.380701e+00,0.0350,tile_30.8740_29.2470,moisture_differential
30.9039,29.28311,2.327302e+00,0.0219,tile_30.8740_29.2470,moisture_differential
30.904107999999997,29.28311,2.327955e+00,0.0221,tile_30.8740_29.2470,moisture_differential
30.904315999999998,29.28311,2.382131e+00,0.0353,tile_30.8740_29.2470,moisture_differential
30.90442,29.28311,2.306337e+00,0.0168,tile_30.8740_29.2470,moisture_differential
30.906084,29.28311,2.272839e+00,0.0087,tile_30.8740_29.2470,moisture_differential
30.90702,29.28311,2.507428e+00,0.0659,tile_30.8740_29.2470,moisture_differential
30.907435999999997,29.28311,2.689583e+00,0.1103,tile_30.8740_29.2470,moisture_differential
30.908579999999997,29.28311,2.469874e+00,0.0567,tile_30.8740_29.2470,moisture_differential
30.908996,29.28311,3.133594e+00,0.2186,tile_30.8740_29.2470,moisture_differential
30.909619999999997,29.28311,2.421742e+00,0.0450,tile_30.8740_29.2470,moisture_differential
30.909723999999997,29.28311,2.274316e+00,0.0090,tile_30.8740_29.2470,moisture_differential
30.912323999999998,29.28311,2.366463e+00,0.0315,tile_30.8740_29.2470,moisture_differential
30.912532,29.28311,2.289744e+00,0.0128,tile_30.8740_29.2470,moisture_differential
30.912636,29.28311,2.269704e+00,0.0079,tile_30.8740_29.2470,moisture_differential
30.913051999999997,29.28311,2.426307e+00,0.0461,tile_30.8740_29.2470,moisture_differential
30.913155999999997,29.28311,2.897815e+00,0.1611,tile_30.8740_29.2470,moisture_differential
30.913259999999998,29.28311,2.984109e+00,0.1822,tile_30.8740_29.2470,moisture_differential
30.913884,29.28311,2.672430e+00,0.1061,tile_30.8740_29.2470,moisture_differential
30.913988,29.28311,2.425476e+00,0.0459,tile_30.8740_29.2470,moisture_differential
30.914092,29.28311,2.286327e+00,0.0120,tile_30.8740_29.2470,moisture_differential
30.915028,29.28311,2.702200e+00,0.1134,tile_30.8740_29.2470,moisture_differential
30.918044,29.28311,2.453065e+00,0.0526,tile_30.8740_29.2470,moisture_differential
30.918148,29.28311,3.630199e+00,0.3398,tile_30.8740_29.2470,moisture_differential
30.918252,29.28311,3.233060e+00,0.2429,tile_30.8740_29.2470,moisture_differential
30.918564,29.28311,2.844969e+00,0.1482,tile_30.8740_29.2470,moisture_differential
30.925843999999998,29.28311,2.524566e+00,0.0701,tile_30.8740_29.2470,moisture_differential
30.925947999999998,29.28311,2.666993e+00,0.1048,tile_30.8740_29.2470,moisture_differential
30.880188,29.283018,2.255677e+00,0.0045,tile_30.8740_29.2470,moisture_differential
30.880395999999998,29.283018,2.896658e+00,0.1608,tile_30.8740_29.2470,moisture_differential
30.882372,29.283018,2.488148e+00,0.0612,tile_30.8740_29.2470,moisture_differential
30.884971999999998,29.283018,2.248783e+00,0.0028,tile_30.8740_29.2470,moisture_differential
30.901612,29.283018,2.255902e+00,0.0045,tile_30.8740_29.2470,moisture_differential
30.903171999999998,29.283018,2.289876e+00,0.0128,tile_30.8740_29.2470,moisture_differential
30.905876,29.283018,2.356596e+00,0.0291,tile_30.8740_29.2470,moisture_differential
30.90598,29.283018,2.653121e+00,0.1014,tile_30.8740_29.2470,moisture_differential
30.906291999999997,29.283018,2.368688e+00,0.0320,tile_30.8740_29.2470,moisture_differential
30.906395999999997,29.283018,2.571726e+00,0.0816,tile_30.8740_29.2470,moisture_differential
30.906499999999998,29.283018,2.740896e+00,0.1228,tile_30.8740_29.2470,moisture_differential
30.90702,29.283018,2.296561e+00,0.0144,tile_30.8740_29.2470,moisture_differential
30.907124,29.283018,2.289566e+00,0.0127,tile_30.8740_29.2470,moisture_differential
30.907852,29.283018,2.252665e+00,0.0037,tile_30.8740_29.2470,moisture_differential
30.908579999999997,29.283018,2.340177e+00,0.0251,tile_30.8740_29.2470,moisture_differential
30.908996,29.283018,2.306159e+00,0.0168,tile_30.8740_29.2470,moisture_differential
30.910971999999997,29.283018,2.343430e+00,0.0259,tile_30.8740_29.2470,moisture_differential
30.911492,29.283018,2.315123e+00,0.0190,tile_30.8740_29.2470,moisture_differential
30.912428,29.283018,2.272551e+00,0.0086,tile_30.8740_29.2470,moisture_differential
30.912532,29.283018,2.390158e+00,0.0373,tile_30.8740_29.2470,moisture_differential
30.912636,29.283018,2.389824e+00,0.0372,tile_30.8740_29.2470,moisture_differential
30.912948,29.283018,2.325285e+00,0.0215,tile_30.8740_29.2470,moisture_differential
30.913051999999997,29.283018,2.654067e+00,0.1017,tile_30.8740_29.2470,moisture_differential
30.913155999999997,29.283018,2.451404e+00,0.0522,tile_30.8740_29.2470,moisture_differential
30.913259999999998,29.283018,2.258758e+00,0.0052,tile_30.8740_29.2470,moisture_differential
30.913988,29.283018,2.609383e+00,0.0908,tile_30.8740_29.2470,moisture_differential
30.914092,29.283018,2.360597e+00,0.0301,tile_30.8740_29.2470,moisture_differential
30.916795999999998,29.283018,2.259664e+00,0.0054,tile_30.8740_29.2470,moisture_differential
30.917004,29.283018,2.414103e+00,0.0431,tile_30.8740_29.2470,moisture_differential
30.918044,29.283018,2.527438e+00,0.0708,tile_30.8740_29.2470,moisture_differential
30.918148,29.283018,3.446204e+00,0.2949,tile_30.8740_29.2470,moisture_differential
30.918252,29.283018,3.144090e+00,0.2212,tile_30.8740_29.2470,moisture_differential
30.925531999999997,29.283018,2.261407e+00,0.0059,tile_30.8740_29.2470,moisture_differential
30.925947999999998,29.283018,2.674373e+00,0.1066,tile_30.8740_29.2470,moisture_differential
30.880291999999997,29.282926,3.206711e+00,0.2365,tile_30.8740_29.2470,moisture_differential
30.880395999999998,29.282926,2.862905e+00,0.1526,tile_30.8740_29.2470,moisture_differential
30.890691999999998,29.282926,2.307803e+00,0.0172,tile_30.8740_29.2470,moisture_differential
30.894436,29.282926,2.265398e+00,0.0068,tile_30.8740_29.2470,moisture_differential
30.896516,29.282926,2.345762e+00,0.0264,tile_30.8740_29.2470,moisture_differential
30.903067999999998,29.282926,2.303565e+00,0.0162,tile_30.8740_29.2470,moisture_differential
30.90598,29.282926,2.847443e+00,0.1488,tile_30.8740_29.2470,moisture_differential
30.906291999999997,29.282926,2.402233e+00,0.0402,tile_30.8740_29.2470,moisture_differential
30.906395999999997,29.282926,3.113313e+00,0.2137,tile_30.8740_29.2470,moisture_differential
30.907124,29.282926,2.654396e+00,0.1017,tile_30.8740_29.2470,moisture_differential
30.907228,29.282926,2.365037e+00,0.0312,tile_30.8740_29.2470,moisture_differential
30.907332,29.282926,2.372066e+00,0.0329,tile_30.8740_29.2470,moisture_differential
30.907435999999997,29.282926,2.521426e+00,0.0693,tile_30.8740_29.2470,moisture_differential
30.909827999999997,29.282926,2.240289e+00,0.0007,tile_30.8740_29.2470,moisture_differential
30.910971999999997,29.282926,2.439926e+00,0.0494,tile_30.8740_29.2470,moisture_differential
30.911284,29.282926,2.763106e+00,0.1283,tile_30.8740_29.2470,moisture_differential
30.9117,29.282926,2.255315e+00,0.0044,tile_30.8740_29.2470,moisture_differential
30.912428,29.282926,2.263879e+00,0.0065,tile_30.8740_29.2470,moisture_differential
30.912636,29.282926,2.523171e+00,0.0697,tile_30.8740_29.2470,moisture_differential
30.91274,29.282926,2.370761e+00,0.0325,tile_30.8740_29.2470,moisture_differential
30.913051999999997,29.282926,2.291040e+00,0.0131,tile_30.8740_29.2470,moisture_differential
30.913155999999997,29.282926,2.341023e+00,0.0253,tile_30.8740_29.2470,moisture_differential
30.913467999999998,29.282926,2.733199e+00,0.1210,tile_30.8740_29.2470,moisture_differential
30.913988,29.282926,2.877734e+00,0.1562,tile_30.8740_29.2470,moisture_differential
30.914092,29.282926,2.841103e+00,0.1473,tile_30.8740_29.2470,moisture_differential
30.914195999999997,29.282926,3.283508e+00,0.2552,tile_30.8740_29.2470,moisture_differential
30.917627999999997,29.282926,2.275588e+00,0.0093,tile_30.8740_29.2470,moisture_differential
30.917731999999997,29.282926,2.456094e+00,0.0534,tile_30.8740_29.2470,moisture_differential
30.918148,29.282926,2.873301e+00,0.1551,tile_30.8740_29.2470,moisture_differential
30.918252,29.282926,2.419494e+00,0.0444,tile_30.8740_29.2470,moisture_differential
30.91846,29.282926,2.846460e+00,0.1486,tile_30.8740_29.2470,moisture_differential
30.920748,29.282926,2.473394e+00,0.0576,tile_30.8740_29.2470,moisture_differential
30.925531999999997,29.282926,2.340097e+00,0.0251,tile_30.8740_29.2470,moisture_differential
30.878524,29.282834,2.337088e+00,0.0243,tile_30.8740_29.2470,moisture_differential
30.878628,29.282834,2.293933e+00,0.0138,tile_30.8740_29.2470,moisture_differential
30.880291999999997,29.282834,3.044038e+00,0.1968,tile_30.8740_29.2470,moisture_differential
30.880395999999998,29.282834,2.609916e+00,0.0909,tile_30.8740_29.2470,moisture_differential
30.905772,29.282834,2.429102e+00,0.0468,tile_30.8740_29.2470,moisture_differential
30.905876,29.282834,2.530710e+00,0.0716,tile_30.8740_29.2470,moisture_differential
30.90598,29.282834,2.537220e+00,0.0732,tile_30.8740_29.2470,moisture_differential
30.906291999999997,29.282834,3.186235e+00,0.2315,tile_30.8740_29.2470,moisture_differential
30.906395999999997,29.282834,3.663566e+00,0.3479,tile_30.8740_29.2470,moisture_differential
30.906499999999998,29.282834,2.954537e+00,0.1750,tile_30.8740_29.2470,moisture_differential
30.906603999999998,29.282834,2.762088e+00,0.1280,tile_30.8740_29.2470,moisture_differential
30.906708,29.282834,2.412780e+00,0.0428,tile_30.8740_29.2470,moisture_differential
30.907228,29.282834,2.289111e+00,0.0126,tile_30.8740_29.2470,moisture_differential
30.907332,29.282834,2.328253e+00,0.0222,tile_30.8740_29.2470,moisture_differential
30.909723999999997,29.282834,2.400209e+00,0.0397,tile_30.8740_29.2470,moisture_differential
30.909827999999997,29.282834,2.344531e+00,0.0261,tile_30.8740_29.2470,moisture_differential
30.910763999999997,29.282834,2.569073e+00,0.0809,tile_30.8740_29.2470,moisture_differential
30.910867999999997,29.282834,2.252399e+00,0.0037,tile_30.8740_29.2470,moisture_differential
30.910971999999997,29.282834,2.567120e+00,0.0804,tile_30.8740_29.2470,moisture_differential
30.911179999999998,29.282834,2.486871e+00,0.0609,tile_30.8740_29.2470,moisture_differential
30.911284,29.282834,2.612175e+00,0.0914,tile_30.8740_29.2470,moisture_differential
30.913467999999998,29.282834,2.511634e+00,0.0669,tile_30.8740_29.2470,moisture_differential
30.913572,29.282834,2.664820e+00,0.1043,tile_30.8740_29.2470,moisture_differential
30.913676,29.282834,2.350358e+00,0.0276,tile_30.8740_29.2470,moisture_differential
30.914092,29.282834,2.253071e+00,0.0038,tile_30.8740_29.2470,moisture_differential
30.914195999999997,29.282834,2.397792e+00,0.0391,tile_30.8740_29.2470,moisture_differential
30.914611999999998,29.282834,2.406522e+00,0.0413,tile_30.8740_29.2470,moisture_differential
30.918044,29.282834,2.295161e+00,0.0141,tile_30.8740_29.2470,moisture_differential
30.918356,29.282834,3.192394e+00,0.2330,tile_30.8740_29.2470,moisture_differential
30.91846,29.282834,3.055193e+00,0.1995,tile_30.8740_29.2470,moisture_differential
30.882579999999997,29.282742,2.288720e+00,0.0125,tile_30.8740_29.2470,moisture_differential
30.882683999999998,29.282742,2.658977e+00,0.1029,tile_30.8740_29.2470,moisture_differential
30.88778,29.282742,2.359459e+00,0.0298,tile_30.8740_29.2470,moisture_differential
30.900779999999997,29.282742,2.349146e+00,0.0273,tile_30.8740_29.2470,moisture_differential
30.900987999999998,29.282742,2.445492e+00,0.0508,tile_30.8740_29.2470,moisture_differential
30.906291999999997,29.282742,2.783171e+00,0.1332,tile_30.8740_29.2470,moisture_differential
30.906395999999997,29.282742,3.106784e+00,0.2121,tile_30.8740_29.2470,moisture_differential
30.906499999999998,29.282742,2.767705e+00,0.1294,tile_30.8740_29.2470,moisture_differential
30.906603999999998,29.282742,2.676671e+00,0.1072,tile_30.8740_29.2470,moisture_differential
30.906708,29.282742,2.580614e+00,0.0837,tile_30.8740_29.2470,moisture_differential
30.907643999999998,29.282742,2.736526e+00,0.1218,tile_30.8740_29.2470,moisture_differential
30.907747999999998,29.282742,3.259156e+00,0.2493,tile_30.8740_29.2470,moisture_differential
30.907852,29.282742,2.478038e+00,0.0587,tile_30.8740_29.2470,moisture_differential
30.907956,29.282742,2.605637e+00,0.0898,tile_30.8740_29.2470,moisture_differential
30.909827999999997,29.282742,2.372993e+00,0.0331,tile_30.8740_29.2470,moisture_differential
30.910867999999997,29.282742,2.437124e+00,0.0487,tile_30.8740_29.2470,moisture_differential
30.910971999999997,29.282742,2.458395e+00,0.0539,tile_30.8740_29.2470,moisture_differential
30.911075999999998,29.282742,2.470452e+00,0.0569,tile_30.8740_29.2470,moisture_differential
30.911179999999998,29.282742,2.780163e+00,0.1324,tile_30.8740_29.2470,moisture_differential
30.911284,29.282742,2.911304e+00,0.1644,tile_30.8740_29.2470,moisture_differential
30.912948,29.282742,2.280402e+00,0.0105,tile_30.8740_29.2470,moisture_differential
30.913572,29.282742,2.975818e+00,0.1801,tile_30.8740_29.2470,moisture_differential
30.913676,29.282742,3.109378e+00,0.2127,tile_30.8740_29.2470,moisture_differential
30.918356,29.282742,2.694220e+00,0.1115,tile_30.8740_29.2470,moisture_differential
30.91846,29.282742,3.077754e+00,0.2050,tile_30.8740_29.2470,moisture_differential
30.918564,29.282742,2.667087e+00,0.1048,tile_30.8740_29.2470,moisture_differential
30.920955999999997,29.282742,2.646174e+00,0.0997,tile_30.8740_29.2470,moisture_differential
30.876027999999998,29.28265,2.250652e+00,0.0032,tile_30.8740_29.2470,moisture_differential
30.882683999999998,29.28265,2.368671e+00,0.0320,tile_30.8740_29.2470,moisture_differential
30.88778,29.28265,2.298988e+00,0.0150,tile_30.8740_29.2470,moisture_differential
30.903796,29.28265,2.389619e+00,0.0371,tile_30.8740_29.2470,moisture_differential
30.906291999999997,29.28265,2.301063e+00,0.0155,tile_30.8740_29.2470,moisture_differential
30.906395999999997,29.28265,2.966911e+00,0.1780,tile_30.8740_29.2470,moisture_differential
30.907643999999998,29.28265,2.830049e+00,0.1446,tile_30.8740_29.2470,moisture_differential
30.907747999999998,29.28265,2.279921e+00,0.0104,tile_30.8740_29.2470,moisture_differential
30.907852,29.28265,2.485093e+00,0.0604,tile_30.8740_29.2470,moisture_differential
30.907956,29.28265,2.502187e+00,0.0646,tile_30.8740_29.2470,moisture_differential
30.90806,29.28265,2.566049e+00,0.0802,tile_30.8740_29.2470,moisture_differential
30.908996,29.28265,2.244705e+00,0.0018,tile_30.8740_29.2470,moisture_differential
30.909619999999997,29.28265,2.303104e+00,0.0160,tile_30.8740_29.2470,moisture_differential
30.909723999999997,29.28265,2.337317e+00,0.0244,tile_30.8740_29.2470,moisture_differential
30.909827999999997,29.28265,2.721298e+00,0.1181,tile_30.8740_29.2470,moisture_differential
30.91066,29.28265,2.528893e+00,0.0711,tile_30.8740_29.2470,moisture_differential
30.910763999999997,29.28265,2.705392e+00,0.1142,tile_30.8740_29.2470,moisture_differential
30.910867999999997,29.28265,2.435117e+00,0.0482,tile_30.8740_29.2470,moisture_differential
30.911179999999998,29.28265,3.090325e+00,0.2081,tile_30.8740_29.2470,moisture_differential
30.911284,29.28265,2.867964e+00,0.1538,tile_30.8740_29.2470,moisture_differential
30.912323999999998,29.28265,2.246034e+00,0.0021,tile_30.8740_29.2470,moisture_differential
30.913572,29.28265,2.654670e+00,0.1018,tile_30.8740_29.2470,moisture_differential
30.913676,29.28265,2.572021e+00,0.0816,tile_30.8740_29.2470,moisture_differential
30.915028,29.28265,2.273740e+00,0.0089,tile_30.8740_29.2470,moisture_differential
30.918356,29.28265,2.309608e+00,0.0176,tile_30.8740_29.2470,moisture_differential
30.91846,29.28265,3.182325e+00,0.2305,tile_30.8740_29.2470,moisture_differential
30.919292,29.28265,2.412152e+00,0.0426,tile_30.8740_29.2470,moisture_differential
30.925635999999997,29.28265,2.357822e+00,0.0294,tile_30.8740_29.2470,moisture_differential
30.887884,29.282557999999998,2.311629e+00,0.0181,tile_30.8740_29.2470,moisture_differential
30.890483999999997,29.282557999999998,2.314169e+00,0.0187,tile_30.8740_29.2470,moisture_differential
30.890587999999997,29.282557999999998,2.667856e+00,0.1050,tile_30.8740_29.2470,moisture_differential
30.890691999999998,29.282557999999998,2.307698e+00,0.0172,tile_30.8740_29.2470,moisture_differential
30.901819999999997,29.282557999999998,2.310218e+00,0.0178,tile_30.8740_29.2470,moisture_differential
30.90442,29.282557999999998,2.302437e+00,0.0159,tile_30.8740_29.2470,moisture_differential
30.907956,29.282557999999998,2.408229e+00,0.0417,tile_30.8740_29.2470,moisture_differential
30.90806,29.282557999999998,2.534981e+00,0.0726,tile_30.8740_29.2470,moisture_differential
30.908579999999997,29.282557999999998,2.514983e+00,0.0677,tile_30.8740_29.2470,moisture_differential
30.908683999999997,29.282557999999998,2.567419e+00,0.0805,tile_30.8740_29.2470,moisture_differential
30.908787999999998,29.282557999999998,2.340027e+00,0.0251,tile_30.8740_29.2470,moisture_differential
30.909516,29.282557999999998,2.828186e+00,0.1441,tile_30.8740_29.2470,moisture_differential
30.909619999999997,29.282557999999998,2.606446e+00,0.0900,tile_30.8740_29.2470,moisture_differential
30.909723999999997,29.282557999999998,2.645660e+00,0.0996,tile_30.8740_29.2470,moisture_differential
30.910556,29.282557999999998,2.363163e+00,0.0307,tile_30.8740_29.2470,moisture_differential
30.91066,29.282557999999998,2.842481e+00,0.1476,tile_30.8740_29.2470,moisture_differential
30.910763999999997,29.282557999999998,2.360892e+00,0.0301,tile_30.8740_29.2470,moisture_differential
30.9117,29.282557999999998,2.325598e+00,0.0215,tile_30.8740_29.2470,moisture_differential
30.911804,29.282557999999998,2.407719e+00,0.0416,tile_30.8740_29.2470,moisture_differential
30.912948,29.282557999999998,2.257315e+00,0.0049,tile_30.8740_29.2470,moisture_differential
30.913259999999998,29.282557999999998,2.544355e+00,0.0749,tile_30.8740_29.2470,moisture_differential
30.913363999999998,29.282557999999998,2.247954e+00,0.0026,tile_30.8740_29.2470,moisture_differential
30.913676,29.282557999999998,2.402591e+00,0.0403,tile_30.8740_29.2470,moisture_differential
30.913988,29.282557999999998,2.273621e+00,0.0089,tile_30.8740_29.2470,moisture_differential
30.925635999999997,29.282557999999998,2.338388e+00,0.0247,tile_30.8740_29.2470,moisture_differential
30.925739999999998,29.282557999999998,2.237818e+00,0.0001,tile_30.8740_29.2470,moisture_differential
30.884763999999997,29.282466,2.366440e+00,0.0315,tile_30.8740_29.2470,moisture_differential
30.887884,29.282466,2.418822e+00,0.0443,tile_30.8740_29.2470,moisture_differential
30.887988,29.282466,2.695886e+00,0.1119,tile_30.8740_29.2470,moisture_differential
30.902548,29.282466,2.538337e+00,0.0734,tile_30.8740_29.2470,moisture_differential
30.902756,29.282466,2.559392e+00,0.0786,tile_30.8740_29.2470,moisture_differential
30.9039,29.282466,2.313503e+00,0.0186,tile_30.8740_29.2470,moisture_differential
30.907643999999998,29.282466,2.353923e+00,0.0284,tile_30.8740_29.2470,moisture_differential
30.907747999999998,29.282466,2.353550e+00,0.0283,tile_30.8740_29.2470,moisture_differential
30.908683999999997,29.282466,2.309581e+00,0.0176,tile_30.8740_29.2470,moisture_differential
30.909516,29.282466,2.277741e+00,0.0099,tile_30.8740_29.2470,moisture_differential
30.910763999999997,29.282466,2.253654e+00,0.0040,tile_30.8740_29.2470,moisture_differential
30.910867999999997,29.282466,2.521758e+00,0.0694,tile_30.8740_29.2470,moisture_differential
30.9117,29.282466,2.550034e+00,0.0763,tile_30.8740_29.2470,moisture_differential
30.911804,29.282466,2.681170e+00,0.1083,tile_30.8740_29.2470,moisture_differential
30.912011999999997,29.282466,2.740537e+00,0.1228,tile_30.8740_29.2470,moisture_differential
30.912219999999998,29.282466,2.456586e+00,0.0535,tile_30.8740_29.2470,moisture_differential
30.91274,29.282466,2.843104e+00,0.1478,tile_30.8740_29.2470,moisture_differential
30.912844,29.282466,2.779054e+00,0.1321,tile_30.8740_29.2470,moisture_differential
30.912948,29.282466,2.868064e+00,0.1539,tile_30.8740_29.2470,moisture_differential
30.913467999999998,29.282466,2.607872e+00,0.0904,tile_30.8740_29.2470,moisture_differential
30.913572,29.282466,3.004883e+00,0.1872,tile_30.8740_29.2470,moisture_differential
30.913676,29.282466,2.379837e+00,0.0348,tile_30.8740_29.2470,moisture_differential
30.913884,29.282466,2.467702e+00,0.0562,tile_30.8740_29.2470,moisture_differential
30.913988,29.282466,2.254762e+00,0.0043,tile_30.8740_29.2470,moisture_differential
30.914924,29.282466,2.573521e+00,0.0820,tile_30.8740_29.2470,moisture_differential
30.915028,29.282466,2.327756e+00,0.0221,tile_30.8740_29.2470,moisture_differential
30.915236,29.282466,2.472563e+00,0.0574,tile_30.8740_29.2470,moisture_differential
30.917731999999997,29.282466,2.306551e+00,0.0169,tile_30.8740_29.2470,moisture_differential
30.917835999999998,29.282466,2.518908e+00,0.0687,tile_30.8740_29.2470,moisture_differential
30.887988,29.282374,2.237773e+00,0.0001,tile_30.8740_29.2470,moisture_differential
30.902756,29.282374,2.292096e+00,0.0134,tile_30.8740_29.2470,moisture_differential
30.90494,29.282374,2.343639e+00,0.0259,tile_30.8740_29.2470,moisture_differential
30.907852,29.282374,2.389971e+00,0.0372,tile_30.8740_29.2470,moisture_differential
30.908683999999997,29.282374,2.539385e+00,0.0737,tile_30.8740_29.2470,moisture_differential
30.908787999999998,29.282374,2.264315e+00,0.0066,tile_30.8740_29.2470,moisture_differential
30.91066,29.282374,2.241584e+00,0.0010,tile_30.8740_29.2470,moisture_differential
30.910763999999997,29.282374,2.630735e+00,0.0960,tile_30.8740_29.2470,moisture_differential
30.912428,29.282374,2.491208e+00,0.0619,tile_30.8740_29.2470,moisture_differential
30.912532,29.282374,2.297649e+00,0.0147,tile_30.8740_29.2470,moisture_differential
30.91274,29.282374,2.556880e+00,0.0780,tile_30.8740_29.2470,moisture_differential
30.912844,29.282374,2.388793e+00,0.0369,tile_30.8740_29.2470,moisture_differential
30.912948,29.282374,2.725516e+00,0.1191,tile_30.8740_29.2470,moisture_differential
30.913467999999998,29.282374,2.826343e+00,0.1437,tile_30.8740_29.2470,moisture_differential
30.913572,29.282374,3.421356e+00,0.2888,tile_30.8740_29.2470,moisture_differential
30.915132,29.282374,2.278057e+00,0.0099,tile_30.8740_29.2470,moisture_differential
30.915443999999997,29.282374,2.293332e+00,0.0137,tile_30.8740_29.2470,moisture_differential
30.915547999999998,29.282374,2.827494e+00,0.1440,tile_30.8740_29.2470,moisture_differential
30.915651999999998,29.282374,2.295029e+00,0.0141,tile_30.8740_29.2470,moisture_differential
30.91586,29.282374,2.634473e+00,0.0969,tile_30.8740_29.2470,moisture_differential
30.917731999999997,29.282374,2.283806e+00,0.0113,tile_30.8740_29.2470,moisture_differential
30.918148,29.282374,2.302051e+00,0.0158,tile_30.8740_29.2470,moisture_differential
30.918252,29.282374,2.827245e+00,0.1439,tile_30.8740_29.2470,moisture_differential
30.918356,29.282374,2.523418e+00,0.0698,tile_30.8740_29.2470,moisture_differential
30.895059999999997,29.282282,2.359759e+00,0.0299,tile_30.8740_29.2470,moisture_differential
30.90442,29.282282,2.334644e+00,0.0237,tile_30.8740_29.2470,moisture_differential
30.904836,29.282282,2.367754e+00,0.0318,tile_30.8740_29.2470,moisture_differential
30.906603999999998,29.282282,2.292817e+00,0.0135,tile_30.8740_29.2470,moisture_differential
30.906708,29.282282,2.399112e+00,0.0395,tile_30.8740_29.2470,moisture_differential
30.906812,29.282282,2.411228e+00,0.0424,tile_30.8740_29.2470,moisture_differential
30.908579999999997,29.282282,2.491287e+00,0.0620,tile_30.8740_29.2470,moisture_differential
30.908683999999997,29.282282,2.513032e+00,0.0673,tile_30.8740_29.2470,moisture_differential
30.909308,29.282282,2.543678e+00,0.0747,tile_30.8740_29.2470,moisture_differential
30.909412,29.282282,2.377079e+00,0.0341,tile_30.8740_29.2470,moisture_differential
30.91014,29.282282,2.237731e+00,0.0001,tile_30.8740_29.2470,moisture_differential
30.910244,29.282282,2.386283e+00,0.0363,tile_30.8740_29.2470,moisture_differential
30.910348,29.282282,2.275362e+00,0.0093,tile_30.8740_29.2470,moisture_differential
30.910452,29.282282,2.450706e+00,0.0521,tile_30.8740_29.2470,moisture_differential
30.91066,29.282282,2.448807e+00,0.0516,tile_30.8740_29.2470,moisture_differential
30.910867999999997,29.282282,2.286040e+00,0.0119,tile_30.8740_29.2470,moisture_differential
30.910971999999997,29.282282,2.562970e+00,0.0794,tile_30.8740_29.2470,moisture_differential
30.912636,29.282282,2.253370e+00,0.0039,tile_30.8740_29.2470,moisture_differential
30.912844,29.282282,2.616644e+00,0.0925,tile_30.8740_29.2470,moisture_differential
30.912948,29.282282,2.756514e+00,0.1267,tile_30.8740_29.2470,moisture_differential
30.913051999999997,29.282282,3.023190e+00,0.1917,tile_30.8740_29.2470,moisture_differential
30.913363999999998,29.282282,2.389807e+00,0.0372,tile_30.8740_29.2470,moisture_differential
30.913467999999998,29.282282,3.224725e+00,0.2409,tile_30.8740_29.2470,moisture_differential
30.913572,29.282282,3.197292e+00,0.2342,tile_30.8740_29.2470,moisture_differential
30.915132,29.282282,2.263090e+00,0.0063,tile_30.8740_29.2470,moisture_differential
30.915443999999997,29.282282,2.633931e+00,0.0967,tile_30.8740_29.2470,moisture_differential
30.915547999999998,29.282282,2.876708e+00,0.1560,tile_30.8740_29.2470,moisture_differential
30.915651999999998,29.282282,3.469090e+00,0.3005,tile_30.8740_29.2470,moisture_differential
30.91586,29.282282,2.362459e+00,0.0305,tile_30.8740_29.2470,moisture_differential
30.918148,29.282282,2.549383e+00,0.0761,tile_30.8740_29.2470,moisture_differential
30.918252,29.282282,2.615818e+00,0.0923,tile_30.8740_29.2470,moisture_differential
30.891316,29.28219,2.321393e+00,0.0205,tile_30.8740_29.2470,moisture_differential
30.895059999999997,29.28219,2.329621e+00,0.0225,tile_30.8740_29.2470,moisture_differential
30.907643999999998,29.28219,2.693928e+00,0.1114,tile_30.8740_29.2470,moisture_differential
30.907747999999998,29.28219,2.585539e+00,0.0849,tile_30.8740_29.2470,moisture_differential
30.908579999999997,29.28219,2.332952e+00,0.0233,tile_30.8740_29.2470,moisture_differential
30.909516,29.28219,2.385560e+00,0.0362,tile_30.8740_29.2470,moisture_differential
30.910244,29.28219,2.258979e+00,0.0053,tile_30.8740_29.2470,moisture_differential
30.910348,29.28219,2.492466e+00,0.0622,tile_30.8740_29.2470,moisture_differential
30.910971999999997,29.28219,2.306946e+00,0.0170,tile_30.8740_29.2470,moisture_differential
30.911075999999998,29.28219,2.238693e+00,0.0003,tile_30.8740_29.2470,moisture_differential
30.911388,29.28219,2.273244e+00,0.0088,tile_30.8740_29.2470,moisture_differential
30.912844,29.28219,2.267968e+00,0.0075,tile_30.8740_29.2470,moisture_differential
30.912948,29.28219,2.557863e+00,0.0782,tile_30.8740_29.2470,moisture_differential
30.913051999999997,29.28219,2.407009e+00,0.0414,tile_30.8740_29.2470,moisture_differential
30.913363999999998,29.28219,2.285728e+00,0.0118,tile_30.8740_29.2470,moisture_differential
30.913467999999998,29.28219,2.352420e+00,0.0281,tile_30.8740_29.2470,moisture_differential
30.915651999999998,29.28219,2.607059e+00,0.0902,tile_30.8740_29.2470,moisture_differential
30.915756,29.28219,2.916002e+00,0.1656,tile_30.8740_29.2470,moisture_differential
30.91586,29.28219,2.514584e+00,0.0676,tile_30.8740_29.2470,moisture_differential
30.9169,29.28219,2.423073e+00,0.0453,tile_30.8740_29.2470,moisture_differential
30.917212,29.28219,2.257528e+00,0.0049,tile_30.8740_29.2470,moisture_differential
30.917316,29.28219,2.421903e+00,0.0450,tile_30.8740_29.2470,moisture_differential
30.918044,29.28219,2.791198e+00,0.1351,tile_30.8740_29.2470,moisture_differential
30.918148,29.28219,2.809548e+00,0.1396,tile_30.8740_29.2470,moisture_differential
30.876236,29.282097999999998,2.798915e+00,0.1370,tile_30.8740_29.2470,moisture_differential
30.904107999999997,29.282097999999998,2.279027e+00,0.0102,tile_30.8740_29.2470,moisture_differential
30.905251999999997,29.282097999999998,2.603304e+00,0.0893,tile_30.8740_29.2470,moisture_differential
30.905355999999998,29.282097999999998,2.428157e+00,0.0465,tile_30.8740_29.2470,moisture_differential
30.906084,29.282097999999998,2.286926e+00,0.0121,tile_30.8740_29.2470,moisture_differential
30.906395999999997,29.282097999999998,2.336342e+00,0.0242,tile_30.8740_29.2470,moisture_differential
30.907747999999998,29.282097999999998,2.682457e+00,0.1086,tile_30.8740_29.2470,moisture_differential
30.90806,29.282097999999998,2.747717e+00,0.1245,tile_30.8740_29.2470,moisture_differential
30.908996,29.282097999999998,2.383607e+00,0.0357,tile_30.8740_29.2470,moisture_differential
30.909204,29.282097999999998,2.270012e+00,0.0080,tile_30.8740_29.2470,moisture_differential
30.910452,29.282097999999998,2.527946e+00,0.0709,tile_30.8740_29.2470,moisture_differential
30.910867999999997,29.282097999999998,2.416954e+00,0.0438,tile_30.8740_29.2470,moisture_differential
30.911284,29.282097999999998,2.305870e+00,0.0167,tile_30.8740_29.2470,moisture_differential
30.911804,29.282097999999998,2.359307e+00,0.0298,tile_30.8740_29.2470,moisture_differential
30.912115999999997,29.282097999999998,2.250863e+00,0.0033,tile_30.8740_29.2470,moisture_differential
30.912219999999998,29.282097999999998,2.378148e+00,0.0344,tile_30.8740_29.2470,moisture_differential
30.912323999999998,29.282097999999998,2.363265e+00,0.0307,tile_30.8740_29.2470,moisture_differential
30.912636,29.282097999999998,2.497047e+00,0.0634,tile_30.8740_29.2470,moisture_differential
30.912844,29.282097999999998,2.694286e+00,0.1115,tile_30.8740_29.2470,moisture_differential
30.916795999999998,29.282097999999998,2.444747e+00,0.0506,tile_30.8740_29.2470,moisture_differential
30.9169,29.282097999999998,2.758447e+00,0.1271,tile_30.8740_29.2470,moisture_differential
30.917212,29.282097999999998,2.456598e+00,0.0535,tile_30.8740_29.2470,moisture_differential
30.917316,29.282097999999998,3.102531e+00,0.2111,tile_30.8740_29.2470,moisture_differential
30.91742,29.282097999999998,2.272725e+00,0.0086,tile_30.8740_29.2470,moisture_differential
30.917523999999997,29.282097999999998,2.482834e+00,0.0599,tile_30.8740_29.2470,moisture_differential
30.876236,29.282006,2.494752e+00,0.0628,tile_30.8740_29.2470,moisture_differential
30.87634,29.282006,2.510151e+00,0.0666,tile_30.8740_29.2470,moisture_differential
30.900364,29.282006,2.603374e+00,0.0893,tile_30.8740_29.2470,moisture_differential
30.900883999999998,29.282006,2.462309e+00,0.0549,tile_30.8740_29.2470,moisture_differential
30.902756,29.282006,2.649570e+00,0.1006,tile_30.8740_29.2470,moisture_differential
30.905147999999997,29.282006,2.350685e+00,0.0277,tile_30.8740_29.2470,moisture_differential
30.905251999999997,29.282006,2.341816e+00,0.0255,tile_30.8740_29.2470,moisture_differential
30.905459999999998,29.282006,2.400354e+00,0.0398,tile_30.8740_29.2470,moisture_differential
30.906188,29.282006,2.342030e+00,0.0255,tile_30.8740_29.2470,moisture_differential
30.906708,29.282006,2.296796e+00,0.0145,tile_30.8740_29.2470,moisture_differential
30.907747999999998,29.282006,2.613109e+00,0.0917,tile_30.8740_29.2470,moisture_differential
30.908996,29.282006,2.716597e+00,0.1169,tile_30.8740_29.2470,moisture_differential
30.9091,29.282006,2.280435e+00,0.0105,tile_30.8740_29.2470,moisture_differential
30.910035999999998,29.282006,2.377913e+00,0.0343,tile_30.8740_29.2470,moisture_differential
30.91014,29.282006,2.363806e+00,0.0309,tile_30.8740_29.2470,moisture_differential
30.912219999999998,29.282006,2.944995e+00,0.1726,tile_30.8740_29.2470,moisture_differential
30.912323999999998,29.282006,2.383738e+00,0.0357,tile_30.8740_29.2470,moisture_differential
30.912428,29.282006,2.461913e+00,0.0548,tile_30.8740_29.2470,moisture_differential
30.912636,29.282006,2.295800e+00,0.0143,tile_30.8740_29.2470,moisture_differential
30.912844,29.282006,2.983986e+00,0.1821,tile_30.8740_29.2470,moisture_differential
30.912948,29.282006,3.016612e+00,0.1901,tile_30.8740_29.2470,moisture_differential
30.914195999999997,29.282006,2.241786e+00,0.0011,tile_30.8740_29.2470,moisture_differential
30.88518,29.281914,2.371378e+00,0.0327,tile_30.8740_29.2470,moisture_differential
30.885907999999997,29.281914,2.323209e+00,0.0209,tile_30.8740_29.2470,moisture_differential
30.900883999999998,29.281914,2.440930e+00,0.0497,tile_30.8740_29.2470,moisture_differential
30.906084,29.281914,2.308664e+00,0.0174,tile_30.8740_29.2470,moisture_differential
30.906188,29.281914,2.506859e+00,0.0657,tile_30.8740_29.2470,moisture_differential
30.907435999999997,29.281914,2.320315e+00,0.0202,tile_30.8740_29.2470,moisture_differential
30.907747999999998,29.281914,2.413514e+00,0.0430,tile_30.8740_29.2470,moisture_differential
30.908476,29.281914,2.387695e+00,0.0367,tile_30.8740_29.2470,moisture_differential
30.908891999999998,29.281914,2.525107e+00,0.0702,tile_30.8740_29.2470,moisture_differential
30.9091,29.281914,2.683552e+00,0.1089,tile_30.8740_29.2470,moisture_differential
30.909619999999997,29.281914,2.396132e+00,0.0387,tile_30.8740_29.2470,moisture_differential
30.909723999999997,29.281914,2.489426e+00,0.0615,tile_30.8740_29.2470,moisture_differential
30.91014,29.281914,2.487617e+00,0.0611,tile_30.8740_29.2470,moisture_differential
30.910244,29.281914,3.114133e+00,0.2139,tile_30.8740_29.2470,moisture_differential
30.910348,29.281914,2.747967e+00,0.1246,tile_30.8740_29.2470,moisture_differential
30.910556,29.281914,2.424500e+00,0.0457,tile_30.8740_29.2470,moisture_differential
30.91066,29.281914,2.790770e+00,0.1350,tile_30.8740_29.2470,moisture_differential
30.910763999999997,29.281914,2.683366e+00,0.1088,tile_30.8740_29.2470,moisture_differential
30.910867999999997,29.281914,2.549906e+00,0.0762,tile_30.8740_29.2470,moisture_differential
30.912219999999998,29.281914,2.330498e+00,0.0227,tile_30.8740_29.2470,moisture_differential
30.912323999999998,29.281914,2.279759e+00,0.0103,tile_30.8740_29.2470,moisture_differential
30.912428,29.281914,2.562888e+00,0.0794,tile_30.8740_29.2470,moisture_differential
30.912636,29.281914,2.279448e+00,0.0103,tile_30.8740_29.2470,moisture_differential
30.912948,29.281914,2.510859e+00,0.0667,tile_30.8740_29.2470,moisture_differential
30.915028,29.281914,2.417065e+00,0.0438,tile_30.8740_29.2470,moisture_differential
30.917108,29.281914,2.417061e+00,0.0438,tile_30.8740_29.2470,moisture_differential
30.917939999999998,29.281914,2.276107e+00,0.0095,tile_30.8740_29.2470,moisture_differential
30.918875999999997,29.281914,2.549759e+00,0.0762,tile_30.8740_29.2470,moisture_differential
30.882996,29.281822,2.365493e+00,0.0313,tile_30.8740_29.2470,moisture_differential
30.893396,29.281822,2.269481e+00,0.0078,tile_30.8740_29.2470,moisture_differential
30.8935,29.281822,2.400924e+00,0.0399,tile_30.8740_29.2470,moisture_differential
30.897764,29.281822,2.367629e+00,0.0318,tile_30.8740_29.2470,moisture_differential
30.906603999999998,29.281822,2.245462e+00,0.0020,tile_30.8740_29.2470,moisture_differential
30.906708,29.281822,2.581076e+00,0.0839,tile_30.8740_29.2470,moisture_differential
30.907747999999998,29.281822,2.586249e+00,0.0851,tile_30.8740_29.2470,moisture_differential
30.908164,29.281822,2.273959e+00,0.0089,tile_30.8740_29.2470,moisture_differential
30.908268,29.281822,2.292859e+00,0.0135,tile_30.8740_29.2470,moisture_differential
30.908683999999997,29.281822,2.451410e+00,0.0522,tile_30.8740_29.2470,moisture_differential
30.909619999999997,29.281822,2.766396e+00,0.1291,tile_30.8740_29.2470,moisture_differential
30.909723999999997,29.281822,2.756829e+00,0.1267,tile_30.8740_29.2470,moisture_differential
30.909827999999997,29.281822,2.539384e+00,0.0737,tile_30.8740_29.2470,moisture_differential
30.909931999999998,29.281822,2.679043e+00,0.1078,tile_30.8740_29.2470,moisture_differential
30.910035999999998,29.281822,2.302598e+00,0.0159,tile_30.8740_29.2470,moisture_differential
30.910452,29.281822,2.543435e+00,0.0747,tile_30.8740_29.2470,moisture_differential
30.910867999999997,29.281822,2.456771e+00,0.0535,tile_30.8740_29.2470,moisture_differential
30.911075999999998,29.281822,2.425575e+00,0.0459,tile_30.8740_29.2470,moisture_differential
30.911179999999998,29.281822,2.442274e+00,0.0500,tile_30.8740_29.2470,moisture_differential
30.912323999999998,29.281822,2.353013e+00,0.0282,tile_30.8740_29.2470,moisture_differential
30.912532,29.281822,2.297445e+00,0.0147,tile_30.8740_29.2470,moisture_differential
30.91274,29.281822,2.431402e+00,0.0473,tile_30.8740_29.2470,moisture_differential
30.913155999999997,29.281822,2.413505e+00,0.0430,tile_30.8740_29.2470,moisture_differential
30.91378,29.281822,2.497406e+00,0.0634,tile_30.8740_29.2470,moisture_differential
30.914924,29.281822,2.989924e+00,0.1836,tile_30.8740_29.2470,moisture_differential
30.915028,29.281822,3.152901e+00,0.2233,tile_30.8740_29.2470,moisture_differential
30.915132,29.281822,2.561255e+00,0.0790,tile_30.8740_29.2470,moisture_differential
30.915651999999998,29.281822,2.330364e+00,0.0227,tile_30.8740_29.2470,moisture_differential
30.9169,29.281822,2.300642e+00,0.0154,tile_30.8740_29.2470,moisture_differential
30.917004,29.281822,2.463426e+00,0.0552,tile_30.8740_29.2470,moisture_differential
30.917108,29.281822,2.342284e+00,0.0256,tile_30.8740_29.2470,moisture_differential
30.917316,29.281822,2.757366e+00,0.1269,tile_30.8740_29.2470,moisture_differential
30.918044,29.281822,2.532266e+00,0.0719,tile_30.8740_29.2470,moisture_differential
30.918875999999997,29.281822,2.306069e+00,0.0168,tile_30.8740_29.2470,moisture_differential
30.918979999999998,29.281822,2.420127e+00,0.0446,tile_30.8740_29.2470,moisture_differential
30.919708,29.281822,2.492980e+00,0.0624,tile_30.8740_29.2470,moisture_differential
30.893396,29.28173,2.267095e+00,0.0073,tile_30.8740_29.2470,moisture_differential
30.893604,29.28173,2.666996e+00,0.1048,tile_30.8740_29.2470,moisture_differential
30.904211999999998,29.28173,2.324082e+00,0.0212,tile_30.8740_29.2470,moisture_differential
30.905668,29.28173,2.427042e+00,0.0463,tile_30.8740_29.2470,moisture_differential
30.906708,29.28173,2.392185e+00,0.0378,tile_30.8740_29.2470,moisture_differential
30.906812,29.28173,2.421804e+00,0.0450,tile_30.8740_29.2470,moisture_differential
30.908787999999998,29.28173,2.382298e+00,0.0354,tile_30.8740_29.2470,moisture_differential
30.909827999999997,29.28173,2.466306e+00,0.0559,tile_30.8740_29.2470,moisture_differential
30.909931999999998,29.28173,2.741899e+00,0.1231,tile_30.8740_29.2470,moisture_differential
30.910035999999998,29.28173,2.326863e+00,0.0218,tile_30.8740_29.2470,moisture_differential
30.910244,29.28173,2.447206e+00,0.0512,tile_30.8740_29.2470,moisture_differential
30.91066,29.28173,2.636527e+00,0.0974,tile_30.8740_29.2470,moisture_differential
30.910763999999997,29.28173,3.023334e+00,0.1917,tile_30.8740_29.2470,moisture_differential
30.910867999999997,29.28173,2.807858e+00,0.1392,tile_30.8740_29.2470,moisture_differential
30.911179999999998,29.28173,2.500396e+00,0.0642,tile_30.8740_29.2470,moisture_differential
30.911284,29.28173,2.815405e+00,0.1410,tile_30.8740_29.2470,moisture_differential
30.911388,29.28173,2.491879e+00,0.0621,tile_30.8740_29.2470,moisture_differential
30.911596,29.28173,2.256213e+00,0.0046,tile_30.8740_29.2470,moisture_differential
30.912636,29.28173,2.449473e+00,0.0517,tile_30.8740_29.2470,moisture_differential
30.91274,29.28173,2.550093e+00,0.0763,tile_30.8740_29.2470,moisture_differential
30.913051999999997,29.28173,2.239600e+00,0.0006,tile_30.8740_29.2470,moisture_differential
30.913155999999997,29.28173,2.735228e+00,0.1215,tile_30.8740_29.2470,moisture_differential
30.913259999999998,29.28173,2.531296e+00,0.0717,tile_30.8740_29.2470,moisture_differential
30.91378,29.28173,2.361850e+00,0.0304,tile_30.8740_29.2470,moisture_differential
30.913884,29.28173,2.406169e+00,0.0412,tile_30.8740_29.2470,moisture_differential
30.913988,29.28173,2.411958e+00,0.0426,tile_30.8740_29.2470,moisture_differential
30.914299999999997,29.28173,2.834395e+00,0.1456,tile_30.8740_29.2470,moisture_differential
30.91482,29.28173,2.419814e+00,0.0445,tile_30.8740_29.2470,moisture_differential
30.914924,29.28173,3.460463e+00,0.2984,tile_30.8740_29.2470,moisture_differential
30.915028,29.28173,3.952195e+00,0.4183,tile_30.8740_29.2470,moisture_differential
30.915132,29.28173,2.908988e+00,0.1638,tile_30.8740_29.2470,moisture_differential
30.915651999999998,29.28173,3.081781e+00,0.2060,tile_30.8740_29.2470,moisture_differential
30.9169,29.28173,2.549781e+00,0.0762,tile_30.8740_29.2470,moisture_differential
30.917004,29.28173,2.784392e+00,0.1335,tile_30.8740_29.2470,moisture_differential
30.917108,29.28173,2.591099e+00,0.0863,tile_30.8740_29.2470,moisture_differential
30.918044,29.28173,2.282637e+00,0.0111,tile_30.8740_29.2470,moisture_differential
30.918148,29.28173,2.498170e+00,0.0636,tile_30.8740_29.2470,moisture_differential
30.918875999999997,29.28173,2.391481e+00,0.0376,tile_30.8740_29.2470,moisture_differential
30.918979999999998,29.28173,2.627252e+00,0.0951,tile_30.8740_29.2470,moisture_differential
30.919708,29.28173,2.499810e+00,0.0640,tile_30.8740_29.2470,moisture_differential
30.888924,29.281638,2.290302e+00,0.0129,tile_30.8740_29.2470,moisture_differential
30.889028,29.281638,3.019397e+00,0.1908,tile_30.8740_29.2470,moisture_differential
30.889132,29.281638,2.938248e+00,0.1710,tile_30.8740_29.2470,moisture_differential
30.893708,29.281638,2.978103e+00,0.1807,tile_30.8740_29.2470,moisture_differential
30.902444,29.281638,2.285330e+00,0.0117,tile_30.8740_29.2470,moisture_differential
30.902548,29.281638,2.426445e+00,0.0461,tile_30.8740_29.2470,moisture_differential
30.906916,29.281638,2.338265e+00,0.0246,tile_30.8740_29.2470,moisture_differential
30.90702,29.281638,2.449858e+00,0.0518,tile_30.8740_29.2470,moisture_differential
30.907435999999997,29.281638,2.405923e+00,0.0411,tile_30.8740_29.2470,moisture_differential
30.907539999999997,29.281638,2.858799e+00,0.1516,tile_30.8740_29.2470,moisture_differential
30.907643999999998,29.281638,2.469158e+00,0.0566,tile_30.8740_29.2470,moisture_differential
30.907747999999998,29.281638,2.459170e+00,0.0541,tile_30.8740_29.2470,moisture_differential
30.908372,29.281638,2.583187e+00,0.0844,tile_30.8740_29.2470,moisture_differential
30.908787999999998,29.281638,2.664816e+00,0.1043,tile_30.8740_29.2470,moisture_differential
30.909723999999997,29.281638,2.308119e+00,0.0173,tile_30.8740_29.2470,moisture_differential
30.909827999999997,29.281638,2.716742e+00,0.1169,tile_30.8740_29.2470,moisture_differential
30.909931999999998,29.281638,2.705541e+00,0.1142,tile_30.8740_29.2470,moisture_differential
30.910035999999998,29.281638,2.479063e+00,0.0590,tile_30.8740_29.2470,moisture_differential
30.910556,29.281638,2.357092e+00,0.0292,tile_30.8740_29.2470,moisture_differential
30.910763999999997,29.281638,2.358599e+00,0.0296,tile_30.8740_29.2470,moisture_differential
30.910867999999997,29.281638,2.477796e+00,0.0587,tile_30.8740_29.2470,moisture_differential
30.911284,29.281638,2.420917e+00,0.0448,tile_30.8740_29.2470,moisture_differential
30.911907999999997,29.281638,2.635657e+00,0.0972,tile_30.8740_29.2470,moisture_differential
30.912011999999997,29.281638,2.365915e+00,0.0314,tile_30.8740_29.2470,moisture_differential
30.912115999999997,29.281638,2.520935e+00,0.0692,tile_30.8740_29.2470,moisture_differential
30.912636,29.281638,2.869289e+00,0.1542,tile_30.8740_29.2470,moisture_differential
30.912948,29.281638,2.379151e+00,0.0346,tile_30.8740_29.2470,moisture_differential
30.913051999999997,29.281638,2.681815e+00,0.1084,tile_30.8740_29.2470,moisture_differential
30.913155999999997,29.281638,2.621479e+00,0.0937,tile_30.8740_29.2470,moisture_differential
30.913259999999998,29.281638,2.328973e+00,0.0224,tile_30.8740_29.2470,moisture_differential
30.913363999999998,29.281638,2.624610e+00,0.0945,tile_30.8740_29.2470,moisture_differential
30.913884,29.281638,2.621335e+00,0.0937,tile_30.8740_29.2470,moisture_differential
30.913988,29.281638,2.899933e+00,0.1616,tile_30.8740_29.2470,moisture_differential
30.914403999999998,29.281638,2.311720e+00,0.0181,tile_30.8740_29.2470,moisture_differential
30.914507999999998,29.281638,2.445190e+00,0.0507,tile_30.8740_29.2470,moisture_differential
30.914924,29.281638,2.668455e+00,0.1052,tile_30.8740_29.2470,moisture_differential
30.915028,29.281638,2.757170e+00,0.1268,tile_30.8740_29.2470,moisture_differential
30.915132,29.281638,2.303057e+00,0.0160,tile_30.8740_29.2470,moisture_differential
30.915651999999998,29.281638,2.370267e+00,0.0324,tile_30.8740_29.2470,moisture_differential
30.916691999999998,29.281638,2.899289e+00,0.1615,tile_30.8740_29.2470,moisture_differential
30.916795999999998,29.281638,2.519023e+00,0.0687,tile_30.8740_29.2470,moisture_differential
30.9169,29.281638,2.403400e+00,0.0405,tile_30.8740_29.2470,moisture_differential
30.917004,29.281638,2.578709e+00,0.0833,tile_30.8740_29.2470,moisture_differential
30.917212,29.281638,2.248893e+00,0.0028,tile_30.8740_29.2470,moisture_differential
30.918356,29.281638,2.365049e+00,0.0312,tile_30.8740_29.2470,moisture_differential
30.91846,29.281638,2.735242e+00,0.1215,tile_30.8740_29.2470,moisture_differential
30.919188,29.281638,2.645025e+00,0.0995,tile_30.8740_29.2470,moisture_differential
30.919292,29.281638,2.700830e+00,0.1131,tile_30.8740_29.2470,moisture_differential
30.919708,29.281638,2.289664e+00,0.0128,tile_30.8740_29.2470,moisture_differential
30.878315999999998,29.281546,2.243495e+00,0.0015,tile_30.8740_29.2470,moisture_differential
30.880395999999998,29.281546,2.273150e+00,0.0087,tile_30.8740_29.2470,moisture_differential
30.888924,29.281546,2.635565e+00,0.0971,tile_30.8740_29.2470,moisture_differential
30.889028,29.281546,2.781175e+00,0.1327,tile_30.8740_29.2470,moisture_differential
30.889132,29.281546,2.807476e+00,0.1391,tile_30.8740_29.2470,moisture_differential
30.90026,29.281546,2.634603e+00,0.0969,tile_30.8740_29.2470,moisture_differential
30.900364,29.281546,2.555691e+00,0.0777,tile_30.8740_29.2470,moisture_differential
30.902444,29.281546,2.330486e+00,0.0227,tile_30.8740_29.2470,moisture_differential
30.902548,29.281546,2.462029e+00,0.0548,tile_30.8740_29.2470,moisture_differential
30.904836,29.281546,2.385409e+00,0.0361,tile_30.8740_29.2470,moisture_differential
30.906812,29.281546,2.908752e+00,0.1638,tile_30.8740_29.2470,moisture_differential
30.907124,29.281546,2.363619e+00,0.0308,tile_30.8740_29.2470,moisture_differential
30.907435999999997,29.281546,2.493790e+00,0.0626,tile_30.8740_29.2470,moisture_differential
30.90806,29.281546,2.964969e+00,0.1775,tile_30.8740_29.2470,moisture_differential
30.908372,29.281546,2.271933e+00,0.0084,tile_30.8740_29.2470,moisture_differential
30.908476,29.281546,2.295999e+00,0.0143,tile_30.8740_29.2470,moisture_differential
30.908683999999997,29.281546,2.245849e+00,0.0021,tile_30.8740_29.2470,moisture_differential
30.909723999999997,29.281546,2.636817e+00,0.0975,tile_30.8740_29.2470,moisture_differential
30.909827999999997,29.281546,2.369469e+00,0.0322,tile_30.8740_29.2470,moisture_differential
30.910035999999998,29.281546,2.780406e+00,0.1325,tile_30.8740_29.2470,moisture_differential
30.91014,29.281546,2.559677e+00,0.0786,tile_30.8740_29.2470,moisture_differential
30.910867999999997,29.281546,2.372797e+00,0.0330,tile_30.8740_29.2470,moisture_differential
30.911804,29.281546,2.356082e+00,0.0290,tile_30.8740_29.2470,moisture_differential
30.911907999999997,29.281546,3.268601e+00,0.2516,tile_30.8740_29.2470,moisture_differential
30.912115999999997,29.281546,2.616974e+00,0.0926,tile_30.8740_29.2470,moisture_differential
30.913155999999997,29.281546,2.385745e+00,0.0362,tile_30.8740_29.2470,moisture_differential
30.913259999999998,29.281546,2.636558e+00,0.0974,tile_30.8740_29.2470,moisture_differential
30.913363999999998,29.281546,2.586691e+00,0.0852,tile_30.8740_29.2470,moisture_differential
30.913467999999998,29.281546,2.626543e+00,0.0949,tile_30.8740_29.2470,moisture_differential
30.913572,29.281546,2.285708e+00,0.0118,tile_30.8740_29.2470,moisture_differential
30.913676,29.281546,2.284194e+00,0.0114,tile_30.8740_29.2470,moisture_differential
30.913884,29.281546,2.498815e+00,0.0638,tile_30.8740_29.2470,moisture_differential
30.913988,29.281546,2.250036e+00,0.0031,tile_30.8740_29.2470,moisture_differential
30.916795999999998,29.281546,3.043443e+00,0.1966,tile_30.8740_29.2470,moisture_differential
30.9169,29.281546,2.706584e+00,0.1145,tile_30.8740_29.2470,moisture_differential
30.917004,29.281546,2.279581e+00,0.0103,tile_30.8740_29.2470,moisture_differential
30.917108,29.281546,2.331458e+00,0.0230,tile_30.8740_29.2470,moisture_differential
30.917627999999997,29.281546,2.295094e+00,0.0141,tile_30.8740_29.2470,moisture_differential
30.917731999999997,29.281546,2.284379e+00,0.0115,tile_30.8740_29.2470,moisture_differential
30.918148,29.281546,2.406866e+00,0.0414,tile_30.8740_29.2470,moisture_differential
30.918252,29.281546,2.342202e+00,0.0256,tile_30.8740_29.2470,moisture_differential
30.91846,29.281546,2.539140e+00,0.0736,tile_30.8740_29.2470,moisture_differential
30.918771999999997,29.281546,2.502673e+00,0.0647,tile_30.8740_29.2470,moisture_differential
30.874883999999998,29.281454,2.451785e+00,0.0523,tile_30.8740_29.2470,moisture_differential
30.883412,29.281454,2.317105e+00,0.0195,tile_30.8740_29.2470,moisture_differential
30.883619999999997,29.281454,2.280046e+00,0.0104,tile_30.8740_29.2470,moisture_differential
30.888924,29.281454,2.684200e+00,0.1090,tile_30.8740_29.2470,moisture_differential
30.889028,29.281454,2.612020e+00,0.0914,tile_30.8740_29.2470,moisture_differential
30.889132,29.281454,2.238896e+00,0.0004,tile_30.8740_29.2470,moisture_differential
30.90026,29.281454,2.409385e+00,0.0420,tile_30.8740_29.2470,moisture_differential
30.906812,29.281454,2.358051e+00,0.0294,tile_30.8740_29.2470,moisture_differential
30.907435999999997,29.281454,2.312328e+00,0.0183,tile_30.8740_29.2470,moisture_differential
30.907539999999997,29.281454,2.365361e+00,0.0312,tile_30.8740_29.2470,moisture_differential
30.909723999999997,29.281454,2.265461e+00,0.0069,tile_30.8740_29.2470,moisture_differential
30.909827999999997,29.281454,2.510227e+00,0.0666,tile_30.8740_29.2470,moisture_differential
30.909931999999998,29.281454,2.600854e+00,0.0887,tile_30.8740_29.2470,moisture_differential
30.910035999999998,29.281454,2.397742e+00,0.0391,tile_30.8740_29.2470,moisture_differential
30.911804,29.281454,2.411677e+00,0.0425,tile_30.8740_29.2470,moisture_differential
30.912115999999997,29.281454,2.774445e+00,0.1310,tile_30.8740_29.2470,moisture_differential
30.912219999999998,29.281454,2.491461e+00,0.0620,tile_30.8740_29.2470,moisture_differential
30.912532,29.281454,2.427730e+00,0.0464,tile_30.8740_29.2470,moisture_differential
30.912636,29.281454,2.495793e+00,0.0630,tile_30.8740_29.2470,moisture_differential
30.91274,29.281454,2.339207e+00,0.0249,tile_30.8740_29.2470,moisture_differential
30.913363999999998,29.281454,2.535602e+00,0.0728,tile_30.8740_29.2470,moisture_differential
30.916691999999998,29.281454,2.456017e+00,0.0533,tile_30.8740_29.2470,moisture_differential
30.916795999999998,29.281454,2.844747e+00,0.1482,tile_30.8740_29.2470,moisture_differential
30.917212,29.281454,2.475554e+00,0.0581,tile_30.8740_29.2470,moisture_differential
30.917316,29.281454,2.660057e+00,0.1031,tile_30.8740_29.2470,moisture_differential
30.91742,29.281454,2.656815e+00,0.1023,tile_30.8740_29.2470,moisture_differential
30.917627999999997,29.281454,2.650661e+00,0.1008,tile_30.8740_29.2470,moisture_differential
30.917731999999997,29.281454,2.661535e+00,0.1035,tile_30.8740_29.2470,moisture_differential
30.917835999999998,29.281454,2.615283e+00,0.0922,tile_30.8740_29.2470,moisture_differential
30.917939999999998,29.281454,2.441047e+00,0.0497,tile_30.8740_29.2470,moisture_differential
30.918044,29.281454,2.434636e+00,0.0481,tile_30.8740_29.2470,moisture_differential
30.918356,29.281454,2.510389e+00,0.0666,tile_30.8740_29.2470,moisture_differential
30.91846,29.281454,2.266034e+00,0.0070,tile_30.8740_29.2470,moisture_differential
30.87998,29.281361999999998,2.431510e+00,0.0474,tile_30.8740_29.2470,moisture_differential
30.8831,29.281361999999998,2.285231e+00,0.0117,tile_30.8740_29.2470,moisture_differential
30.883412,29.281361999999998,2.410488e+00,0.0422,tile_30.8740_29.2470,moisture_differential
30.885907999999997,29.281361999999998,2.280492e+00,0.0105,tile_30.8740_29.2470,moisture_differential
30.888403999999998,29.281361999999998,2.262249e+00,0.0061,tile_30.8740_29.2470,moisture_differential
30.888507999999998,29.281361999999998,2.403464e+00,0.0405,tile_30.8740_29.2470,moisture_differential
30.888716,29.281361999999998,2.507273e+00,0.0658,tile_30.8740_29.2470,moisture_differential
30.88882,29.281361999999998,2.449429e+00,0.0517,tile_30.8740_29.2470,moisture_differential
30.889443999999997,29.281361999999998,2.237796e+00,0.0001,tile_30.8740_29.2470,moisture_differential
30.890276,29.281361999999998,2.529939e+00,0.0714,tile_30.8740_29.2470,moisture_differential
30.89558,29.281361999999998,2.409809e+00,0.0421,tile_30.8740_29.2470,moisture_differential
30.897972,29.281361999999998,2.256438e+00,0.0047,tile_30.8740_29.2470,moisture_differential
30.898076,29.281361999999998,2.478004e+00,0.0587,tile_30.8740_29.2470,moisture_differential
30.903275999999998,29.281361999999998,2.269393e+00,0.0078,tile_30.8740_29.2470,moisture_differential
30.9039,29.281361999999998,2.559841e+00,0.0787,tile_30.8740_29.2470,moisture_differential
30.904107999999997,29.281361999999998,2.322031e+00,0.0207,tile_30.8740_29.2470,moisture_differential
30.905044,29.281361999999998,2.324489e+00,0.0213,tile_30.8740_29.2470,moisture_differential
30.905147999999997,29.281361999999998,2.432693e+00,0.0477,tile_30.8740_29.2470,moisture_differential
30.905251999999997,29.281361999999998,2.591271e+00,0.0863,tile_30.8740_29.2470,moisture_differential
30.905564,29.281361999999998,2.594033e+00,0.0870,tile_30.8740_29.2470,moisture_differential
30.907643999999998,29.281361999999998,2.390635e+00,0.0374,tile_30.8740_29.2470,moisture_differential
30.907747999999998,29.281361999999998,2.243081e+00,0.0014,tile_30.8740_29.2470,moisture_differential
30.908164,29.281361999999998,2.274280e+00,0.0090,tile_30.8740_29.2470,moisture_differential
30.908268,29.281361999999998,2.306172e+00,0.0168,tile_30.8740_29.2470,moisture_differential
30.908891999999998,29.281361999999998,2.644067e+00,0.0992,tile_30.8740_29.2470,moisture_differential
30.909931999999998,29.281361999999998,2.514754e+00,0.0677,tile_30.8740_29.2470,moisture_differential
30.910244,29.281361999999998,2.398239e+00,0.0393,tile_30.8740_29.2470,moisture_differential
30.912636,29.281361999999998,2.831687e+00,0.1450,tile_30.8740_29.2470,moisture_differential
30.91274,29.281361999999998,2.436270e+00,0.0485,tile_30.8740_29.2470,moisture_differential
30.912948,29.281361999999998,2.277528e+00,0.0098,tile_30.8740_29.2470,moisture_differential
30.913051999999997,29.281361999999998,2.975148e+00,0.1800,tile_30.8740_29.2470,moisture_differential
30.913155999999997,29.281361999999998,2.615477e+00,0.0922,tile_30.8740_29.2470,moisture_differential
30.913467999999998,29.281361999999998,2.476569e+00,0.0584,tile_30.8740_29.2470,moisture_differential
30.916276,29.281361999999998,2.239708e+00,0.0006,tile_30.8740_29.2470,moisture_differential
30.916483999999997,29.281361999999998,2.361864e+00,0.0304,tile_30.8740_29.2470,moisture_differential
30.916587999999997,29.281361999999998,2.809862e+00,0.1397,tile_30.8740_29.2470,moisture_differential
30.916691999999998,29.281361999999998,2.926682e+00,0.1682,tile_30.8740_29.2470,moisture_differential
30.916795999999998,29.281361999999998,3.153301e+00,0.2234,tile_30.8740_29.2470,moisture_differential
30.9169,29.281361999999998,2.850390e+00,0.1496,tile_30.8740_29.2470,moisture_differential
30.917004,29.281361999999998,2.467483e+00,0.0561,tile_30.8740_29.2470,moisture_differential
30.91742,29.281361999999998,2.541177e+00,0.0741,tile_30.8740_29.2470,moisture_differential
30.917523999999997,29.281361999999998,2.435929e+00,0.0484,tile_30.8740_29.2470,moisture_differential
30.918356,29.281361999999998,2.656801e+00,0.1023,tile_30.8740_29.2470,moisture_differential
30.91846,29.281361999999998,2.582621e+00,0.0842,tile_30.8740_29.2470,moisture_differential
30.918564,29.281361999999998,2.375861e+00,0.0338,tile_30.8740_29.2470,moisture_differential
30.919188,29.281361999999998,2.926757e+00,0.1682,tile_30.8740_29.2470,moisture_differential
30.919604,29.281361999999998,2.344987e+00,0.0263,tile_30.8740_29.2470,moisture_differential
30.921371999999998,29.281361999999998,2.415143e+00,0.0434,tile_30.8740_29.2470,moisture_differential
30.8831,29.28127,2.541578e+00,0.0742,tile_30.8740_29.2470,moisture_differential
30.883827999999998,29.28127,2.498096e+00,0.0636,tile_30.8740_29.2470,moisture_differential
30.883931999999998,29.28127,2.562400e+00,0.0793,tile_30.8740_29.2470,moisture_differential
30.884036,29.28127,2.286969e+00,0.0121,tile_30.8740_29.2470,moisture_differential
30.888403999999998,29.28127,2.295433e+00,0.0142,tile_30.8740_29.2470,moisture_differential
30.888507999999998,29.28127,2.373371e+00,0.0332,tile_30.8740_29.2470,moisture_differential
30.888612,29.28127,2.463447e+00,0.0552,tile_30.8740_29.2470,moisture_differential
30.888716,29.28127,2.838705e+00,0.1467,tile_30.8740_29.2470,moisture_differential
30.893292,29.28127,2.282414e+00,0.0110,tile_30.8740_29.2470,moisture_differential
30.895476,29.28127,2.462022e+00,0.0548,tile_30.8740_29.2470,moisture_differential
30.90442,29.28127,2.604457e+00,0.0896,tile_30.8740_29.2470,moisture_differential
30.904524,29.28127,2.237756e+00,0.0001,tile_30.8740_29.2470,moisture_differential
30.90494,29.28127,2.534285e+00,0.0724,tile_30.8740_29.2470,moisture_differential
30.905147999999997,29.28127,2.244280e+00,0.0017,tile_30.8740_29.2470,moisture_differential
30.907435999999997,29.28127,2.335154e+00,0.0239,tile_30.8740_29.2470,moisture_differential
30.907643999999998,29.28127,2.280372e+00,0.0105,tile_30.8740_29.2470,moisture_differential
30.907956,29.28127,2.950849e+00,0.1741,tile_30.8740_29.2470,moisture_differential
30.908164,29.28127,2.279136e+00,0.0102,tile_30.8740_29.2470,moisture_differential
30.908268,29.28127,2.355533e+00,0.0288,tile_30.8740_29.2470,moisture_differential
30.908476,29.28127,2.281664e+00,0.0108,tile_30.8740_29.2470,moisture_differential
30.908579999999997,29.28127,2.437967e+00,0.0489,tile_30.8740_29.2470,moisture_differential
30.908787999999998,29.28127,2.274735e+00,0.0091,tile_30.8740_29.2470,moisture_differential
30.908891999999998,29.28127,2.553556e+00,0.0771,tile_30.8740_29.2470,moisture_differential
30.908996,29.28127,2.902852e+00,0.1623,tile_30.8740_29.2470,moisture_differential
30.909516,29.28127,2.268209e+00,0.0075,tile_30.8740_29.2470,moisture_differential
30.909931999999998,29.28127,2.316614e+00,0.0193,tile_30.8740_29.2470,moisture_differential
30.91014,29.28127,2.376875e+00,0.0340,tile_30.8740_29.2470,moisture_differential
30.910244,29.28127,2.312859e+00,0.0184,tile_30.8740_29.2470,moisture_differential
30.91274,29.28127,2.558317e+00,0.0783,tile_30.8740_29.2470,moisture_differential
30.912844,29.28127,2.592183e+00,0.0866,tile_30.8740_29.2470,moisture_differential
30.913051999999997,29.28127,2.457135e+00,0.0536,tile_30.8740_29.2470,moisture_differential
30.913572,29.28127,2.338004e+00,0.0246,tile_30.8740_29.2470,moisture_differential
30.914092,29.28127,2.524893e+00,0.0701,tile_30.8740_29.2470,moisture_differential
30.916483999999997,29.28127,2.489454e+00,0.0615,tile_30.8740_29.2470,moisture_differential
30.916587999999997,29.28127,3.633144e+00,0.3405,tile_30.8740_29.2470,moisture_differential
30.916691999999998,29.28127,3.411944e+00,0.2865,tile_30.8740_29.2470,moisture_differential
30.916795999999998,29.28127,3.312866e+00,0.2624,tile_30.8740_29.2470,moisture_differential
30.9169,29.28127,2.776593e+00,0.1315,tile_30.8740_29.2470,moisture_differential
30.917004,29.28127,2.895886e+00,0.1607,tile_30.8740_29.2470,moisture_differential
30.91742,29.28127,2.489111e+00,0.0614,tile_30.8740_29.2470,moisture_differential
30.917523999999997,29.28127,2.594186e+00,0.0871,tile_30.8740_29.2470,moisture_differential
30.917627999999997,29.28127,2.432590e+00,0.0476,tile_30.8740_29.2470,moisture_differential
30.918979999999998,29.28127,2.872477e+00,0.1549,tile_30.8740_29.2470,moisture_differential
30.919083999999998,29.28127,3.591615e+00,0.3304,tile_30.8740_29.2470,moisture_differential
30.919188,29.28127,3.605588e+00,0.3338,tile_30.8740_29.2470,moisture_differential
30.919292,29.28127,3.155173e+00,0.2239,tile_30.8740_29.2470,moisture_differential
30.925947999999998,29.28127,2.442296e+00,0.0500,tile_30.8740_29.2470,moisture_differential
30.884036,29.281178,2.311735e+00,0.0181,tile_30.8740_29.2470,moisture_differential
30.888403999999998,29.281178,2.803577e+00,0.1381,tile_30.8740_29.2470,moisture_differential
30.888507999999998,29.281178,2.769587e+00,0.1298,tile_30.8740_29.2470,moisture_differential
30.888612,29.281178,2.614325e+00,0.0920,tile_30.8740_29.2470,moisture_differential
30.888716,29.281178,2.846329e+00,0.1486,tile_30.8740_29.2470,moisture_differential
30.895476,29.281178,2.963606e+00,0.1772,tile_30.8740_29.2470,moisture_differential
30.89558,29.281178,2.768638e+00,0.1296,tile_30.8740_29.2470,moisture_differential
30.898908,29.281178,2.380681e+00,0.0350,tile_30.8740_29.2470,moisture_differential
30.900156,29.281178,2.635557e+00,0.0971,tile_30.8740_29.2470,moisture_differential
30.90026,29.281178,2.514430e+00,0.0676,tile_30.8740_29.2470,moisture_differential
30.900364,29.281178,2.662669e+00,0.1038,tile_30.8740_29.2470,moisture_differential
30.901715999999997,29.281178,2.284029e+00,0.0114,tile_30.8740_29.2470,moisture_differential
30.902131999999998,29.281178,2.287888e+00,0.0123,tile_30.8740_29.2470,moisture_differential
30.902236,29.281178,2.327846e+00,0.0221,tile_30.8740_29.2470,moisture_differential
30.904315999999998,29.281178,2.640447e+00,0.0983,tile_30.8740_29.2470,moisture_differential
30.90442,29.281178,2.788419e+00,0.1344,tile_30.8740_29.2470,moisture_differential
30.906916,29.281178,2.342904e+00,0.0258,tile_30.8740_29.2470,moisture_differential
30.90702,29.281178,2.796483e+00,0.1364,tile_30.8740_29.2470,moisture_differential
30.907747999999998,29.281178,2.395970e+00,0.0387,tile_30.8740_29.2470,moisture_differential
30.907956,29.281178,2.459982e+00,0.0543,tile_30.8740_29.2470,moisture_differential
30.90806,29.281178,2.346962e+00,0.0267,tile_30.8740_29.2470,moisture_differential
30.908164,29.281178,2.798117e+00,0.1368,tile_30.8740_29.2470,moisture_differential
30.908476,29.281178,2.401859e+00,0.0401,tile_30.8740_29.2470,moisture_differential
30.908579999999997,29.281178,2.273821e+00,0.0089,tile_30.8740_29.2470,moisture_differential
30.908787999999998,29.281178,2.276503e+00,0.0096,tile_30.8740_29.2470,moisture_differential
30.908891999999998,29.281178,2.666512e+00,0.1047,tile_30.8740_29.2470,moisture_differential
30.909931999999998,29.281178,2.767729e+00,0.1294,tile_30.8740_29.2470,moisture_differential
30.910035999999998,29.281178,3.298102e+00,0.2588,tile_30.8740_29.2470,moisture_differential
30.91014,29.281178,2.831308e+00,0.1449,tile_30.8740_29.2470,moisture_differential
30.910244,29.281178,2.806735e+00,0.1389,tile_30.8740_29.2470,moisture_differential
30.910867999999997,29.281178,2.361556e+00,0.0303,tile_30.8740_29.2470,moisture_differential
30.911075999999998,29.281178,2.274869e+00,0.0092,tile_30.8740_29.2470,moisture_differential
30.911596,29.281178,2.712386e+00,0.1159,tile_30.8740_29.2470,moisture_differential
30.9117,29.281178,2.387509e+00,0.0366,tile_30.8740_29.2470,moisture_differential
30.912219999999998,29.281178,2.764115e+00,0.1285,tile_30.8740_29.2470,moisture_differential
30.912428,29.281178,2.269557e+00,0.0079,tile_30.8740_29.2470,moisture_differential
30.912844,29.281178,2.462901e+00,0.0550,tile_30.8740_29.2470,moisture_differential
30.913676,29.281178,2.329994e+00,0.0226,tile_30.8740_29.2470,moisture_differential
30.913988,29.281178,2.997996e+00,0.1856,tile_30.8740_29.2470,moisture_differential
30.914092,29.281178,2.757655e+00,0.1269,tile_30.8740_29.2470,moisture_differential
30.914195999999997,29.281178,2.254336e+00,0.0041,tile_30.8740_29.2470,moisture_differential
30.914403999999998,29.281178,2.247840e+00,0.0026,tile_30.8740_29.2470,moisture_differential
30.916691999999998,29.281178,3.148414e+00,0.2223,tile_30.8740_29.2470,moisture_differential
30.916795999999998,29.281178,2.790993e+00,0.1351,tile_30.8740_29.2470,moisture_differential
30.9169,29.281178,2.307102e+00,0.0170,tile_30.8740_29.2470,moisture_differential
30.917004,29.281178,2.718383e+00,0.1173,tile_30.8740_29.2470,moisture_differential
30.918148,29.281178,2.659635e+00,0.1030,tile_30.8740_29.2470,moisture_differential
30.918979999999998,29.281178,2.548869e+00,0.0760,tile_30.8740_29.2470,moisture_differential
30.919083999999998,29.281178,3.380486e+00,0.2789,tile_30.8740_29.2470,moisture_differential
30.919188,29.281178,3.367868e+00,0.2758,tile_30.8740_29.2470,moisture_differential
30.919292,29.281178,4.293491e+00,0.5016,tile_30.8740_29.2470,moisture_differential
30.919396,29.281178,3.741669e+00,0.3670,tile_30.8740_29.2470,moisture_differential
30.920644,29.281178,2.305653e+00,0.0167,tile_30.8740_29.2470,moisture_differential
30.92158,29.281178,2.279143e+00,0.0102,tile_30.8740_29.2470,moisture_differential
30.921996,29.281178,2.441872e+00,0.0499,tile_30.8740_29.2470,moisture_differential
30.884452,29.281086,2.293467e+00,0.0137,tile_30.8740_29.2470,moisture_differential
30.895372,29.281086,2.475894e+00,0.0582,tile_30.8740_29.2470,moisture_differential
30.895476,29.281086,2.849603e+00,0.1494,tile_30.8740_29.2470,moisture_differential
30.89558,29.281086,2.358703e+00,0.0296,tile_30.8740_29.2470,moisture_differential
30.89818,29.281086,2.343938e+00,0.0260,tile_30.8740_29.2470,moisture_differential
30.900364,29.281086,2.558996e+00,0.0785,tile_30.8740_29.2470,moisture_differential
30.902756,29.281086,2.463279e+00,0.0551,tile_30.8740_29.2470,moisture_differential
30.904524,29.281086,2.320982e+00,0.0204,tile_30.8740_29.2470,moisture_differential
30.904628,29.281086,2.285830e+00,0.0118,tile_30.8740_29.2470,moisture_differential
30.906708,29.281086,2.316081e+00,0.0192,tile_30.8740_29.2470,moisture_differential
30.906916,29.281086,2.253496e+00,0.0039,tile_30.8740_29.2470,moisture_differential
30.90702,29.281086,2.274047e+00,0.0090,tile_30.8740_29.2470,moisture_differential
30.907124,29.281086,2.462041e+00,0.0548,tile_30.8740_29.2470,moisture_differential
30.907747999999998,29.281086,2.441110e+00,0.0497,tile_30.8740_29.2470,moisture_differential
30.908164,29.281086,2.614940e+00,0.0921,tile_30.8740_29.2470,moisture_differential
30.908268,29.281086,2.759448e+00,0.1274,tile_30.8740_29.2470,moisture_differential
30.908579999999997,29.281086,2.443970e+00,0.0504,tile_30.8740_29.2470,moisture_differential
30.908891999999998,29.281086,2.418130e+00,0.0441,tile_30.8740_29.2470,moisture_differential
30.909931999999998,29.281086,2.720323e+00,0.1178,tile_30.8740_29.2470,moisture_differential
30.910035999999998,29.281086,3.050119e+00,0.1983,tile_30.8740_29.2470,moisture_differential
30.91014,29.281086,2.558179e+00,0.0783,tile_30.8740_29.2470,moisture_differential
30.911075999999998,29.281086,2.342817e+00,0.0257,tile_30.8740_29.2470,moisture_differential
30.912219999999998,29.281086,2.255152e+00,0.0043,tile_30.8740_29.2470,moisture_differential
30.912323999999998,29.281086,2.475866e+00,0.0582,tile_30.8740_29.2470,moisture_differential
30.91274,29.281086,2.241200e+00,0.0009,tile_30.8740_29.2470,moisture_differential
30.913363999999998,29.281086,2.481337e+00,0.0595,tile_30.8740_29.2470,moisture_differential
30.913467999999998,29.281086,2.771422e+00,0.1303,tile_30.8740_29.2470,moisture_differential
30.913572,29.281086,2.347038e+00,0.0268,tile_30.8740_29.2470,moisture_differential
30.913676,29.281086,2.438666e+00,0.0491,tile_30.8740_29.2470,moisture_differential
30.91378,29.281086,2.784849e+00,0.1336,tile_30.8740_29.2470,moisture_differential
30.913884,29.281086,2.409553e+00,0.0420,tile_30.8740_29.2470,moisture_differential
30.913988,29.281086,2.671377e+00,0.1059,tile_30.8740_29.2470,moisture_differential
30.914092,29.281086,2.959515e+00,0.1762,tile_30.8740_29.2470,moisture_differential
30.914195999999997,29.281086,2.333473e+00,0.0235,tile_30.8740_29.2470,moisture_differential
30.914299999999997,29.281086,2.287301e+00,0.0122,tile_30.8740_29.2470,moisture_differential
30.916795999999998,29.281086,2.351013e+00,0.0277,tile_30.8740_29.2470,moisture_differential
30.9169,29.281086,3.295331e+00,0.2581,tile_30.8740_29.2470,moisture_differential
30.917004,29.281086,2.817183e+00,0.1415,tile_30.8740_29.2470,moisture_differential
30.917316,29.281086,2.396750e+00,0.0389,tile_30.8740_29.2470,moisture_differential
30.917627999999997,29.281086,2.246967e+00,0.0023,tile_30.8740_29.2470,moisture_differential
30.917835999999998,29.281086,2.268988e+00,0.0077,tile_30.8740_29.2470,moisture_differential
30.918044,29.281086,2.506014e+00,0.0655,tile_30.8740_29.2470,moisture_differential
30.918148,29.281086,2.694088e+00,0.1114,tile_30.8740_29.2470,moisture_differential
30.919188,29.281086,3.926617e+00,0.4121,tile_30.8740_29.2470,moisture_differential
30.919292,29.281086,4.372890e+00,0.5210,tile_30.8740_29.2470,moisture_differential
30.919396,29.281086,4.174764e+00,0.4726,tile_30.8740_29.2470,moisture_differential
30.9195,29.281086,3.055333e+00,0.1995,tile_30.8740_29.2470,moisture_differential
30.920644,29.281086,2.353893e+00,0.0284,tile_30.8740_29.2470,moisture_differential
30.920748,29.281086,3.200401e+00,0.2349,tile_30.8740_29.2470,moisture_differential
30.922203999999997,29.281086,2.283784e+00,0.0113,tile_30.8740_29.2470,moisture_differential
30.875508,29.280994,2.479598e+00,0.0591,tile_30.8740_29.2470,moisture_differential
30.875612,29.280994,2.474159e+00,0.0578,tile_30.8740_29.2470,moisture_differential
30.876236,29.280994,2.256184e+00,0.0046,tile_30.8740_29.2470,moisture_differential
30.87634,29.280994,2.328060e+00,0.0221,tile_30.8740_29.2470,moisture_differential
30.893396,29.280994,3.147072e+00,0.2219,tile_30.8740_29.2470,moisture_differential
30.8935,29.280994,2.512907e+00,0.0672,tile_30.8740_29.2470,moisture_differential
30.898284,29.280994,2.266050e+00,0.0070,tile_30.8740_29.2470,moisture_differential
30.898387999999997,29.280994,2.388763e+00,0.0369,tile_30.8740_29.2470,moisture_differential
30.900364,29.280994,2.446115e+00,0.0509,tile_30.8740_29.2470,moisture_differential
30.902859999999997,29.280994,2.345738e+00,0.0264,tile_30.8740_29.2470,moisture_differential
30.902963999999997,29.280994,2.797674e+00,0.1367,tile_30.8740_29.2470,moisture_differential
30.904732,29.280994,2.490812e+00,0.0618,tile_30.8740_29.2470,moisture_differential
30.906188,29.280994,2.266953e+00,0.0072,tile_30.8740_29.2470,moisture_differential
30.906499999999998,29.280994,2.276483e+00,0.0095,tile_30.8740_29.2470,moisture_differential
30.907539999999997,29.280994,2.366008e+00,0.0314,tile_30.8740_29.2470,moisture_differential
30.907643999999998,29.280994,2.293697e+00,0.0137,tile_30.8740_29.2470,moisture_differential
30.907747999999998,29.280994,2.306634e+00,0.0169,tile_30.8740_29.2470,moisture_differential
30.90806,29.280994,2.251481e+00,0.0035,tile_30.8740_29.2470,moisture_differential
30.908164,29.280994,2.346002e+00,0.0265,tile_30.8740_29.2470,moisture_differential
30.908683999999997,29.280994,2.593287e+00,0.0868,tile_30.8740_29.2470,moisture_differential
30.908891999999998,29.280994,2.270775e+00,0.0082,tile_30.8740_29.2470,moisture_differential
30.908996,29.280994,2.263281e+00,0.0063,tile_30.8740_29.2470,moisture_differential
30.909931999999998,29.280994,2.260428e+00,0.0056,tile_30.8740_29.2470,moisture_differential
30.912011999999997,29.280994,2.533808e+00,0.0723,tile_30.8740_29.2470,moisture_differential
30.913155999999997,29.280994,3.267856e+00,0.2514,tile_30.8740_29.2470,moisture_differential
30.913259999999998,29.280994,3.081464e+00,0.2059,tile_30.8740_29.2470,moisture_differential
30.913363999999998,29.280994,2.591722e+00,0.0865,tile_30.8740_29.2470,moisture_differential
30.913467999999998,29.280994,2.572379e+00,0.0817,tile_30.8740_29.2470,moisture_differential
30.913676,29.280994,2.738941e+00,0.1224,tile_30.8740_29.2470,moisture_differential
30.91378,29.280994,2.812433e+00,0.1403,tile_30.8740_29.2470,moisture_differential
30.913884,29.280994,2.600225e+00,0.0885,tile_30.8740_29.2470,moisture_differential
30.913988,29.280994,2.331382e+00,0.0229,tile_30.8740_29.2470,moisture_differential
30.914092,29.280994,2.255751e+00,0.0045,tile_30.8740_29.2470,moisture_differential
30.916795999999998,29.280994,2.728918e+00,0.1199,tile_30.8740_29.2470,moisture_differential
30.9169,29.280994,3.018926e+00,0.1907,tile_30.8740_29.2470,moisture_differential
30.917004,29.280994,3.072726e+00,0.2038,tile_30.8740_29.2470,moisture_differential
30.917108,29.280994,2.485509e+00,0.0605,tile_30.8740_29.2470,moisture_differential
30.917212,29.280994,2.625318e+00,0.0946,tile_30.8740_29.2470,moisture_differential
30.917316,29.280994,2.734967e+00,0.1214,tile_30.8740_29.2470,moisture_differential
30.917523999999997,29.280994,2.612875e+00,0.0916,tile_30.8740_29.2470,moisture_differential
30.917627999999997,29.280994,2.472609e+00,0.0574,tile_30.8740_29.2470,moisture_differential
30.917731999999997,29.280994,2.822260e+00,0.1427,tile_30.8740_29.2470,moisture_differential
30.917835999999998,29.280994,2.952412e+00,0.1744,tile_30.8740_29.2470,moisture_differential
30.917939999999998,29.280994,2.488304e+00,0.0612,tile_30.8740_29.2470,moisture_differential
30.918044,29.280994,2.397830e+00,0.0392,tile_30.8740_29.2470,moisture_differential
30.918148,29.280994,2.352722e+00,0.0281,tile_30.8740_29.2470,moisture_differential
30.919188,29.280994,3.436402e+00,0.2925,tile_30.8740_29.2470,moisture_differential
30.919292,29.280994,4.405971e+00,0.5290,tile_30.8740_29.2470,moisture_differential
30.919396,29.280994,4.323235e+00,0.5088,tile_30.8740_29.2470,moisture_differential
30.9195,29.280994,3.868888e+00,0.3980,tile_30.8740_29.2470,moisture_differential
30.920644,29.280994,2.563971e+00,0.0797,tile_30.8740_29.2470,moisture_differential
30.920748,29.280994,3.447940e+00,0.2953,tile_30.8740_29.2470,moisture_differential
30.920852,29.280994,2.311654e+00,0.0181,tile_30.8740_29.2470,moisture_differential
30.876236,29.280902,2.596719e+00,0.0877,tile_30.8740_29.2470,moisture_differential
30.8779,29.280902,2.252361e+00,0.0037,tile_30.8740_29.2470,moisture_differential
30.880916,29.280902,2.316362e+00,0.0193,tile_30.8740_29.2470,moisture_differential
30.906499999999998,29.280902,2.751398e+00,0.1254,tile_30.8740_29.2470,moisture_differential
30.906603999999998,29.280902,2.254331e+00,0.0041,tile_30.8740_29.2470,moisture_differential
30.907539999999997,29.280902,2.397624e+00,0.0391,tile_30.8740_29.2470,moisture_differential
30.907956,29.280902,2.325016e+00,0.0214,tile_30.8740_29.2470,moisture_differential
30.908579999999997,29.280902,2.315277e+00,0.0190,tile_30.8740_29.2470,moisture_differential
30.909516,29.280902,2.387773e+00,0.0367,tile_30.8740_29.2470,moisture_differential
30.909619999999997,29.280902,2.496442e+00,0.0632,tile_30.8740_29.2470,moisture_differential
30.91014,29.280902,2.621368e+00,0.0937,tile_30.8740_29.2470,moisture_differential
30.912011999999997,29.280902,2.938752e+00,0.1711,tile_30.8740_29.2470,moisture_differential
30.912115999999997,29.280902,2.512123e+00,0.0670,tile_30.8740_29.2470,moisture_differential
30.913155999999997,29.280902,2.544986e+00,0.0750,tile_30.8740_29.2470,moisture_differential
30.913259999999998,29.280902,2.769343e+00,0.1298,tile_30.8740_29.2470,moisture_differential
30.913363999999998,29.280902,2.810534e+00,0.1398,tile_30.8740_29.2470,moisture_differential
30.913467999999998,29.280902,2.381988e+00,0.0353,tile_30.8740_29.2470,moisture_differential
30.913572,29.280902,2.793329e+00,0.1356,tile_30.8740_29.2470,moisture_differential
30.914403999999998,29.280902,2.373921e+00,0.0333,tile_30.8740_29.2470,moisture_differential
30.914507999999998,29.280902,2.308790e+00,0.0174,tile_30.8740_29.2470,moisture_differential
30.916795999999998,29.280902,2.545306e+00,0.0751,tile_30.8740_29.2470,moisture_differential
30.9169,29.280902,2.524774e+00,0.0701,tile_30.8740_29.2470,moisture_differential
30.917004,29.280902,2.545355e+00,0.0751,tile_30.8740_29.2470,moisture_differential
30.917108,29.280902,2.387850e+00,0.0367,tile_30.8740_29.2470,moisture_differential
30.917212,29.280902,2.620459e+00,0.0935,tile_30.8740_29.2470,moisture_differential
30.917316,29.280902,2.757230e+00,0.1268,tile_30.8740_29.2470,moisture_differential
30.91742,29.280902,2.454836e+00,0.0531,tile_30.8740_29.2470,moisture_differential
30.917731999999997,29.280902,2.670566e+00,0.1057,tile_30.8740_29.2470,moisture_differential
30.917835999999998,29.280902,2.906427e+00,0.1632,tile_30.8740_29.2470,moisture_differential
30.917939999999998,29.280902,2.487001e+00,0.0609,tile_30.8740_29.2470,moisture_differential
30.918252,29.280902,2.790641e+00,0.1350,tile_30.8740_29.2470,moisture_differential
30.918667999999997,29.280902,2.493908e+00,0.0626,tile_30.8740_29.2470,moisture_differential
30.918875999999997,29.280902,2.563578e+00,0.0796,tile_30.8740_29.2470,moisture_differential
30.919083999999998,29.280902,2.238018e+00,0.0002,tile_30.8740_29.2470,moisture_differential
30.919188,29.280902,2.800534e+00,0.1374,tile_30.8740_29.2470,moisture_differential
30.919292,29.280902,4.415730e+00,0.5314,tile_30.8740_29.2470,moisture_differential
30.919396,29.280902,4.315116e+00,0.5069,tile_30.8740_29.2470,moisture_differential
30.9195,29.280902,3.599514e+00,0.3323,tile_30.8740_29.2470,moisture_differential
30.920748,29.280902,3.068239e+00,0.2027,tile_30.8740_29.2470,moisture_differential
30.920852,29.280902,2.273697e+00,0.0089,tile_30.8740_29.2470,moisture_differential
30.921371999999998,29.280902,2.258133e+00,0.0051,tile_30.8740_29.2470,moisture_differential
30.877588,29.28081,2.496104e+00,0.0631,tile_30.8740_29.2470,moisture_differential
30.877692,29.28081,2.325920e+00,0.0216,tile_30.8740_29.2470,moisture_differential
30.892667999999997,29.28081,2.425194e+00,0.0458,tile_30.8740_29.2470,moisture_differential
30.902652,29.28081,2.529833e+00,0.0714,tile_30.8740_29.2470,moisture_differential
30.902756,29.28081,2.344652e+00,0.0262,tile_30.8740_29.2470,moisture_differential
30.904107999999997,29.28081,2.520515e+00,0.0691,tile_30.8740_29.2470,moisture_differential
30.906499999999998,29.28081,2.523012e+00,0.0697,tile_30.8740_29.2470,moisture_differential
30.90702,29.28081,2.444317e+00,0.0505,tile_30.8740_29.2470,moisture_differential
30.908787999999998,29.28081,2.245231e+00,0.0019,tile_30.8740_29.2470,moisture_differential
30.909204,29.28081,2.683164e+00,0.1088,tile_30.8740_29.2470,moisture_differential
30.909516,29.28081,2.305974e+00,0.0167,tile_30.8740_29.2470,moisture_differential
30.909619999999997,29.28081,2.517888e+00,0.0684,tile_30.8740_29.2470,moisture_differential
30.91014,29.28081,2.436313e+00,0.0485,tile_30.8740_29.2470,moisture_differential
30.910244,29.28081,2.491483e+00,0.0620,tile_30.8740_29.2470,moisture_differential
30.910971999999997,29.28081,2.605249e+00,0.0898,tile_30.8740_29.2470,moisture_differential
30.911284,29.28081,2.238520e+00,0.0003,tile_30.8740_29.2470,moisture_differential
30.911596,29.28081,2.886619e+00,0.1584,tile_30.8740_29.2470,moisture_differential
30.9117,29.28081,3.488824e+00,0.3053,tile_30.8740_29.2470,moisture_differential
30.911804,29.28081,2.815315e+00,0.1410,tile_30.8740_29.2470,moisture_differential
30.911907999999997,29.28081,2.264051e+00,0.0065,tile_30.8740_29.2470,moisture_differential
30.912011999999997,29.28081,2.282729e+00,0.0111,tile_30.8740_29.2470,moisture_differential
30.913051999999997,29.28081,2.788881e+00,0.1345,tile_30.8740_29.2470,moisture_differential
30.913363999999998,29.28081,2.932734e+00,0.1696,tile_30.8740_29.2470,moisture_differential
30.913467999999998,29.28081,2.319175e+00,0.0200,tile_30.8740_29.2470,moisture_differential
30.913572,29.28081,2.935392e+00,0.1703,tile_30.8740_29.2470,moisture_differential
30.913676,29.28081,2.346524e+00,0.0266,tile_30.8740_29.2470,moisture_differential
30.913884,29.28081,2.454928e+00,0.0531,tile_30.8740_29.2470,moisture_differential
30.913988,29.28081,2.498697e+00,0.0638,tile_30.8740_29.2470,moisture_differential
30.914195999999997,29.28081,2.741125e+00,0.1229,tile_30.8740_29.2470,moisture_differential
30.914299999999997,29.28081,3.281941e+00,0.2548,tile_30.8740_29.2470,moisture_differential
30.914403999999998,29.28081,2.846811e+00,0.1487,tile_30.8740_29.2470,moisture_differential
30.916795999999998,29.28081,2.492371e+00,0.0622,tile_30.8740_29.2470,moisture_differential
30.9169,29.28081,2.444614e+00,0.0506,tile_30.8740_29.2470,moisture_differential
30.917004,29.28081,2.677777e+00,0.1074,tile_30.8740_29.2470,moisture_differential
30.917108,29.28081,2.453773e+00,0.0528,tile_30.8740_29.2470,moisture_differential
30.917212,29.28081,2.719286e+00,0.1176,tile_30.8740_29.2470,moisture_differential
30.917316,29.28081,2.719063e+00,0.1175,tile_30.8740_29.2470,moisture_differential
30.919188,29.28081,2.646565e+00,0.0998,tile_30.8740_29.2470,moisture_differential
30.919292,29.28081,3.714880e+00,0.3604,tile_30.8740_29.2470,moisture_differential
30.919396,29.28081,3.421147e+00,0.2888,tile_30.8740_29.2470,moisture_differential
30.9195,29.28081,2.804557e+00,0.1384,tile_30.8740_29.2470,moisture_differential
30.925428,29.28081,2.248439e+00,0.0027,tile_30.8740_29.2470,moisture_differential
30.875404,29.280718,2.505231e+00,0.0654,tile_30.8740_29.2470,moisture_differential
30.902444,29.280718,2.309926e+00,0.0177,tile_30.8740_29.2470,moisture_differential
30.902548,29.280718,2.330495e+00,0.0227,tile_30.8740_29.2470,moisture_differential
30.902652,29.280718,2.712250e+00,0.1159,tile_30.8740_29.2470,moisture_differential
30.903171999999998,29.280718,2.256496e+00,0.0047,tile_30.8740_29.2470,moisture_differential
30.906499999999998,29.280718,2.247239e+00,0.0024,tile_30.8740_29.2470,moisture_differential
30.908268,29.280718,2.395625e+00,0.0386,tile_30.8740_29.2470,moisture_differential
30.908787999999998,29.280718,2.399359e+00,0.0395,tile_30.8740_29.2470,moisture_differential
30.908891999999998,29.280718,2.278256e+00,0.0100,tile_30.8740_29.2470,moisture_differential
30.9091,29.280718,2.724653e+00,0.1189,tile_30.8740_29.2470,moisture_differential
30.909204,29.280718,2.247762e+00,0.0025,tile_30.8740_29.2470,moisture_differential
30.909516,29.280718,2.253383e+00,0.0039,tile_30.8740_29.2470,moisture_differential
30.909931999999998,29.280718,2.484192e+00,0.0602,tile_30.8740_29.2470,moisture_differential
30.910035999999998,29.280718,2.247682e+00,0.0025,tile_30.8740_29.2470,moisture_differential
30.911596,29.280718,2.911172e+00,0.1644,tile_30.8740_29.2470,moisture_differential
30.9117,29.280718,4.916999e+00,0.6537,tile_30.8740_29.2470,moisture_differential
30.911804,29.280718,2.905911e+00,0.1631,tile_30.8740_29.2470,moisture_differential
30.912948,29.280718,2.429937e+00,0.0470,tile_30.8740_29.2470,moisture_differential
30.913363999999998,29.280718,2.571136e+00,0.0814,tile_30.8740_29.2470,moisture_differential
30.913467999999998,29.280718,3.216835e+00,0.2389,tile_30.8740_29.2470,moisture_differential
30.913572,29.280718,2.698947e+00,0.1126,tile_30.8740_29.2470,moisture_differential
30.913884,29.280718,2.710308e+00,0.1154,tile_30.8740_29.2470,moisture_differential
30.913988,29.280718,2.438214e+00,0.0490,tile_30.8740_29.2470,moisture_differential
30.914092,29.280718,3.096659e+00,0.2096,tile_30.8740_29.2470,moisture_differential
30.914195999999997,29.280718,3.188301e+00,0.2320,tile_30.8740_29.2470,moisture_differential
30.914299999999997,29.280718,3.077476e+00,0.2049,tile_30.8740_29.2470,moisture_differential
30.914403999999998,29.280718,2.757338e+00,0.1269,tile_30.8740_29.2470,moisture_differential
30.914507999999998,29.280718,2.262086e+00,0.0060,tile_30.8740_29.2470,moisture_differential
30.917212,29.280718,2.642433e+00,0.0988,tile_30.8740_29.2470,moisture_differential
30.917316,29.280718,2.610600e+00,0.0911,tile_30.8740_29.2470,moisture_differential
30.917835999999998,29.280718,2.328976e+00,0.0224,tile_30.8740_29.2470,moisture_differential
30.917939999999998,29.280718,2.538736e+00,0.0735,tile_30.8740_29.2470,moisture_differential
30.918044,29.280718,2.846918e+00,0.1487,tile_30.8740_29.2470,moisture_differential
30.919188,29.280718,2.725689e+00,0.1191,tile_30.8740_29.2470,moisture_differential
30.919292,29.280718,2.300924e+00,0.0155,tile_30.8740_29.2470,moisture_differential
30.919396,29.280718,2.613681e+00,0.0918,tile_30.8740_29.2470,moisture_differential
30.9195,29.280718,2.620273e+00,0.0934,tile_30.8740_29.2470,moisture_differential
30.925947999999998,29.280718,2.855597e+00,0.1508,tile_30.8740_29.2470,moisture_differential
30.8753,29.280625999999998,2.258241e+00,0.0051,tile_30.8740_29.2470,moisture_differential
30.875404,29.280625999999998,2.736037e+00,0.1217,tile_30.8740_29.2470,moisture_differential
30.902652,29.280625999999998,2.574933e+00,0.0824,tile_30.8740_29.2470,moisture_differential
30.902859999999997,29.280625999999998,2.422908e+00,0.0453,tile_30.8740_29.2470,moisture_differential
30.903275999999998,29.280625999999998,2.315456e+00,0.0191,tile_30.8740_29.2470,moisture_differential
30.90338,29.280625999999998,2.301304e+00,0.0156,tile_30.8740_29.2470,moisture_differential
30.905564,29.280625999999998,2.330444e+00,0.0227,tile_30.8740_29.2470,moisture_differential
30.906084,29.280625999999998,2.252746e+00,0.0038,tile_30.8740_29.2470,moisture_differential
30.908268,29.280625999999998,2.336130e+00,0.0241,tile_30.8740_29.2470,moisture_differential
30.908787999999998,29.280625999999998,2.260638e+00,0.0057,tile_30.8740_29.2470,moisture_differential
30.9091,29.280625999999998,2.559845e+00,0.0787,tile_30.8740_29.2470,moisture_differential
30.909723999999997,29.280625999999998,2.319798e+00,0.0201,tile_30.8740_29.2470,moisture_differential
30.909931999999998,29.280625999999998,2.503570e+00,0.0649,tile_30.8740_29.2470,moisture_differential
30.910035999999998,29.280625999999998,2.265743e+00,0.0069,tile_30.8740_29.2470,moisture_differential
30.910867999999997,29.280625999999998,2.773429e+00,0.1308,tile_30.8740_29.2470,moisture_differential
30.911804,29.280625999999998,2.312670e+00,0.0184,tile_30.8740_29.2470,moisture_differential
30.912948,29.280625999999998,2.380928e+00,0.0350,tile_30.8740_29.2470,moisture_differential
30.913467999999998,29.280625999999998,2.697658e+00,0.1123,tile_30.8740_29.2470,moisture_differential
30.913572,29.280625999999998,2.586858e+00,0.0853,tile_30.8740_29.2470,moisture_differential
30.91378,29.280625999999998,2.538972e+00,0.0736,tile_30.8740_29.2470,moisture_differential
30.913884,29.280625999999998,2.644084e+00,0.0992,tile_30.8740_29.2470,moisture_differential
30.913988,29.280625999999998,2.257427e+00,0.0049,tile_30.8740_29.2470,moisture_differential
30.914092,29.280625999999998,2.565419e+00,0.0800,tile_30.8740_29.2470,moisture_differential
30.914195999999997,29.280625999999998,2.919973e+00,0.1665,tile_30.8740_29.2470,moisture_differential
30.914299999999997,29.280625999999998,2.302902e+00,0.0160,tile_30.8740_29.2470,moisture_differential
30.917731999999997,29.280625999999998,2.313395e+00,0.0186,tile_30.8740_29.2470,moisture_differential
30.918875999999997,29.280625999999998,2.844183e+00,0.1480,tile_30.8740_29.2470,moisture_differential
30.919188,29.280625999999998,2.264609e+00,0.0067,tile_30.8740_29.2470,moisture_differential
30.919396,29.280625999999998,2.461973e+00,0.0548,tile_30.8740_29.2470,moisture_differential
30.9195,29.280625999999998,3.091970e+00,0.2085,tile_30.8740_29.2470,moisture_differential
30.919604,29.280625999999998,2.984095e+00,0.1822,tile_30.8740_29.2470,moisture_differential
30.919708,29.280625999999998,2.601744e+00,0.0889,tile_30.8740_29.2470,moisture_differential
30.920332,29.280625999999998,2.476152e+00,0.0583,tile_30.8740_29.2470,moisture_differential
30.92418,29.280625999999998,2.412150e+00,0.0426,tile_30.8740_29.2470,moisture_differential
30.924284,29.280625999999998,2.330890e+00,0.0228,tile_30.8740_29.2470,moisture_differential
30.925947999999998,29.280625999999998,2.608232e+00,0.0905,tile_30.8740_29.2470,moisture_differential
30.875196,29.280534,2.341637e+00,0.0254,tile_30.8740_29.2470,moisture_differential
30.875404,29.280534,2.390793e+00,0.0374,tile_30.8740_29.2470,moisture_differential
30.875508,29.280534,2.385574e+00,0.0362,tile_30.8740_29.2470,moisture_differential
30.902859999999997,29.280534,2.305510e+00,0.0166,tile_30.8740_29.2470,moisture_differential
30.90338,29.280534,2.358024e+00,0.0294,tile_30.8740_29.2470,moisture_differential
30.903796,29.280534,2.408484e+00,0.0418,tile_30.8740_29.2470,moisture_differential
30.904836,29.280534,2.409629e+00,0.0420,tile_30.8740_29.2470,moisture_differential
30.905355999999998,29.280534,2.286750e+00,0.0121,tile_30.8740_29.2470,moisture_differential
30.905459999999998,29.280534,2.418555e+00,0.0442,tile_30.8740_29.2470,moisture_differential
30.905564,29.280534,2.317454e+00,0.0195,tile_30.8740_29.2470,moisture_differential
30.905876,29.280534,2.572840e+00,0.0818,tile_30.8740_29.2470,moisture_differential
30.90598,29.280534,2.472079e+00,0.0573,tile_30.8740_29.2470,moisture_differential
30.906916,29.280534,2.296704e+00,0.0145,tile_30.8740_29.2470,moisture_differential
30.908164,29.280534,2.303761e+00,0.0162,tile_30.8740_29.2470,moisture_differential
30.908996,29.280534,2.606749e+00,0.0901,tile_30.8740_29.2470,moisture_differential
30.9091,29.280534,2.774686e+00,0.1311,tile_30.8740_29.2470,moisture_differential
30.909204,29.280534,2.682600e+00,0.1086,tile_30.8740_29.2470,moisture_differential
30.910971999999997,29.280534,2.277561e+00,0.0098,tile_30.8740_29.2470,moisture_differential
30.912219999999998,29.280534,2.279383e+00,0.0103,tile_30.8740_29.2470,moisture_differential
30.912323999999998,29.280534,2.334603e+00,0.0237,tile_30.8740_29.2470,moisture_differential
30.913467999999998,29.280534,2.380638e+00,0.0350,tile_30.8740_29.2470,moisture_differential
30.913676,29.280534,2.295937e+00,0.0143,tile_30.8740_29.2470,moisture_differential
30.91378,29.280534,3.111853e+00,0.2133,tile_30.8740_29.2470,moisture_differential
30.913884,29.280534,2.266684e+00,0.0072,tile_30.8740_29.2470,moisture_differential
30.914195999999997,29.280534,2.334740e+00,0.0238,tile_30.8740_29.2470,moisture_differential
30.917108,29.280534,2.979944e+00,0.1812,tile_30.8740_29.2470,moisture_differential
30.917212,29.280534,3.226582e+00,0.2413,tile_30.8740_29.2470,moisture_differential
30.91742,29.280534,2.243281e+00,0.0015,tile_30.8740_29.2470,moisture_differential
30.917731999999997,29.280534,2.785808e+00,0.1338,tile_30.8740_29.2470,moisture_differential
30.918148,29.280534,2.570340e+00,0.0812,tile_30.8740_29.2470,moisture_differential
30.918252,29.280534,2.400269e+00,0.0397,tile_30.8740_29.2470,moisture_differential
30.919292,29.280534,2.873278e+00,0.1551,tile_30.8740_29.2470,moisture_differential
30.919396,29.280534,3.619337e+00,0.3371,tile_30.8740_29.2470,moisture_differential
30.9195,29.280534,3.696013e+00,0.3558,tile_30.8740_29.2470,moisture_differential
30.919604,29.280534,3.023713e+00,0.1918,tile_30.8740_29.2470,moisture_differential
30.923868,29.280534,2.251419e+00,0.0034,tile_30.8740_29.2470,moisture_differential
30.923972,29.280534,2.286277e+00,0.0119,tile_30.8740_29.2470,moisture_differential
30.924284,29.280534,3.100884e+00,0.2107,tile_30.8740_29.2470,moisture_differential
30.924387999999997,29.280534,2.254509e+00,0.0042,tile_30.8740_29.2470,moisture_differential
30.925012,29.280534,2.296991e+00,0.0146,tile_30.8740_29.2470,moisture_differential
30.925116,29.280534,2.417676e+00,0.0440,tile_30.8740_29.2470,moisture_differential
30.875196,29.280442,2.809393e+00,0.1396,tile_30.8740_29.2470,moisture_differential
30.8753,29.280442,2.508689e+00,0.0662,tile_30.8740_29.2470,moisture_differential
30.877484,29.280442,2.240975e+00,0.0009,tile_30.8740_29.2470,moisture_differential
30.900675999999997,29.280442,2.284185e+00,0.0114,tile_30.8740_29.2470,moisture_differential
30.901715999999997,29.280442,2.574910e+00,0.0823,tile_30.8740_29.2470,moisture_differential
30.901819999999997,29.280442,2.364076e+00,0.0309,tile_30.8740_29.2470,moisture_differential
30.901923999999998,29.280442,2.260993e+00,0.0058,tile_30.8740_29.2470,moisture_differential
30.90234,29.280442,2.483756e+00,0.0601,tile_30.8740_29.2470,moisture_differential
30.902756,29.280442,2.515540e+00,0.0679,tile_30.8740_29.2470,moisture_differential
30.902963999999997,29.280442,2.238171e+00,0.0002,tile_30.8740_29.2470,moisture_differential
30.904628,29.280442,2.282446e+00,0.0110,tile_30.8740_29.2470,moisture_differential
30.904732,29.280442,2.307479e+00,0.0171,tile_30.8740_29.2470,moisture_differential
30.905355999999998,29.280442,2.584356e+00,0.0847,tile_30.8740_29.2470,moisture_differential
30.905459999999998,29.280442,2.359830e+00,0.0299,tile_30.8740_29.2470,moisture_differential
30.905876,29.280442,2.807151e+00,0.1390,tile_30.8740_29.2470,moisture_differential
30.90598,29.280442,2.281036e+00,0.0107,tile_30.8740_29.2470,moisture_differential
30.906916,29.280442,2.437268e+00,0.0488,tile_30.8740_29.2470,moisture_differential
30.908372,29.280442,2.292948e+00,0.0136,tile_30.8740_29.2470,moisture_differential
30.908996,29.280442,2.622173e+00,0.0939,tile_30.8740_29.2470,moisture_differential
30.9091,29.280442,3.060117e+00,0.2007,tile_30.8740_29.2470,moisture_differential
30.909204,29.280442,2.500168e+00,0.0641,tile_30.8740_29.2470,moisture_differential
30.912011999999997,29.280442,2.301120e+00,0.0156,tile_30.8740_29.2470,moisture_differential
30.912115999999997,29.280442,2.307705e+00,0.0172,tile_30.8740_29.2470,moisture_differential
30.912323999999998,29.280442,2.580566e+00,0.0837,tile_30.8740_29.2470,moisture_differential
30.913051999999997,29.280442,2.692350e+00,0.1110,tile_30.8740_29.2470,moisture_differential
30.913155999999997,29.280442,2.288681e+00,0.0125,tile_30.8740_29.2470,moisture_differential
30.913676,29.280442,2.367009e+00,0.0316,tile_30.8740_29.2470,moisture_differential
30.91378,29.280442,2.570162e+00,0.0812,tile_30.8740_29.2470,moisture_differential
30.914403999999998,29.280442,2.322075e+00,0.0207,tile_30.8740_29.2470,moisture_differential
30.917108,29.280442,3.500938e+00,0.3082,tile_30.8740_29.2470,moisture_differential
30.917212,29.280442,3.407454e+00,0.2854,tile_30.8740_29.2470,moisture_differential
30.91742,29.280442,2.358736e+00,0.0296,tile_30.8740_29.2470,moisture_differential
30.917835999999998,29.280442,2.372786e+00,0.0330,tile_30.8740_29.2470,moisture_differential
30.918252,29.280442,2.384061e+00,0.0358,tile_30.8740_29.2470,moisture_differential
30.919292,29.280442,2.248340e+00,0.0027,tile_30.8740_29.2470,moisture_differential
30.919396,29.280442,3.428693e+00,0.2906,tile_30.8740_29.2470,moisture_differential
30.9195,29.280442,3.515888e+00,0.3119,tile_30.8740_29.2470,moisture_differential
30.919604,29.280442,2.774898e+00,0.1311,tile_30.8740_29.2470,moisture_differential
30.924284,29.280442,2.679738e+00,0.1079,tile_30.8740_29.2470,moisture_differential
30.924803999999998,29.280442,2.266070e+00,0.0070,tile_30.8740_29.2470,moisture_differential
30.925116,29.280442,2.704780e+00,0.1140,tile_30.8740_29.2470,moisture_differential
30.889028,29.28035,2.359398e+00,0.0298,tile_30.8740_29.2470,moisture_differential
30.901819999999997,29.28035,2.284718e+00,0.0116,tile_30.8740_29.2470,moisture_differential
30.903067999999998,29.28035,2.331274e+00,0.0229,tile_30.8740_29.2470,moisture_differential
30.905251999999997,29.28035,2.398656e+00,0.0394,tile_30.8740_29.2470,moisture_differential
30.905355999999998,29.28035,2.331928e+00,0.0231,tile_30.8740_29.2470,moisture_differential
30.905772,29.28035,2.435749e+00,0.0484,tile_30.8740_29.2470,moisture_differential
30.905876,29.28035,3.223515e+00,0.2406,tile_30.8740_29.2470,moisture_differential
30.90598,29.28035,3.057762e+00,0.2001,tile_30.8740_29.2470,moisture_differential
30.907228,29.28035,2.241991e+00,0.0011,tile_30.8740_29.2470,moisture_differential
30.907332,29.28035,2.508801e+00,0.0662,tile_30.8740_29.2470,moisture_differential
30.908372,29.28035,2.340171e+00,0.0251,tile_30.8740_29.2470,moisture_differential
30.908891999999998,29.28035,2.322421e+00,0.0208,tile_30.8740_29.2470,moisture_differential
30.908996,29.28035,3.300803e+00,0.2594,tile_30.8740_29.2470,moisture_differential
30.9091,29.28035,3.344905e+00,0.2702,tile_30.8740_29.2470,moisture_differential
30.909204,29.28035,2.432492e+00,0.0476,tile_30.8740_29.2470,moisture_differential
30.909723999999997,29.28035,2.396347e+00,0.0388,tile_30.8740_29.2470,moisture_differential
30.910035999999998,29.28035,2.267581e+00,0.0074,tile_30.8740_29.2470,moisture_differential
30.910867999999997,29.28035,2.640177e+00,0.0983,tile_30.8740_29.2470,moisture_differential
30.910971999999997,29.28035,2.610553e+00,0.0910,tile_30.8740_29.2470,moisture_differential
30.912011999999997,29.28035,2.566192e+00,0.0802,tile_30.8740_29.2470,moisture_differential
30.912323999999998,29.28035,2.496256e+00,0.0632,tile_30.8740_29.2470,moisture_differential
30.912636,29.28035,2.716476e+00,0.1169,tile_30.8740_29.2470,moisture_differential
30.913676,29.28035,2.276644e+00,0.0096,tile_30.8740_29.2470,moisture_differential
30.91378,29.28035,2.333961e+00,0.0236,tile_30.8740_29.2470,moisture_differential
30.914092,29.28035,2.402279e+00,0.0402,tile_30.8740_29.2470,moisture_differential
30.914195999999997,29.28035,2.389133e+00,0.0370,tile_30.8740_29.2470,moisture_differential
30.917004,29.28035,2.621547e+00,0.0937,tile_30.8740_29.2470,moisture_differential
30.917108,29.28035,3.297381e+00,0.2586,tile_30.8740_29.2470,moisture_differential
30.917212,29.28035,3.105341e+00,0.2117,tile_30.8740_29.2470,moisture_differential
30.917316,29.28035,2.443253e+00,0.0502,tile_30.8740_29.2470,moisture_differential
30.918564,29.28035,2.330854e+00,0.0228,tile_30.8740_29.2470,moisture_differential
30.919083999999998,29.28035,2.562692e+00,0.0794,tile_30.8740_29.2470,moisture_differential
30.919604,29.28035,2.838398e+00,0.1466,tile_30.8740_29.2470,moisture_differential
30.919708,29.28035,2.474896e+00,0.0580,tile_30.8740_29.2470,moisture_differential
30.901715999999997,29.280258,2.380369e+00,0.0349,tile_30.8740_29.2470,moisture_differential
30.902444,29.280258,2.288796e+00,0.0126,tile_30.8740_29.2470,moisture_differential
30.902859999999997,29.280258,2.548202e+00,0.0758,tile_30.8740_29.2470,moisture_differential
30.903171999999998,29.280258,2.276119e+00,0.0095,tile_30.8740_29.2470,moisture_differential
30.905147999999997,29.280258,2.770961e+00,0.1302,tile_30.8740_29.2470,moisture_differential
30.905251999999997,29.280258,3.085011e+00,0.2068,tile_30.8740_29.2470,moisture_differential
30.905355999999998,29.280258,2.528498e+00,0.0710,tile_30.8740_29.2470,moisture_differential
30.905459999999998,29.280258,2.400912e+00,0.0399,tile_30.8740_29.2470,moisture_differential
30.905564,29.280258,2.316938e+00,0.0194,tile_30.8740_29.2470,moisture_differential
30.905668,29.280258,2.344461e+00,0.0261,tile_30.8740_29.2470,moisture_differential
30.905772,29.280258,2.535739e+00,0.0728,tile_30.8740_29.2470,moisture_differential
30.905876,29.280258,3.018651e+00,0.1906,tile_30.8740_29.2470,moisture_differential
30.90598,29.280258,2.529429e+00,0.0713,tile_30.8740_29.2470,moisture_differential
30.906916,29.280258,2.327959e+00,0.0221,tile_30.8740_29.2470,moisture_differential
30.90702,29.280258,2.497358e+00,0.0634,tile_30.8740_29.2470,moisture_differential
30.908579999999997,29.280258,2.421806e+00,0.0450,tile_30.8740_29.2470,moisture_differential
30.908996,29.280258,3.058402e+00,0.2003,tile_30.8740_29.2470,moisture_differential
30.9091,29.280258,3.002371e+00,0.1866,tile_30.8740_29.2470,moisture_differential
30.909308,29.280258,2.355581e+00,0.0288,tile_30.8740_29.2470,moisture_differential
30.909931999999998,29.280258,2.331040e+00,0.0229,tile_30.8740_29.2470,moisture_differential
30.910452,29.280258,2.475392e+00,0.0581,tile_30.8740_29.2470,moisture_differential
30.912011999999997,29.280258,2.276434e+00,0.0095,tile_30.8740_29.2470,moisture_differential
30.912219999999998,29.280258,2.686397e+00,0.1095,tile_30.8740_29.2470,moisture_differential
30.913676,29.280258,2.478722e+00,0.0589,tile_30.8740_29.2470,moisture_differential
30.91378,29.280258,2.512807e+00,0.0672,tile_30.8740_29.2470,moisture_differential
30.913884,29.280258,2.517657e+00,0.0684,tile_30.8740_29.2470,moisture_differential
30.914092,29.280258,2.800691e+00,0.1374,tile_30.8740_29.2470,moisture_differential
30.914195999999997,29.280258,2.888843e+00,0.1589,tile_30.8740_29.2470,moisture_differential
30.914299999999997,29.280258,2.393495e+00,0.0381,tile_30.8740_29.2470,moisture_differential
30.919604,29.280258,2.360304e+00,0.0300,tile_30.8740_29.2470,moisture_differential
30.924284,29.280258,2.274981e+00,0.0092,tile_30.8740_29.2470,moisture_differential
30.925428,29.280258,2.278916e+00,0.0101,tile_30.8740_29.2470,moisture_differential
30.925739999999998,29.280258,2.288470e+00,0.0125,tile_30.8740_29.2470,moisture_differential
30.925843999999998,29.280258,2.482424e+00,0.0598,tile_30.8740_29.2470,moisture_differential
30.925947999999998,29.280258,2.289178e+00,0.0126,tile_30.8740_29.2470,moisture_differential
30.89662,29.280165999999998,2.548397e+00,0.0759,tile_30.8740_29.2470,moisture_differential
30.896724,29.280165999999998,2.390813e+00,0.0374,tile_30.8740_29.2470,moisture_differential
30.901715999999997,29.280165999999998,2.319082e+00,0.0199,tile_30.8740_29.2470,moisture_differential
30.901819999999997,29.280165999999998,2.388442e+00,0.0369,tile_30.8740_29.2470,moisture_differential
30.902756,29.280165999999998,2.374599e+00,0.0335,tile_30.8740_29.2470,moisture_differential
30.902859999999997,29.280165999999998,2.682440e+00,0.1086,tile_30.8740_29.2470,moisture_differential
30.902963999999997,29.280165999999998,2.239306e+00,0.0005,tile_30.8740_29.2470,moisture_differential
30.90494,29.280165999999998,2.322117e+00,0.0207,tile_30.8740_29.2470,moisture_differential
30.905355999999998,29.280165999999998,2.452854e+00,0.0526,tile_30.8740_29.2470,moisture_differential
30.905459999999998,29.280165999999998,2.922636e+00,0.1672,tile_30.8740_29.2470,moisture_differential
30.905564,29.280165999999998,2.646834e+00,0.0999,tile_30.8740_29.2470,moisture_differential
30.905668,29.280165999999998,2.777598e+00,0.1318,tile_30.8740_29.2470,moisture_differential
30.905772,29.280165999999998,2.442703e+00,0.0501,tile_30.8740_29.2470,moisture_differential
30.90702,29.280165999999998,2.353948e+00,0.0284,tile_30.8740_29.2470,moisture_differential
30.907228,29.280165999999998,2.240379e+00,0.0007,tile_30.8740_29.2470,moisture_differential
30.90806,29.280165999999998,2.430683e+00,0.0472,tile_30.8740_29.2470,moisture_differential
30.908891999999998,29.280165999999998,2.566924e+00,0.0804,tile_30.8740_29.2470,moisture_differential
30.909827999999997,29.280165999999998,2.375385e+00,0.0337,tile_30.8740_29.2470,moisture_differential
30.909931999999998,29.280165999999998,2.256654e+00,0.0047,tile_30.8740_29.2470,moisture_differential
30.910348,29.280165999999998,2.293837e+00,0.0138,tile_30.8740_29.2470,moisture_differential
30.913676,29.280165999999998,2.889631e+00,0.1591,tile_30.8740_29.2470,moisture_differential
30.91378,29.280165999999998,2.595345e+00,0.0873,tile_30.8740_29.2470,moisture_differential
30.913884,29.280165999999998,2.448790e+00,0.0516,tile_30.8740_29.2470,moisture_differential
30.913988,29.280165999999998,2.447449e+00,0.0513,tile_30.8740_29.2470,moisture_differential
30.914092,29.280165999999998,2.739515e+00,0.1225,tile_30.8740_29.2470,moisture_differential
30.914195999999997,29.280165999999998,2.276332e+00,0.0095,tile_30.8740_29.2470,moisture_differential
30.914299999999997,29.280165999999998,2.413445e+00,0.0430,tile_30.8740_29.2470,moisture_differential
30.919396,29.280165999999998,3.148262e+00,0.2222,tile_30.8740_29.2470,moisture_differential
30.9195,29.280165999999998,2.774861e+00,0.1311,tile_30.8740_29.2470,moisture_differential
30.924699999999998,29.280165999999998,2.381059e+00,0.0351,tile_30.8740_29.2470,moisture_differential
30.874364,29.280074,2.540330e+00,0.0739,tile_30.8740_29.2470,moisture_differential
30.886115999999998,29.280074,2.431578e+00,0.0474,tile_30.8740_29.2470,moisture_differential
30.886219999999998,29.280074,2.791884e+00,0.1353,tile_30.8740_29.2470,moisture_differential
30.886324,29.280074,2.624241e+00,0.0944,tile_30.8740_29.2470,moisture_differential
30.886428,29.280074,2.561179e+00,0.0790,tile_30.8740_29.2470,moisture_differential
30.894955999999997,29.280074,2.238044e+00,0.0002,tile_30.8740_29.2470,moisture_differential
30.899531999999997,29.280074,2.625639e+00,0.0947,tile_30.8740_29.2470,moisture_differential
30.901508,29.280074,2.547712e+00,0.0757,tile_30.8740_29.2470,moisture_differential
30.904315999999998,29.280074,2.289540e+00,0.0127,tile_30.8740_29.2470,moisture_differential
30.90442,29.280074,2.838581e+00,0.1467,tile_30.8740_29.2470,moisture_differential
30.904732,29.280074,2.730704e+00,0.1204,tile_30.8740_29.2470,moisture_differential
30.904836,29.280074,3.096282e+00,0.2095,tile_30.8740_29.2470,moisture_differential
30.905459999999998,29.280074,2.639705e+00,0.0982,tile_30.8740_29.2470,moisture_differential
30.905564,29.280074,2.878927e+00,0.1565,tile_30.8740_29.2470,moisture_differential
30.905668,29.280074,2.954846e+00,0.1750,tile_30.8740_29.2470,moisture_differential
30.905772,29.280074,2.581589e+00,0.0840,tile_30.8740_29.2470,moisture_differential
30.905876,29.280074,2.732226e+00,0.1207,tile_30.8740_29.2470,moisture_differential
30.906188,29.280074,2.244184e+00,0.0017,tile_30.8740_29.2470,moisture_differential
30.907852,29.280074,2.303777e+00,0.0162,tile_30.8740_29.2470,moisture_differential
30.90806,29.280074,2.682023e+00,0.1085,tile_30.8740_29.2470,moisture_differential
30.908164,29.280074,2.633818e+00,0.0967,tile_30.8740_29.2470,moisture_differential
30.908891999999998,29.280074,2.495170e+00,0.0629,tile_30.8740_29.2470,moisture_differential
30.908996,29.280074,2.383523e+00,0.0357,tile_30.8740_29.2470,moisture_differential
30.9091,29.280074,2.455202e+00,0.0531,tile_30.8740_29.2470,moisture_differential
30.909204,29.280074,2.443347e+00,0.0503,tile_30.8740_29.2470,moisture_differential
30.909723999999997,29.280074,2.237574e+00,0.0001,tile_30.8740_29.2470,moisture_differential
30.909827999999997,29.280074,2.330446e+00,0.0227,tile_30.8740_29.2470,moisture_differential
30.912844,29.280074,2.484168e+00,0.0602,tile_30.8740_29.2470,moisture_differential
30.913884,29.280074,2.364777e+00,0.0311,tile_30.8740_29.2470,moisture_differential
30.913988,29.280074,2.494432e+00,0.0627,tile_30.8740_29.2470,moisture_differential
30.914299999999997,29.280074,2.474421e+00,0.0578,tile_30.8740_29.2470,moisture_differential
30.914507999999998,29.280074,2.310202e+00,0.0178,tile_30.8740_29.2470,moisture_differential
30.918148,29.280074,2.509542e+00,0.0664,tile_30.8740_29.2470,moisture_differential
30.918356,29.280074,2.334089e+00,0.0236,tile_30.8740_29.2470,moisture_differential
30.91846,29.280074,2.845803e+00,0.1484,tile_30.8740_29.2470,moisture_differential
30.918564,29.280074,2.434264e+00,0.0480,tile_30.8740_29.2470,moisture_differential
30.919292,29.280074,2.740339e+00,0.1227,tile_30.8740_29.2470,moisture_differential
30.919396,29.280074,2.658300e+00,0.1027,tile_30.8740_29.2470,moisture_differential
30.9195,29.280074,2.624122e+00,0.0944,tile_30.8740_29.2470,moisture_differential
30.924699999999998,29.280074,2.316404e+00,0.0193,tile_30.8740_29.2470,moisture_differential
30.8857,29.279982,2.252198e+00,0.0036,tile_30.8740_29.2470,moisture_differential
30.886115999999998,29.279982,2.734395e+00,0.1213,tile_30.8740_29.2470,moisture_differential
30.886219999999998,29.279982,2.802361e+00,0.1378,tile_30.8740_29.2470,moisture_differential
30.891316,29.279982,2.237843e+00,0.0001,tile_30.8740_29.2470,moisture_differential
30.897036,29.279982,2.253189e+00,0.0039,tile_30.8740_29.2470,moisture_differential
30.89714,29.279982,2.465757e+00,0.0557,tile_30.8740_29.2470,moisture_differential
30.899428,29.279982,2.384016e+00,0.0358,tile_30.8740_29.2470,moisture_differential
30.899531999999997,29.279982,2.579086e+00,0.0834,tile_30.8740_29.2470,moisture_differential
30.901404,29.279982,2.241389e+00,0.0010,tile_30.8740_29.2470,moisture_differential
30.905564,29.279982,2.576119e+00,0.0826,tile_30.8740_29.2470,moisture_differential
30.905668,29.279982,2.529042e+00,0.0712,tile_30.8740_29.2470,moisture_differential
30.905772,29.279982,2.541700e+00,0.0742,tile_30.8740_29.2470,moisture_differential
30.905876,29.279982,2.418070e+00,0.0441,tile_30.8740_29.2470,moisture_differential
30.906708,29.279982,2.312059e+00,0.0182,tile_30.8740_29.2470,moisture_differential
30.906812,29.279982,2.474010e+00,0.0577,tile_30.8740_29.2470,moisture_differential
30.907643999999998,29.279982,2.299031e+00,0.0151,tile_30.8740_29.2470,moisture_differential
30.907747999999998,29.279982,2.410281e+00,0.0422,tile_30.8740_29.2470,moisture_differential
30.907852,29.279982,2.315233e+00,0.0190,tile_30.8740_29.2470,moisture_differential
30.908683999999997,29.279982,2.349873e+00,0.0275,tile_30.8740_29.2470,moisture_differential
30.908891999999998,29.279982,2.256085e+00,0.0046,tile_30.8740_29.2470,moisture_differential
30.908996,29.279982,2.775807e+00,0.1314,tile_30.8740_29.2470,moisture_differential
30.9091,29.279982,2.763280e+00,0.1283,tile_30.8740_29.2470,moisture_differential
30.909204,29.279982,2.863236e+00,0.1527,tile_30.8740_29.2470,moisture_differential
30.909308,29.279982,2.279859e+00,0.0104,tile_30.8740_29.2470,moisture_differential
30.909827999999997,29.279982,2.439096e+00,0.0492,tile_30.8740_29.2470,moisture_differential
30.910244,29.279982,2.619842e+00,0.0933,tile_30.8740_29.2470,moisture_differential
30.910556,29.279982,2.506890e+00,0.0658,tile_30.8740_29.2470,moisture_differential
30.91066,29.279982,2.287422e+00,0.0122,tile_30.8740_29.2470,moisture_differential
30.912532,29.279982,2.582044e+00,0.0841,tile_30.8740_29.2470,moisture_differential
30.913467999999998,29.279982,2.549468e+00,0.0761,tile_30.8740_29.2470,moisture_differential
30.914195999999997,29.279982,2.422238e+00,0.0451,tile_30.8740_29.2470,moisture_differential
30.914299999999997,29.279982,2.306780e+00,0.0169,tile_30.8740_29.2470,moisture_differential
30.914403999999998,29.279982,3.164189e+00,0.2261,tile_30.8740_29.2470,moisture_differential
30.914507999999998,29.279982,3.667974e+00,0.3490,tile_30.8740_29.2470,moisture_differential
30.917627999999997,29.279982,2.325954e+00,0.0216,tile_30.8740_29.2470,moisture_differential
30.918148,29.279982,2.547643e+00,0.0757,tile_30.8740_29.2470,moisture_differential
30.918356,29.279982,2.852932e+00,0.1502,tile_30.8740_29.2470,moisture_differential
30.91846,29.279982,2.650089e+00,0.1007,tile_30.8740_29.2470,moisture_differential
30.918564,29.279982,2.589657e+00,0.0859,tile_30.8740_29.2470,moisture_differential
30.919083999999998,29.279982,2.357918e+00,0.0294,tile_30.8740_29.2470,moisture_differential
30.919292,29.279982,2.628231e+00,0.0954,tile_30.8740_29.2470,moisture_differential
30.919396,29.279982,2.887015e+00,0.1585,tile_30.8740_29.2470,moisture_differential
30.9195,29.279982,2.435713e+00,0.0484,tile_30.8740_29.2470,moisture_differential
30.925324,29.279982,2.359383e+00,0.0298,tile_30.8740_29.2470,moisture_differential
30.879668,29.279889999999998,2.238599e+00,0.0003,tile_30.8740_29.2470,moisture_differential
30.886115999999998,29.279889999999998,2.281275e+00,0.0107,tile_30.8740_29.2470,moisture_differential
30.89142,29.279889999999998,2.254384e+00,0.0042,tile_30.8740_29.2470,moisture_differential
30.892875999999998,29.279889999999998,2.364304e+00,0.0310,tile_30.8740_29.2470,moisture_differential
30.899531999999997,29.279889999999998,2.459595e+00,0.0542,tile_30.8740_29.2470,moisture_differential
30.899948,29.279889999999998,2.295686e+00,0.0142,tile_30.8740_29.2470,moisture_differential
30.900052,29.279889999999998,2.690497e+00,0.1105,tile_30.8740_29.2470,moisture_differential
30.901508,29.279889999999998,2.283424e+00,0.0112,tile_30.8740_29.2470,moisture_differential
30.903692,29.279889999999998,2.276323e+00,0.0095,tile_30.8740_29.2470,moisture_differential
30.903796,29.279889999999998,2.342757e+00,0.0257,tile_30.8740_29.2470,moisture_differential
30.904315999999998,29.279889999999998,2.274826e+00,0.0091,tile_30.8740_29.2470,moisture_differential
30.90442,29.279889999999998,2.390903e+00,0.0375,tile_30.8740_29.2470,moisture_differential
30.905044,29.279889999999998,2.351020e+00,0.0277,tile_30.8740_29.2470,moisture_differential
30.905251999999997,29.279889999999998,2.581889e+00,0.0841,tile_30.8740_29.2470,moisture_differential
30.905459999999998,29.279889999999998,2.495623e+00,0.0630,tile_30.8740_29.2470,moisture_differential
30.905564,29.279889999999998,2.738374e+00,0.1222,tile_30.8740_29.2470,moisture_differential
30.906812,29.279889999999998,2.325986e+00,0.0216,tile_30.8740_29.2470,moisture_differential
30.907747999999998,29.279889999999998,2.290693e+00,0.0130,tile_30.8740_29.2470,moisture_differential
30.908996,29.279889999999998,2.680919e+00,0.1082,tile_30.8740_29.2470,moisture_differential
30.9091,29.279889999999998,2.824357e+00,0.1432,tile_30.8740_29.2470,moisture_differential
30.909204,29.279889999999998,2.550492e+00,0.0764,tile_30.8740_29.2470,moisture_differential
30.909308,29.279889999999998,2.681855e+00,0.1084,tile_30.8740_29.2470,moisture_differential
30.909827999999997,29.279889999999998,2.326141e+00,0.0217,tile_30.8740_29.2470,moisture_differential
30.910244,29.279889999999998,2.532698e+00,0.0721,tile_30.8740_29.2470,moisture_differential
30.91066,29.279889999999998,2.457585e+00,0.0537,tile_30.8740_29.2470,moisture_differential
30.912636,29.279889999999998,2.434290e+00,0.0480,tile_30.8740_29.2470,moisture_differential
30.91378,29.279889999999998,2.385143e+00,0.0361,tile_30.8740_29.2470,moisture_differential
30.913884,29.279889999999998,3.033141e+00,0.1941,tile_30.8740_29.2470,moisture_differential
30.914092,29.279889999999998,2.423954e+00,0.0455,tile_30.8740_29.2470,moisture_differential
30.914195999999997,29.279889999999998,2.575870e+00,0.0826,tile_30.8740_29.2470,moisture_differential
30.914299999999997,29.279889999999998,2.699548e+00,0.1128,tile_30.8740_29.2470,moisture_differential
30.914403999999998,29.279889999999998,2.959134e+00,0.1761,tile_30.8740_29.2470,moisture_differential
30.914507999999998,29.279889999999998,2.549129e+00,0.0761,tile_30.8740_29.2470,moisture_differential
30.914611999999998,29.279889999999998,2.310044e+00,0.0177,tile_30.8740_29.2470,moisture_differential
30.918252,29.279889999999998,2.324056e+00,0.0212,tile_30.8740_29.2470,moisture_differential
30.918356,29.279889999999998,2.759227e+00,0.1273,tile_30.8740_29.2470,moisture_differential
30.91846,29.279889999999998,3.308858e+00,0.2614,tile_30.8740_29.2470,moisture_differential
30.918564,29.279889999999998,3.026987e+00,0.1926,tile_30.8740_29.2470,moisture_differential
30.918667999999997,29.279889999999998,2.338560e+00,0.0247,tile_30.8740_29.2470,moisture_differential
30.918979999999998,29.279889999999998,2.318995e+00,0.0199,tile_30.8740_29.2470,moisture_differential
30.919396,29.279889999999998,2.852658e+00,0.1501,tile_30.8740_29.2470,moisture_differential
30.925324,29.279889999999998,2.348718e+00,0.0272,tile_30.8740_29.2470,moisture_differential
30.879564,29.279798,2.311528e+00,0.0181,tile_30.8740_29.2470,moisture_differential
30.882996,29.279798,2.372806e+00,0.0330,tile_30.8740_29.2470,moisture_differential
30.889443999999997,29.279798,2.431234e+00,0.0473,tile_30.8740_29.2470,moisture_differential
30.891627999999997,29.279798,2.266665e+00,0.0072,tile_30.8740_29.2470,moisture_differential
30.897036,29.279798,2.298970e+00,0.0150,tile_30.8740_29.2470,moisture_differential
30.898491999999997,29.279798,2.397221e+00,0.0390,tile_30.8740_29.2470,moisture_differential
30.898595999999998,29.279798,2.453971e+00,0.0528,tile_30.8740_29.2470,moisture_differential
30.901404,29.279798,2.243846e+00,0.0016,tile_30.8740_29.2470,moisture_differential
30.902444,29.279798,2.240906e+00,0.0009,tile_30.8740_29.2470,moisture_differential
30.903796,29.279798,2.454911e+00,0.0531,tile_30.8740_29.2470,moisture_differential
30.904107999999997,29.279798,2.554860e+00,0.0775,tile_30.8740_29.2470,moisture_differential
30.904211999999998,29.279798,2.257765e+00,0.0050,tile_30.8740_29.2470,moisture_differential
30.904524,29.279798,2.355437e+00,0.0288,tile_30.8740_29.2470,moisture_differential
30.906708,29.279798,2.639997e+00,0.0982,tile_30.8740_29.2470,moisture_differential
30.906812,29.279798,2.564773e+00,0.0799,tile_30.8740_29.2470,moisture_differential
30.907332,29.279798,2.355485e+00,0.0288,tile_30.8740_29.2470,moisture_differential
30.908996,29.279798,3.227582e+00,0.2416,tile_30.8740_29.2470,moisture_differential
30.9091,29.279798,2.803629e+00,0.1381,tile_30.8740_29.2470,moisture_differential
30.909204,29.279798,2.657317e+00,0.1025,tile_30.8740_29.2470,moisture_differential
30.909308,29.279798,2.393917e+00,0.0382,tile_30.8740_29.2470,moisture_differential
30.910035999999998,29.279798,2.338909e+00,0.0248,tile_30.8740_29.2470,moisture_differential
30.910244,29.279798,2.254656e+00,0.0042,tile_30.8740_29.2470,moisture_differential
30.912011999999997,29.279798,2.510321e+00,0.0666,tile_30.8740_29.2470,moisture_differential
30.912636,29.279798,2.436035e+00,0.0485,tile_30.8740_29.2470,moisture_differential
30.91274,29.279798,2.851489e+00,0.1498,tile_30.8740_29.2470,moisture_differential
30.912844,29.279798,2.816149e+00,0.1412,tile_30.8740_29.2470,moisture_differential
30.913572,29.279798,2.834253e+00,0.1456,tile_30.8740_29.2470,moisture_differential
30.913676,29.279798,2.533520e+00,0.0723,tile_30.8740_29.2470,moisture_differential
30.914092,29.279798,2.534578e+00,0.0725,tile_30.8740_29.2470,moisture_differential
30.914195999999997,29.279798,2.382640e+00,0.0354,tile_30.8740_29.2470,moisture_differential
30.914507999999998,29.279798,2.290274e+00,0.0129,tile_30.8740_29.2470,moisture_differential
30.917939999999998,29.279798,2.418099e+00,0.0441,tile_30.8740_29.2470,moisture_differential
30.918252,29.279798,2.593255e+00,0.0868,tile_30.8740_29.2470,moisture_differential
30.918356,29.279798,3.356548e+00,0.2730,tile_30.8740_29.2470,moisture_differential
30.91846,29.279798,3.633703e+00,0.3406,tile_30.8740_29.2470,moisture_differential
30.918564,29.279798,2.925180e+00,0.1678,tile_30.8740_29.2470,moisture_differential
30.924284,29.279798,2.513573e+00,0.0674,tile_30.8740_29.2470,moisture_differential
30.885596,29.279706,2.345641e+00,0.0264,tile_30.8740_29.2470,moisture_differential
30.89818,29.279706,2.312396e+00,0.0183,tile_30.8740_29.2470,moisture_differential
30.898284,29.279706,2.537715e+00,0.0733,tile_30.8740_29.2470,moisture_differential
30.900883999999998,29.279706,2.328087e+00,0.0221,tile_30.8740_29.2470,moisture_differential
30.900987999999998,29.279706,2.278321e+00,0.0100,tile_30.8740_29.2470,moisture_differential
30.901404,29.279706,2.605650e+00,0.0898,tile_30.8740_29.2470,moisture_differential
30.902027999999998,29.279706,2.793431e+00,0.1357,tile_30.8740_29.2470,moisture_differential
30.902131999999998,29.279706,2.530753e+00,0.0716,tile_30.8740_29.2470,moisture_differential
30.903067999999998,29.279706,2.306443e+00,0.0169,tile_30.8740_29.2470,moisture_differential
30.903796,29.279706,2.290138e+00,0.0129,tile_30.8740_29.2470,moisture_differential
30.9039,29.279706,2.547674e+00,0.0757,tile_30.8740_29.2470,moisture_differential
30.904732,29.279706,2.312017e+00,0.0182,tile_30.8740_29.2470,moisture_differential
30.905459999999998,29.279706,2.360771e+00,0.0301,tile_30.8740_29.2470,moisture_differential
30.905668,29.279706,2.298480e+00,0.0149,tile_30.8740_29.2470,moisture_differential
30.906603999999998,29.279706,2.302174e+00,0.0158,tile_30.8740_29.2470,moisture_differential
30.906708,29.279706,2.275705e+00,0.0094,tile_30.8740_29.2470,moisture_differential
30.907124,29.279706,2.255302e+00,0.0044,tile_30.8740_29.2470,moisture_differential
30.908996,29.279706,2.530449e+00,0.0715,tile_30.8740_29.2470,moisture_differential
30.9091,29.279706,2.828691e+00,0.1443,tile_30.8740_29.2470,moisture_differential
30.909204,29.279706,3.494741e+00,0.3067,tile_30.8740_29.2470,moisture_differential
30.909308,29.279706,2.549435e+00,0.0761,tile_30.8740_29.2470,moisture_differential
30.909827999999997,29.279706,2.441973e+00,0.0499,tile_30.8740_29.2470,moisture_differential
30.910244,29.279706,2.272050e+00,0.0085,tile_30.8740_29.2470,moisture_differential
30.91066,29.279706,2.515403e+00,0.0678,tile_30.8740_29.2470,moisture_differential
30.911492,29.279706,2.655327e+00,0.1020,tile_30.8740_29.2470,moisture_differential
30.911596,29.279706,2.304484e+00,0.0164,tile_30.8740_29.2470,moisture_differential
30.912532,29.279706,2.419491e+00,0.0444,tile_30.8740_29.2470,moisture_differential
30.913676,29.279706,2.377730e+00,0.0342,tile_30.8740_29.2470,moisture_differential
30.91378,29.279706,2.471916e+00,0.0572,tile_30.8740_29.2470,moisture_differential
30.917212,29.279706,2.393106e+00,0.0380,tile_30.8740_29.2470,moisture_differential
30.918252,29.279706,2.369747e+00,0.0323,tile_30.8740_29.2470,moisture_differential
30.918356,29.279706,3.922424e+00,0.4111,tile_30.8740_29.2470,moisture_differential
30.91846,29.279706,4.051118e+00,0.4425,tile_30.8740_29.2470,moisture_differential
30.918564,29.279706,2.771683e+00,0.1304,tile_30.8740_29.2470,moisture_differential
30.919292,29.279706,2.330034e+00,0.0226,tile_30.8740_29.2470,moisture_differential
30.925012,29.279706,2.386998e+00,0.0365,tile_30.8740_29.2470,moisture_differential
30.925531999999997,29.279706,2.453752e+00,0.0528,tile_30.8740_29.2470,moisture_differential
30.925947999999998,29.279706,2.660549e+00,0.1032,tile_30.8740_29.2470,moisture_differential
30.885596,29.279614,2.438996e+00,0.0492,tile_30.8740_29.2470,moisture_differential
30.898387999999997,29.279614,2.891867e+00,0.1597,tile_30.8740_29.2470,moisture_differential
30.898491999999997,29.279614,2.392008e+00,0.0377,tile_30.8740_29.2470,moisture_differential
30.899531999999997,29.279614,2.309164e+00,0.0175,tile_30.8740_29.2470,moisture_differential
30.900883999999998,29.279614,3.028691e+00,0.1930,tile_30.8740_29.2470,moisture_differential
30.900987999999998,29.279614,2.691154e+00,0.1107,tile_30.8740_29.2470,moisture_differential
30.901404,29.279614,2.350901e+00,0.0277,tile_30.8740_29.2470,moisture_differential
30.902027999999998,29.279614,2.452808e+00,0.0526,tile_30.8740_29.2470,moisture_differential
30.902236,29.279614,2.469052e+00,0.0565,tile_30.8740_29.2470,moisture_differential
30.902963999999997,29.279614,2.338231e+00,0.0246,tile_30.8740_29.2470,moisture_differential
30.903067999999998,29.279614,2.249489e+00,0.0030,tile_30.8740_29.2470,moisture_differential
30.90442,29.279614,2.554644e+00,0.0774,tile_30.8740_29.2470,moisture_differential
30.904524,29.279614,2.355085e+00,0.0287,tile_30.8740_29.2470,moisture_differential
30.905147999999997,29.279614,2.357664e+00,0.0294,tile_30.8740_29.2470,moisture_differential
30.905668,29.279614,2.365985e+00,0.0314,tile_30.8740_29.2470,moisture_differential
30.906708,29.279614,2.491979e+00,0.0621,tile_30.8740_29.2470,moisture_differential
30.908476,29.279614,2.331870e+00,0.0231,tile_30.8740_29.2470,moisture_differential
30.908579999999997,29.279614,2.404108e+00,0.0407,tile_30.8740_29.2470,moisture_differential
30.908996,29.279614,2.413073e+00,0.0429,tile_30.8740_29.2470,moisture_differential
30.9091,29.279614,2.340230e+00,0.0251,tile_30.8740_29.2470,moisture_differential
30.909204,29.279614,2.307783e+00,0.0172,tile_30.8740_29.2470,moisture_differential
30.909308,29.279614,2.255114e+00,0.0043,tile_30.8740_29.2470,moisture_differential
30.91014,29.279614,2.419554e+00,0.0445,tile_30.8740_29.2470,moisture_differential
30.910348,29.279614,2.294415e+00,0.0139,tile_30.8740_29.2470,moisture_differential
30.91066,29.279614,2.457588e+00,0.0537,tile_30.8740_29.2470,moisture_differential
30.910763999999997,29.279614,2.439663e+00,0.0494,tile_30.8740_29.2470,moisture_differential
30.912323999999998,29.279614,2.259769e+00,0.0055,tile_30.8740_29.2470,moisture_differential
30.912428,29.279614,2.347633e+00,0.0269,tile_30.8740_29.2470,moisture_differential
30.912532,29.279614,3.227389e+00,0.2415,tile_30.8740_29.2470,moisture_differential
30.913259999999998,29.279614,2.282948e+00,0.0111,tile_30.8740_29.2470,moisture_differential
30.917212,29.279614,2.599375e+00,0.0883,tile_30.8740_29.2470,moisture_differential
30.918252,29.279614,2.649498e+00,0.1005,tile_30.8740_29.2470,moisture_differential
30.918356,29.279614,3.548917e+00,0.3200,tile_30.8740_29.2470,moisture_differential
30.91846,29.279614,3.589364e+00,0.3298,tile_30.8740_29.2470,moisture_differential
30.921476,29.279614,2.252007e+00,0.0036,tile_30.8740_29.2470,moisture_differential
30.92158,29.279614,2.287013e+00,0.0121,tile_30.8740_29.2470,moisture_differential
30.925635999999997,29.279614,2.261033e+00,0.0058,tile_30.8740_29.2470,moisture_differential
30.886011999999997,29.279522,2.287929e+00,0.0123,tile_30.8740_29.2470,moisture_differential
30.888612,29.279522,2.519068e+00,0.0687,tile_30.8740_29.2470,moisture_differential
30.892252,29.279522,2.568727e+00,0.0808,tile_30.8740_29.2470,moisture_differential
30.895059999999997,29.279522,2.470600e+00,0.0569,tile_30.8740_29.2470,moisture_differential
30.895163999999998,29.279522,2.594007e+00,0.0870,tile_30.8740_29.2470,moisture_differential
30.89714,29.279522,2.374215e+00,0.0334,tile_30.8740_29.2470,moisture_differential
30.897972,29.279522,2.480018e+00,0.0592,tile_30.8740_29.2470,moisture_differential
30.898491999999997,29.279522,2.394597e+00,0.0384,tile_30.8740_29.2470,moisture_differential
30.900883999999998,29.279522,2.430987e+00,0.0472,tile_30.8740_29.2470,moisture_differential
30.900987999999998,29.279522,2.545947e+00,0.0753,tile_30.8740_29.2470,moisture_differential
30.901092,29.279522,2.751139e+00,0.1253,tile_30.8740_29.2470,moisture_differential
30.9013,29.279522,2.350373e+00,0.0276,tile_30.8740_29.2470,moisture_differential
30.901404,29.279522,2.479486e+00,0.0591,tile_30.8740_29.2470,moisture_differential
30.902548,29.279522,2.363684e+00,0.0308,tile_30.8740_29.2470,moisture_differential
30.902652,29.279522,2.707216e+00,0.1146,tile_30.8740_29.2470,moisture_differential
30.902963999999997,29.279522,2.603065e+00,0.0892,tile_30.8740_29.2470,moisture_differential
30.90442,29.279522,2.377852e+00,0.0343,tile_30.8740_29.2470,moisture_differential
30.904524,29.279522,2.774125e+00,0.1309,tile_30.8740_29.2470,moisture_differential
30.904628,29.279522,2.519210e+00,0.0688,tile_30.8740_29.2470,moisture_differential
30.905772,29.279522,2.306278e+00,0.0168,tile_30.8740_29.2470,moisture_differential
30.907124,29.279522,2.310833e+00,0.0179,tile_30.8740_29.2470,moisture_differential
30.908164,29.279522,2.263520e+00,0.0064,tile_30.8740_29.2470,moisture_differential
30.908268,29.279522,2.359801e+00,0.0299,tile_30.8740_29.2470,moisture_differential
30.908996,29.279522,2.547873e+00,0.0758,tile_30.8740_29.2470,moisture_differential
30.9091,29.279522,2.362891e+00,0.0306,tile_30.8740_29.2470,moisture_differential
30.910867999999997,29.279522,2.267074e+00,0.0073,tile_30.8740_29.2470,moisture_differential
30.911075999999998,29.279522,2.238106e+00,0.0002,tile_30.8740_29.2470,moisture_differential
30.913572,29.279522,2.293239e+00,0.0136,tile_30.8740_29.2470,moisture_differential
30.917004,29.279522,2.885107e+00,0.1580,tile_30.8740_29.2470,moisture_differential
30.917108,29.279522,3.093146e+00,0.2088,tile_30.8740_29.2470,moisture_differential
30.917212,29.279522,2.966236e+00,0.1778,tile_30.8740_29.2470,moisture_differential
30.918252,29.279522,3.022573e+00,0.1916,tile_30.8740_29.2470,moisture_differential
30.918356,29.279522,3.424433e+00,0.2896,tile_30.8740_29.2470,moisture_differential
30.91846,29.279522,3.512015e+00,0.3110,tile_30.8740_29.2470,moisture_differential
30.919915999999997,29.279522,2.310859e+00,0.0179,tile_30.8740_29.2470,moisture_differential
30.921476,29.279522,2.749943e+00,0.1250,tile_30.8740_29.2470,moisture_differential
30.887676,29.279429999999998,2.276493e+00,0.0096,tile_30.8740_29.2470,moisture_differential
30.890795999999998,29.279429999999998,2.395623e+00,0.0386,tile_30.8740_29.2470,moisture_differential
30.8909,29.279429999999998,2.330855e+00,0.0228,tile_30.8740_29.2470,moisture_differential
30.891108,29.279429999999998,2.468293e+00,0.0563,tile_30.8740_29.2470,moisture_differential
30.894955999999997,29.279429999999998,2.449288e+00,0.0517,tile_30.8740_29.2470,moisture_differential
30.895059999999997,29.279429999999998,2.651265e+00,0.1010,tile_30.8740_29.2470,moisture_differential
30.899843999999998,29.279429999999998,2.257874e+00,0.0050,tile_30.8740_29.2470,moisture_differential
30.902756,29.279429999999998,2.529708e+00,0.0713,tile_30.8740_29.2470,moisture_differential
30.902859999999997,29.279429999999998,2.825797e+00,0.1436,tile_30.8740_29.2470,moisture_differential
30.906188,29.279429999999998,2.379851e+00,0.0348,tile_30.8740_29.2470,moisture_differential
30.906291999999997,29.279429999999998,2.607127e+00,0.0902,tile_30.8740_29.2470,moisture_differential
30.906916,29.279429999999998,2.758098e+00,0.1270,tile_30.8740_29.2470,moisture_differential
30.90702,29.279429999999998,2.595285e+00,0.0873,tile_30.8740_29.2470,moisture_differential
30.907124,29.279429999999998,2.340206e+00,0.0251,tile_30.8740_29.2470,moisture_differential
30.907228,29.279429999999998,2.715636e+00,0.1167,tile_30.8740_29.2470,moisture_differential
30.907332,29.279429999999998,2.382020e+00,0.0353,tile_30.8740_29.2470,moisture_differential
30.907643999999998,29.279429999999998,2.338196e+00,0.0246,tile_30.8740_29.2470,moisture_differential
30.908268,29.279429999999998,2.737609e+00,0.1220,tile_30.8740_29.2470,moisture_differential
30.908372,29.279429999999998,2.316839e+00,0.0194,tile_30.8740_29.2470,moisture_differential
30.908476,29.279429999999998,2.290188e+00,0.0129,tile_30.8740_29.2470,moisture_differential
30.908996,29.279429999999998,2.447286e+00,0.0512,tile_30.8740_29.2470,moisture_differential
30.911804,29.279429999999998,2.293018e+00,0.0136,tile_30.8740_29.2470,moisture_differential
30.912532,29.279429999999998,2.414132e+00,0.0431,tile_30.8740_29.2470,moisture_differential
30.913988,29.279429999999998,2.335605e+00,0.0240,tile_30.8740_29.2470,moisture_differential
30.914092,29.279429999999998,2.440398e+00,0.0495,tile_30.8740_29.2470,moisture_differential
30.9169,29.279429999999998,2.370513e+00,0.0325,tile_30.8740_29.2470,moisture_differential
30.917004,29.279429999999998,3.573490e+00,0.3259,tile_30.8740_29.2470,moisture_differential
30.917108,29.279429999999998,4.179216e+00,0.4737,tile_30.8740_29.2470,moisture_differential
30.917212,29.279429999999998,3.695799e+00,0.3558,tile_30.8740_29.2470,moisture_differential
30.917316,29.279429999999998,2.774806e+00,0.1311,tile_30.8740_29.2470,moisture_differential
30.918356,29.279429999999998,2.325041e+00,0.0214,tile_30.8740_29.2470,moisture_differential
30.91846,29.279429999999998,3.248898e+00,0.2468,tile_30.8740_29.2470,moisture_differential
30.918564,29.279429999999998,2.393945e+00,0.0382,tile_30.8740_29.2470,moisture_differential
30.919604,29.279429999999998,2.464945e+00,0.0555,tile_30.8740_29.2470,moisture_differential
30.919708,29.279429999999998,3.091262e+00,0.2083,tile_30.8740_29.2470,moisture_differential
30.919811999999997,29.279429999999998,2.750078e+00,0.1251,tile_30.8740_29.2470,moisture_differential
30.920019999999997,29.279429999999998,2.434244e+00,0.0480,tile_30.8740_29.2470,moisture_differential
30.92522,29.279429999999998,2.366726e+00,0.0316,tile_30.8740_29.2470,moisture_differential
30.891004,29.279338,2.804543e+00,0.1384,tile_30.8740_29.2470,moisture_differential
30.891108,29.279338,3.105289e+00,0.2117,tile_30.8740_29.2470,moisture_differential
30.891212,29.279338,2.487261e+00,0.0610,tile_30.8740_29.2470,moisture_differential
30.891316,29.279338,2.269158e+00,0.0078,tile_30.8740_29.2470,moisture_differential
30.899012,29.279338,2.274005e+00,0.0089,tile_30.8740_29.2470,moisture_differential
30.899739999999998,29.279338,2.442427e+00,0.0500,tile_30.8740_29.2470,moisture_differential
30.900675999999997,29.279338,2.777947e+00,0.1319,tile_30.8740_29.2470,moisture_differential
30.902027999999998,29.279338,2.286729e+00,0.0120,tile_30.8740_29.2470,moisture_differential
30.903275999999998,29.279338,2.333071e+00,0.0234,tile_30.8740_29.2470,moisture_differential
30.90338,29.279338,2.550282e+00,0.0763,tile_30.8740_29.2470,moisture_differential
30.90442,29.279338,2.350777e+00,0.0277,tile_30.8740_29.2470,moisture_differential
30.906084,29.279338,2.447287e+00,0.0512,tile_30.8740_29.2470,moisture_differential
30.906188,29.279338,2.690654e+00,0.1106,tile_30.8740_29.2470,moisture_differential
30.906291999999997,29.279338,2.512655e+00,0.0672,tile_30.8740_29.2470,moisture_differential
30.906499999999998,29.279338,2.328511e+00,0.0222,tile_30.8740_29.2470,moisture_differential
30.906603999999998,29.279338,2.421259e+00,0.0449,tile_30.8740_29.2470,moisture_differential
30.906812,29.279338,2.584434e+00,0.0847,tile_30.8740_29.2470,moisture_differential
30.906916,29.279338,2.551402e+00,0.0766,tile_30.8740_29.2470,moisture_differential
30.90702,29.279338,2.588856e+00,0.0858,tile_30.8740_29.2470,moisture_differential
30.907228,29.279338,2.560849e+00,0.0789,tile_30.8740_29.2470,moisture_differential
30.907332,29.279338,2.818740e+00,0.1418,tile_30.8740_29.2470,moisture_differential
30.907435999999997,29.279338,2.906052e+00,0.1631,tile_30.8740_29.2470,moisture_differential
30.907643999999998,29.279338,2.293903e+00,0.0138,tile_30.8740_29.2470,moisture_differential
30.908164,29.279338,2.600498e+00,0.0886,tile_30.8740_29.2470,moisture_differential
30.908268,29.279338,2.611186e+00,0.0912,tile_30.8740_29.2470,moisture_differential
30.908372,29.279338,2.301674e+00,0.0157,tile_30.8740_29.2470,moisture_differential
30.908476,29.279338,2.265937e+00,0.0070,tile_30.8740_29.2470,moisture_differential
30.908579999999997,29.279338,2.309686e+00,0.0176,tile_30.8740_29.2470,moisture_differential
30.912636,29.279338,2.329288e+00,0.0224,tile_30.8740_29.2470,moisture_differential
30.914716,29.279338,2.369510e+00,0.0322,tile_30.8740_29.2470,moisture_differential
30.9169,29.279338,2.596996e+00,0.0877,tile_30.8740_29.2470,moisture_differential
30.917004,29.279338,3.731830e+00,0.3646,tile_30.8740_29.2470,moisture_differential
30.917108,29.279338,4.316490e+00,0.5072,tile_30.8740_29.2470,moisture_differential
30.917212,29.279338,3.660483e+00,0.3472,tile_30.8740_29.2470,moisture_differential
30.917316,29.279338,2.689172e+00,0.1102,tile_30.8740_29.2470,moisture_differential
30.91742,29.279338,2.365545e+00,0.0313,tile_30.8740_29.2470,moisture_differential
30.9195,29.279338,2.365799e+00,0.0313,tile_30.8740_29.2470,moisture_differential
30.919604,29.279338,2.883257e+00,0.1576,tile_30.8740_29.2470,moisture_differential
30.919708,29.279338,2.803530e+00,0.1381,tile_30.8740_29.2470,moisture_differential
30.920852,29.279338,2.375751e+00,0.0338,tile_30.8740_29.2470,moisture_differential
30.925843999999998,29.279338,2.258021e+00,0.0050,tile_30.8740_29.2470,moisture_differential
30.881124,29.279246,2.443657e+00,0.0503,tile_30.8740_29.2470,moisture_differential
30.884452,29.279246,2.261623e+00,0.0059,tile_30.8740_29.2470,moisture_differential
30.884556,29.279246,2.284677e+00,0.0115,tile_30.8740_29.2470,moisture_differential
30.885284,29.279246,2.551805e+00,0.0767,tile_30.8740_29.2470,moisture_differential
30.885492,29.279246,2.300606e+00,0.0154,tile_30.8740_29.2470,moisture_differential
30.891004,29.279246,2.721650e+00,0.1181,tile_30.8740_29.2470,moisture_differential
30.891108,29.279246,2.904928e+00,0.1629,tile_30.8740_29.2470,moisture_differential
30.891212,29.279246,2.524107e+00,0.0700,tile_30.8740_29.2470,moisture_differential
30.899739999999998,29.279246,2.455215e+00,0.0532,tile_30.8740_29.2470,moisture_differential
30.900987999999998,29.279246,2.287827e+00,0.0123,tile_30.8740_29.2470,moisture_differential
30.904732,29.279246,2.593744e+00,0.0869,tile_30.8740_29.2470,moisture_differential
30.90598,29.279246,2.331595e+00,0.0230,tile_30.8740_29.2470,moisture_differential
30.906499999999998,29.279246,2.534795e+00,0.0726,tile_30.8740_29.2470,moisture_differential
30.906603999999998,29.279246,2.838670e+00,0.1467,tile_30.8740_29.2470,moisture_differential
30.906708,29.279246,2.555709e+00,0.0777,tile_30.8740_29.2470,moisture_differential
30.906812,29.279246,2.751131e+00,0.1253,tile_30.8740_29.2470,moisture_differential
30.906916,29.279246,3.215107e+00,0.2385,tile_30.8740_29.2470,moisture_differential
30.90702,29.279246,3.175003e+00,0.2287,tile_30.8740_29.2470,moisture_differential
30.907124,29.279246,2.397212e+00,0.0390,tile_30.8740_29.2470,moisture_differential
30.907228,29.279246,2.447868e+00,0.0514,tile_30.8740_29.2470,moisture_differential
30.907332,29.279246,2.583729e+00,0.0845,tile_30.8740_29.2470,moisture_differential
30.90806,29.279246,2.292421e+00,0.0134,tile_30.8740_29.2470,moisture_differential
30.908164,29.279246,2.632497e+00,0.0964,tile_30.8740_29.2470,moisture_differential
30.908268,29.279246,2.704101e+00,0.1139,tile_30.8740_29.2470,moisture_differential
30.908372,29.279246,2.935665e+00,0.1704,tile_30.8740_29.2470,moisture_differential
30.908476,29.279246,2.445641e+00,0.0508,tile_30.8740_29.2470,moisture_differential
30.909308,29.279246,2.646409e+00,0.0998,tile_30.8740_29.2470,moisture_differential
30.909412,29.279246,2.398996e+00,0.0394,tile_30.8740_29.2470,moisture_differential
30.910035999999998,29.279246,2.348947e+00,0.0272,tile_30.8740_29.2470,moisture_differential
30.91014,29.279246,2.496065e+00,0.0631,tile_30.8740_29.2470,moisture_differential
30.910867999999997,29.279246,2.284519e+00,0.0115,tile_30.8740_29.2470,moisture_differential
30.914092,29.279246,2.261956e+00,0.0060,tile_30.8740_29.2470,moisture_differential
30.914195999999997,29.279246,2.529327e+00,0.0712,tile_30.8740_29.2470,moisture_differential
30.914507999999998,29.279246,2.339516e+00,0.0249,tile_30.8740_29.2470,moisture_differential
30.914611999999998,29.279246,2.614287e+00,0.0920,tile_30.8740_29.2470,moisture_differential
30.914716,29.279246,2.407367e+00,0.0415,tile_30.8740_29.2470,moisture_differential
30.915236,29.279246,2.516589e+00,0.0681,tile_30.8740_29.2470,moisture_differential
30.916587999999997,29.279246,2.445099e+00,0.0507,tile_30.8740_29.2470,moisture_differential
30.916691999999998,29.279246,2.534604e+00,0.0725,tile_30.8740_29.2470,moisture_differential
30.916795999999998,29.279246,2.381557e+00,0.0352,tile_30.8740_29.2470,moisture_differential
30.917004,29.279246,2.696415e+00,0.1120,tile_30.8740_29.2470,moisture_differential
30.917108,29.279246,3.034431e+00,0.1944,tile_30.8740_29.2470,moisture_differential
30.917212,29.279246,2.323931e+00,0.0211,tile_30.8740_29.2470,moisture_differential
30.917316,29.279246,2.608028e+00,0.0904,tile_30.8740_29.2470,moisture_differential
30.9195,29.279246,2.633206e+00,0.0966,tile_30.8740_29.2470,moisture_differential
30.919604,29.279246,2.379591e+00,0.0347,tile_30.8740_29.2470,moisture_differential
30.925531999999997,29.279246,2.262201e+00,0.0061,tile_30.8740_29.2470,moisture_differential
30.925635999999997,29.279246,3.208698e+00,0.2370,tile_30.8740_29.2470,moisture_differential
30.925739999999998,29.279246,2.442196e+00,0.0500,tile_30.8740_29.2470,moisture_differential
30.87842,29.279154,2.514375e+00,0.0676,tile_30.8740_29.2470,moisture_differential
30.881124,29.279154,2.787391e+00,0.1342,tile_30.8740_29.2470,moisture_differential
30.899635999999997,29.279154,2.602241e+00,0.0890,tile_30.8740_29.2470,moisture_differential
30.900052,29.279154,2.390471e+00,0.0374,tile_30.8740_29.2470,moisture_differential
30.901715999999997,29.279154,2.282771e+00,0.0111,tile_30.8740_29.2470,moisture_differential
30.901819999999997,29.279154,2.323256e+00,0.0210,tile_30.8740_29.2470,moisture_differential
30.903067999999998,29.279154,2.311668e+00,0.0181,tile_30.8740_29.2470,moisture_differential
30.906188,29.279154,2.311392e+00,0.0181,tile_30.8740_29.2470,moisture_differential
30.906291999999997,29.279154,2.245829e+00,0.0021,tile_30.8740_29.2470,moisture_differential
30.906499999999998,29.279154,2.785738e+00,0.1338,tile_30.8740_29.2470,moisture_differential
30.906603999999998,29.279154,3.339277e+00,0.2688,tile_30.8740_29.2470,moisture_differential
30.906812,29.279154,2.608415e+00,0.0905,tile_30.8740_29.2470,moisture_differential
30.906916,29.279154,3.251172e+00,0.2473,tile_30.8740_29.2470,moisture_differential
30.90702,29.279154,3.327377e+00,0.2659,tile_30.8740_29.2470,moisture_differential
30.907643999999998,29.279154,2.884389e+00,0.1578,tile_30.8740_29.2470,moisture_differential
30.907747999999998,29.279154,2.803937e+00,0.1382,tile_30.8740_29.2470,moisture_differential
30.907852,29.279154,2.241717e+00,0.0011,tile_30.8740_29.2470,moisture_differential
30.907956,29.279154,2.371179e+00,0.0327,tile_30.8740_29.2470,moisture_differential
30.90806,29.279154,2.566474e+00,0.0803,tile_30.8740_29.2470,moisture_differential
30.908164,29.279154,2.502588e+00,0.0647,tile_30.8740_29.2470,moisture_differential
30.908476,29.279154,2.278166e+00,0.0100,tile_30.8740_29.2470,moisture_differential
30.909516,29.279154,2.684501e+00,0.1091,tile_30.8740_29.2470,moisture_differential
30.909619999999997,29.279154,2.750083e+00,0.1251,tile_30.8740_29.2470,moisture_differential
30.909723999999997,29.279154,2.412030e+00,0.0426,tile_30.8740_29.2470,moisture_differential
30.909827999999997,29.279154,2.536587e+00,0.0730,tile_30.8740_29.2470,moisture_differential
30.909931999999998,29.279154,2.242688e+00,0.0013,tile_30.8740_29.2470,moisture_differential
30.910035999999998,29.279154,2.328600e+00,0.0223,tile_30.8740_29.2470,moisture_differential
30.91014,29.279154,2.282499e+00,0.0110,tile_30.8740_29.2470,moisture_differential
30.910763999999997,29.279154,2.730739e+00,0.1204,tile_30.8740_29.2470,moisture_differential
30.912636,29.279154,2.283569e+00,0.0113,tile_30.8740_29.2470,moisture_differential
30.912844,29.279154,2.257971e+00,0.0050,tile_30.8740_29.2470,moisture_differential
30.914403999999998,29.279154,2.365885e+00,0.0314,tile_30.8740_29.2470,moisture_differential
30.914507999999998,29.279154,3.056662e+00,0.1999,tile_30.8740_29.2470,moisture_differential
30.914611999999998,29.279154,2.598692e+00,0.0882,tile_30.8740_29.2470,moisture_differential
30.914716,29.279154,2.540428e+00,0.0739,tile_30.8740_29.2470,moisture_differential
30.91482,29.279154,2.502287e+00,0.0646,tile_30.8740_29.2470,moisture_differential
30.914924,29.279154,2.441567e+00,0.0498,tile_30.8740_29.2470,moisture_differential
30.916795999999998,29.279154,2.422591e+00,0.0452,tile_30.8740_29.2470,moisture_differential
30.917108,29.279154,2.298352e+00,0.0149,tile_30.8740_29.2470,moisture_differential
30.917212,29.279154,2.800159e+00,0.1373,tile_30.8740_29.2470,moisture_differential
30.917316,29.279154,2.858515e+00,0.1515,tile_30.8740_29.2470,moisture_differential
30.91742,29.279154,2.611064e+00,0.0912,tile_30.8740_29.2470,moisture_differential
30.917523999999997,29.279154,2.480106e+00,0.0592,tile_30.8740_29.2470,moisture_differential
30.919604,29.279154,2.556835e+00,0.0779,tile_30.8740_29.2470,moisture_differential
30.919708,29.279154,2.580132e+00,0.0836,tile_30.8740_29.2470,moisture_differential
30.920852,29.279154,2.496418e+00,0.0632,tile_30.8740_29.2470,moisture_differential
30.924908,29.279154,2.840539e+00,0.1471,tile_30.8740_29.2470,moisture_differential
30.879668,29.279062,2.308653e+00,0.0174,tile_30.8740_29.2470,moisture_differential
30.88102,29.279062,2.357761e+00,0.0294,tile_30.8740_29.2470,moisture_differential
30.882996,29.279062,2.506339e+00,0.0656,tile_30.8740_29.2470,moisture_differential
30.89766,29.279062,2.339192e+00,0.0248,tile_30.8740_29.2470,moisture_differential
30.900571999999997,29.279062,3.465478e+00,0.2996,tile_30.8740_29.2470,moisture_differential
30.903067999999998,29.279062,2.382775e+00,0.0355,tile_30.8740_29.2470,moisture_differential
30.903171999999998,29.279062,2.534978e+00,0.0726,tile_30.8740_29.2470,moisture_differential
30.90598,29.279062,2.307739e+00,0.0172,tile_30.8740_29.2470,moisture_differential
30.90702,29.279062,2.458916e+00,0.0541,tile_30.8740_29.2470,moisture_differential
30.909931999999998,29.279062,2.759145e+00,0.1273,tile_30.8740_29.2470,moisture_differential
30.91014,29.279062,2.322242e+00,0.0207,tile_30.8740_29.2470,moisture_differential
30.914403999999998,29.279062,2.454694e+00,0.0530,tile_30.8740_29.2470,moisture_differential
30.914507999999998,29.279062,2.405335e+00,0.0410,tile_30.8740_29.2470,moisture_differential
30.914611999999998,29.279062,2.458790e+00,0.0540,tile_30.8740_29.2470,moisture_differential
30.914716,29.279062,3.050501e+00,0.1984,tile_30.8740_29.2470,moisture_differential
30.91482,29.279062,2.396287e+00,0.0388,tile_30.8740_29.2470,moisture_differential
30.915651999999998,29.279062,2.461798e+00,0.0548,tile_30.8740_29.2470,moisture_differential
30.915756,29.279062,2.578521e+00,0.0832,tile_30.8740_29.2470,moisture_differential
30.916691999999998,29.279062,2.853313e+00,0.1503,tile_30.8740_29.2470,moisture_differential
30.916795999999998,29.279062,2.780664e+00,0.1325,tile_30.8740_29.2470,moisture_differential
30.9169,29.279062,2.657494e+00,0.1025,tile_30.8740_29.2470,moisture_differential
30.917316,29.279062,2.250071e+00,0.0031,tile_30.8740_29.2470,moisture_differential
30.91742,29.279062,3.060438e+00,0.2008,tile_30.8740_29.2470,moisture_differential
30.917523999999997,29.279062,2.537284e+00,0.0732,tile_30.8740_29.2470,moisture_differential
30.918148,29.279062,2.457237e+00,0.0536,tile_30.8740_29.2470,moisture_differential
30.919604,29.279062,2.743943e+00,0.1236,tile_30.8740_29.2470,moisture_differential
30.919811999999997,29.279062,2.268434e+00,0.0076,tile_30.8740_29.2470,moisture_differential
30.920955999999997,29.279062,2.343272e+00,0.0258,tile_30.8740_29.2470,moisture_differential
30.92522,29.279062,2.558121e+00,0.0783,tile_30.8740_29.2470,moisture_differential
30.925635999999997,29.279062,2.535652e+00,0.0728,tile_30.8740_29.2470,moisture_differential
30.882996,29.27897,2.573923e+00,0.0821,tile_30.8740_29.2470,moisture_differential
30.8831,29.27897,2.437579e+00,0.0488,tile_30.8740_29.2470,moisture_differential
30.888403999999998,29.27897,2.254206e+00,0.0041,tile_30.8740_29.2470,moisture_differential
30.896828,29.27897,2.406065e+00,0.0412,tile_30.8740_29.2470,moisture_differential
30.897555999999998,29.27897,2.253874e+00,0.0040,tile_30.8740_29.2470,moisture_differential
30.900052,29.27897,2.573472e+00,0.0820,tile_30.8740_29.2470,moisture_differential
30.900156,29.27897,2.789769e+00,0.1348,tile_30.8740_29.2470,moisture_differential
30.90026,29.27897,2.601913e+00,0.0889,tile_30.8740_29.2470,moisture_differential
30.900883999999998,29.27897,2.303387e+00,0.0161,tile_30.8740_29.2470,moisture_differential
30.901715999999997,29.27897,2.257839e+00,0.0050,tile_30.8740_29.2470,moisture_differential
30.901819999999997,29.27897,2.393985e+00,0.0382,tile_30.8740_29.2470,moisture_differential
30.902131999999998,29.27897,2.315572e+00,0.0191,tile_30.8740_29.2470,moisture_differential
30.90702,29.27897,2.288355e+00,0.0124,tile_30.8740_29.2470,moisture_differential
30.907852,29.27897,2.403006e+00,0.0404,tile_30.8740_29.2470,moisture_differential
30.90806,29.27897,2.509622e+00,0.0664,tile_30.8740_29.2470,moisture_differential
30.908164,29.27897,2.762697e+00,0.1282,tile_30.8740_29.2470,moisture_differential
30.908787999999998,29.27897,2.443434e+00,0.0503,tile_30.8740_29.2470,moisture_differential
30.909308,29.27897,2.645352e+00,0.0995,tile_30.8740_29.2470,moisture_differential
30.909931999999998,29.27897,2.392972e+00,0.0380,tile_30.8740_29.2470,moisture_differential
30.912844,29.27897,2.566109e+00,0.0802,tile_30.8740_29.2470,moisture_differential
30.912948,29.27897,2.270891e+00,0.0082,tile_30.8740_29.2470,moisture_differential
30.914195999999997,29.27897,2.569347e+00,0.0810,tile_30.8740_29.2470,moisture_differential
30.914403999999998,29.27897,2.245819e+00,0.0021,tile_30.8740_29.2470,moisture_differential
30.914716,29.27897,2.353376e+00,0.0283,tile_30.8740_29.2470,moisture_differential
30.916691999999998,29.27897,2.342141e+00,0.0256,tile_30.8740_29.2470,moisture_differential
30.916795999999998,29.27897,3.614252e+00,0.3359,tile_30.8740_29.2470,moisture_differential
30.9169,29.27897,2.742042e+00,0.1231,tile_30.8740_29.2470,moisture_differential
30.917316,29.27897,2.292449e+00,0.0134,tile_30.8740_29.2470,moisture_differential
30.917939999999998,29.27897,2.619152e+00,0.0931,tile_30.8740_29.2470,moisture_differential
30.918252,29.27897,2.447266e+00,0.0512,tile_30.8740_29.2470,moisture_differential
30.919811999999997,29.27897,2.262044e+00,0.0060,tile_30.8740_29.2470,moisture_differential
30.919915999999997,29.27897,2.586379e+00,0.0851,tile_30.8740_29.2470,moisture_differential
30.920227999999998,29.27897,2.534914e+00,0.0726,tile_30.8740_29.2470,moisture_differential
30.920332,29.27897,2.914685e+00,0.1652,tile_30.8740_29.2470,moisture_differential
30.925116,29.27897,2.252707e+00,0.0037,tile_30.8740_29.2470,moisture_differential
30.8831,29.278878,2.509319e+00,0.0663,tile_30.8740_29.2470,moisture_differential
30.888924,29.278878,2.368611e+00,0.0320,tile_30.8740_29.2470,moisture_differential
30.889443999999997,29.278878,2.359522e+00,0.0298,tile_30.8740_29.2470,moisture_differential
30.896724,29.278878,2.778511e+00,0.1320,tile_30.8740_29.2470,moisture_differential
30.899428,29.278878,2.296800e+00,0.0145,tile_30.8740_29.2470,moisture_differential
30.899531999999997,29.278878,2.306282e+00,0.0168,tile_30.8740_29.2470,moisture_differential
30.90026,29.278878,2.267420e+00,0.0073,tile_30.8740_29.2470,moisture_differential
30.900883999999998,29.278878,2.391179e+00,0.0375,tile_30.8740_29.2470,moisture_differential
30.902027999999998,29.278878,2.320431e+00,0.0203,tile_30.8740_29.2470,moisture_differential
30.903484,29.278878,2.241145e+00,0.0009,tile_30.8740_29.2470,moisture_differential
30.903588,29.278878,2.297598e+00,0.0147,tile_30.8740_29.2470,moisture_differential
30.904315999999998,29.278878,2.453276e+00,0.0527,tile_30.8740_29.2470,moisture_differential
30.904628,29.278878,2.935198e+00,0.1702,tile_30.8740_29.2470,moisture_differential
30.905668,29.278878,2.472638e+00,0.0574,tile_30.8740_29.2470,moisture_differential
30.90702,29.278878,2.248638e+00,0.0028,tile_30.8740_29.2470,moisture_differential
30.907124,29.278878,2.300667e+00,0.0154,tile_30.8740_29.2470,moisture_differential
30.907332,29.278878,2.274299e+00,0.0090,tile_30.8740_29.2470,moisture_differential
30.909827999999997,29.278878,2.452872e+00,0.0526,tile_30.8740_29.2470,moisture_differential
30.910452,29.278878,2.414455e+00,0.0432,tile_30.8740_29.2470,moisture_differential
30.910556,29.278878,2.705444e+00,0.1142,tile_30.8740_29.2470,moisture_differential
30.91274,29.278878,2.740349e+00,0.1227,tile_30.8740_29.2470,moisture_differential
30.912844,29.278878,2.463317e+00,0.0551,tile_30.8740_29.2470,moisture_differential
30.913676,29.278878,2.391964e+00,0.0377,tile_30.8740_29.2470,moisture_differential
30.914195999999997,29.278878,2.551996e+00,0.0768,tile_30.8740_29.2470,moisture_differential
30.914299999999997,29.278878,2.447554e+00,0.0513,tile_30.8740_29.2470,moisture_differential
30.914403999999998,29.278878,2.581714e+00,0.0840,tile_30.8740_29.2470,moisture_differential
30.914507999999998,29.278878,2.698837e+00,0.1126,tile_30.8740_29.2470,moisture_differential
30.914611999999998,29.278878,2.979355e+00,0.1810,tile_30.8740_29.2470,moisture_differential
30.915236,29.278878,2.466603e+00,0.0559,tile_30.8740_29.2470,moisture_differential
30.915339999999997,29.278878,2.358895e+00,0.0297,tile_30.8740_29.2470,moisture_differential
30.915964,29.278878,2.322408e+00,0.0208,tile_30.8740_29.2470,moisture_differential
30.916068,29.278878,2.382200e+00,0.0353,tile_30.8740_29.2470,moisture_differential
30.916691999999998,29.278878,2.477443e+00,0.0586,tile_30.8740_29.2470,moisture_differential
30.916795999999998,29.278878,3.614084e+00,0.3359,tile_30.8740_29.2470,moisture_differential
30.917939999999998,29.278878,2.671473e+00,0.1059,tile_30.8740_29.2470,moisture_differential
30.918044,29.278878,2.541351e+00,0.0742,tile_30.8740_29.2470,moisture_differential
30.9195,29.278878,2.940173e+00,0.1715,tile_30.8740_29.2470,moisture_differential
30.920332,29.278878,2.354060e+00,0.0285,tile_30.8740_29.2470,moisture_differential
30.920852,29.278878,2.518774e+00,0.0687,tile_30.8740_29.2470,moisture_differential
30.924699999999998,29.278878,2.405679e+00,0.0411,tile_30.8740_29.2470,moisture_differential
30.894852,29.278786,2.363539e+00,0.0308,tile_30.8740_29.2470,moisture_differential
30.894955999999997,29.278786,2.284679e+00,0.0115,tile_30.8740_29.2470,moisture_differential
30.896932,29.278786,2.334289e+00,0.0237,tile_30.8740_29.2470,moisture_differential
30.897036,29.278786,2.512553e+00,0.0671,tile_30.8740_29.2470,moisture_differential
30.900675999999997,29.278786,2.608489e+00,0.0905,tile_30.8740_29.2470,moisture_differential
30.900987999999998,29.278786,2.296309e+00,0.0144,tile_30.8740_29.2470,moisture_differential
30.901092,29.278786,2.435367e+00,0.0483,tile_30.8740_29.2470,moisture_differential
30.901196,29.278786,2.794571e+00,0.1359,tile_30.8740_29.2470,moisture_differential
30.902236,29.278786,2.533551e+00,0.0723,tile_30.8740_29.2470,moisture_differential
30.902652,29.278786,2.240197e+00,0.0007,tile_30.8740_29.2470,moisture_differential
30.903171999999998,29.278786,2.260530e+00,0.0057,tile_30.8740_29.2470,moisture_differential
30.903588,29.278786,2.262881e+00,0.0062,tile_30.8740_29.2470,moisture_differential
30.906603999999998,29.278786,2.252084e+00,0.0036,tile_30.8740_29.2470,moisture_differential
30.908372,29.278786,2.752990e+00,0.1258,tile_30.8740_29.2470,moisture_differential
30.909827999999997,29.278786,2.506141e+00,0.0656,tile_30.8740_29.2470,moisture_differential
30.910452,29.278786,2.518494e+00,0.0686,tile_30.8740_29.2470,moisture_differential
30.912323999999998,29.278786,2.352284e+00,0.0280,tile_30.8740_29.2470,moisture_differential
30.914092,29.278786,2.269596e+00,0.0079,tile_30.8740_29.2470,moisture_differential
30.914195999999997,29.278786,2.547442e+00,0.0756,tile_30.8740_29.2470,moisture_differential
30.914299999999997,29.278786,2.383901e+00,0.0358,tile_30.8740_29.2470,moisture_differential
30.914507999999998,29.278786,2.427774e+00,0.0465,tile_30.8740_29.2470,moisture_differential
30.914611999999998,29.278786,2.617474e+00,0.0927,tile_30.8740_29.2470,moisture_differential
30.914716,29.278786,2.371383e+00,0.0327,tile_30.8740_29.2470,moisture_differential
30.915339999999997,29.278786,2.388419e+00,0.0369,tile_30.8740_29.2470,moisture_differential
30.915443999999997,29.278786,2.297218e+00,0.0146,tile_30.8740_29.2470,moisture_differential
30.916795999999998,29.278786,2.581568e+00,0.0840,tile_30.8740_29.2470,moisture_differential
30.917316,29.278786,2.348557e+00,0.0271,tile_30.8740_29.2470,moisture_differential
30.917939999999998,29.278786,2.562183e+00,0.0792,tile_30.8740_29.2470,moisture_differential
30.918148,29.278786,2.403814e+00,0.0406,tile_30.8740_29.2470,moisture_differential
30.919396,29.278786,2.261109e+00,0.0058,tile_30.8740_29.2470,moisture_differential
30.920852,29.278786,2.266084e+00,0.0070,tile_30.8740_29.2470,moisture_differential
30.920955999999997,29.278786,2.431884e+00,0.0475,tile_30.8740_29.2470,moisture_differential
30.894748,29.278693999999998,2.279412e+00,0.0103,tile_30.8740_29.2470,moisture_differential
30.894852,29.278693999999998,2.519329e+00,0.0688,tile_30.8740_29.2470,moisture_differential
30.894955999999997,29.278693999999998,2.240518e+00,0.0008,tile_30.8740_29.2470,moisture_differential
30.896932,29.278693999999998,2.482743e+00,0.0599,tile_30.8740_29.2470,moisture_differential
30.903067999999998,29.278693999999998,2.272494e+00,0.0086,tile_30.8740_29.2470,moisture_differential
30.903171999999998,29.278693999999998,2.389688e+00,0.0372,tile_30.8740_29.2470,moisture_differential
30.905251999999997,29.278693999999998,2.500332e+00,0.0642,tile_30.8740_29.2470,moisture_differential
30.905355999999998,29.278693999999998,3.096178e+00,0.2095,tile_30.8740_29.2470,moisture_differential
30.905459999999998,29.278693999999998,2.312059e+00,0.0182,tile_30.8740_29.2470,moisture_differential
30.907643999999998,29.278693999999998,2.271633e+00,0.0084,tile_30.8740_29.2470,moisture_differential
30.908683999999997,29.278693999999998,2.325520e+00,0.0215,tile_30.8740_29.2470,moisture_differential
30.908787999999998,29.278693999999998,2.324446e+00,0.0212,tile_30.8740_29.2470,moisture_differential
30.909412,29.278693999999998,2.309886e+00,0.0177,tile_30.8740_29.2470,moisture_differential
30.909827999999997,29.278693999999998,2.292037e+00,0.0133,tile_30.8740_29.2470,moisture_differential
30.909931999999998,29.278693999999998,2.239486e+00,0.0005,tile_30.8740_29.2470,moisture_differential
30.910244,29.278693999999998,2.760913e+00,0.1277,tile_30.8740_29.2470,moisture_differential
30.912219999999998,29.278693999999998,2.311184e+00,0.0180,tile_30.8740_29.2470,moisture_differential
30.912844,29.278693999999998,2.296392e+00,0.0144,tile_30.8740_29.2470,moisture_differential
30.91378,29.278693999999998,2.583761e+00,0.0845,tile_30.8740_29.2470,moisture_differential
30.913884,29.278693999999998,2.729053e+00,0.1200,tile_30.8740_29.2470,moisture_differential
30.914195999999997,29.278693999999998,2.333650e+00,0.0235,tile_30.8740_29.2470,moisture_differential
30.914611999999998,29.278693999999998,2.638034e+00,0.0977,tile_30.8740_29.2470,moisture_differential
30.915339999999997,29.278693999999998,2.261646e+00,0.0059,tile_30.8740_29.2470,moisture_differential
30.915443999999997,29.278693999999998,2.749432e+00,0.1249,tile_30.8740_29.2470,moisture_differential
30.915547999999998,29.278693999999998,2.437171e+00,0.0487,tile_30.8740_29.2470,moisture_differential
30.915651999999998,29.278693999999998,2.371315e+00,0.0327,tile_30.8740_29.2470,moisture_differential
30.91586,29.278693999999998,2.605573e+00,0.0898,tile_30.8740_29.2470,moisture_differential
30.915964,29.278693999999998,2.403762e+00,0.0406,tile_30.8740_29.2470,moisture_differential
30.917835999999998,29.278693999999998,2.306605e+00,0.0169,tile_30.8740_29.2470,moisture_differential
30.925012,29.278693999999998,2.436906e+00,0.0487,tile_30.8740_29.2470,moisture_differential
30.925116,29.278693999999998,2.247406e+00,0.0025,tile_30.8740_29.2470,moisture_differential
30.925428,29.278693999999998,2.286212e+00,0.0119,tile_30.8740_29.2470,moisture_differential
30.925531999999997,29.278693999999998,2.278173e+00,0.0100,tile_30.8740_29.2470,moisture_differential
30.876652,29.278602,2.291127e+00,0.0131,tile_30.8740_29.2470,moisture_differential
30.893188,29.278602,2.301497e+00,0.0157,tile_30.8740_29.2470,moisture_differential
30.89454,29.278602,2.292617e+00,0.0135,tile_30.8740_29.2470,moisture_differential
30.894644,29.278602,2.286665e+00,0.0120,tile_30.8740_29.2470,moisture_differential
30.896828,29.278602,2.468323e+00,0.0563,tile_30.8740_29.2470,moisture_differential
30.9013,29.278602,2.894108e+00,0.1602,tile_30.8740_29.2470,moisture_differential
30.904628,29.278602,2.327099e+00,0.0219,tile_30.8740_29.2470,moisture_differential
30.905355999999998,29.278602,2.456794e+00,0.0535,tile_30.8740_29.2470,moisture_differential
30.905459999999998,29.278602,2.395819e+00,0.0387,tile_30.8740_29.2470,moisture_differential
30.906916,29.278602,2.336395e+00,0.0242,tile_30.8740_29.2470,moisture_differential
30.90702,29.278602,2.247102e+00,0.0024,tile_30.8740_29.2470,moisture_differential
30.907539999999997,29.278602,2.677297e+00,0.1073,tile_30.8740_29.2470,moisture_differential
30.908268,29.278602,2.333819e+00,0.0235,tile_30.8740_29.2470,moisture_differential
30.908476,29.278602,2.471522e+00,0.0571,tile_30.8740_29.2470,moisture_differential
30.908579999999997,29.278602,3.113885e+00,0.2138,tile_30.8740_29.2470,moisture_differential
30.908683999999997,29.278602,2.570088e+00,0.0812,tile_30.8740_29.2470,moisture_differential
30.909308,29.278602,2.987584e+00,0.1830,tile_30.8740_29.2470,moisture_differential
30.909412,29.278602,3.173940e+00,0.2285,tile_30.8740_29.2470,moisture_differential
30.909516,29.278602,2.634080e+00,0.0968,tile_30.8740_29.2470,moisture_differential
30.909619999999997,29.278602,2.346688e+00,0.0267,tile_30.8740_29.2470,moisture_differential
30.912428,29.278602,2.309740e+00,0.0177,tile_30.8740_29.2470,moisture_differential
30.913676,29.278602,2.383428e+00,0.0356,tile_30.8740_29.2470,moisture_differential
30.914092,29.278602,2.590041e+00,0.0860,tile_30.8740_29.2470,moisture_differential
30.914507999999998,29.278602,2.519753e+00,0.0689,tile_30.8740_29.2470,moisture_differential
30.91586,29.278602,2.358041e+00,0.0294,tile_30.8740_29.2470,moisture_differential
30.915964,29.278602,2.549505e+00,0.0762,tile_30.8740_29.2470,moisture_differential
30.917627999999997,29.278602,2.611933e+00,0.0914,tile_30.8740_29.2470,moisture_differential
30.920748,29.278602,2.427077e+00,0.0463,tile_30.8740_29.2470,moisture_differential
30.92522,29.278602,2.344409e+00,0.0261,tile_30.8740_29.2470,moisture_differential
30.87894,29.27851,2.314981e+00,0.0189,tile_30.8740_29.2470,moisture_differential
30.895788,29.27851,2.375513e+00,0.0337,tile_30.8740_29.2470,moisture_differential
30.903588,29.27851,2.270772e+00,0.0082,tile_30.8740_29.2470,moisture_differential
30.904732,29.27851,2.249221e+00,0.0029,tile_30.8740_29.2470,moisture_differential
30.905355999999998,29.27851,2.326710e+00,0.0218,tile_30.8740_29.2470,moisture_differential
30.905459999999998,29.27851,2.317379e+00,0.0195,tile_30.8740_29.2470,moisture_differential
30.90806,29.27851,2.764970e+00,0.1287,tile_30.8740_29.2470,moisture_differential
30.908164,29.27851,2.291067e+00,0.0131,tile_30.8740_29.2470,moisture_differential
30.908372,29.27851,2.392885e+00,0.0379,tile_30.8740_29.2470,moisture_differential
30.908683999999997,29.27851,2.382595e+00,0.0354,tile_30.8740_29.2470,moisture_differential
30.908787999999998,29.27851,2.385579e+00,0.0362,tile_30.8740_29.2470,moisture_differential
30.909308,29.27851,2.691198e+00,0.1107,tile_30.8740_29.2470,moisture_differential
30.909412,29.27851,2.952056e+00,0.1744,tile_30.8740_29.2470,moisture_differential
30.909516,29.27851,2.340097e+00,0.0251,tile_30.8740_29.2470,moisture_differential
30.909619999999997,29.27851,2.423076e+00,0.0453,tile_30.8740_29.2470,moisture_differential
30.913676,29.27851,2.715165e+00,0.1166,tile_30.8740_29.2470,moisture_differential
30.914403999999998,29.27851,2.445234e+00,0.0507,tile_30.8740_29.2470,moisture_differential
30.914924,29.27851,3.110095e+00,0.2129,tile_30.8740_29.2470,moisture_differential
30.915028,29.27851,2.265577e+00,0.0069,tile_30.8740_29.2470,moisture_differential
30.915236,29.27851,2.531630e+00,0.0718,tile_30.8740_29.2470,moisture_differential
30.918771999999997,29.27851,2.240110e+00,0.0007,tile_30.8740_29.2470,moisture_differential
30.921476,29.27851,2.312548e+00,0.0183,tile_30.8740_29.2470,moisture_differential
30.92314,29.27851,2.248554e+00,0.0027,tile_30.8740_29.2470,moisture_differential
30.924908,29.27851,2.261534e+00,0.0059,tile_30.8740_29.2470,moisture_differential
30.925428,29.27851,2.262685e+00,0.0062,tile_30.8740_29.2470,moisture_differential
30.8779,29.278418,2.692640e+00,0.1111,tile_30.8740_29.2470,moisture_differential
30.89558,29.278418,2.289921e+00,0.0128,tile_30.8740_29.2470,moisture_differential
30.899948,29.278418,2.510070e+00,0.0665,tile_30.8740_29.2470,moisture_differential
30.900779999999997,29.278418,2.297415e+00,0.0147,tile_30.8740_29.2470,moisture_differential
30.900883999999998,29.278418,3.427433e+00,0.2903,tile_30.8740_29.2470,moisture_differential
30.900987999999998,29.278418,2.389046e+00,0.0370,tile_30.8740_29.2470,moisture_differential
30.901612,29.278418,2.667302e+00,0.1049,tile_30.8740_29.2470,moisture_differential
30.901715999999997,29.278418,2.331498e+00,0.0230,tile_30.8740_29.2470,moisture_differential
30.903275999999998,29.278418,2.625858e+00,0.0948,tile_30.8740_29.2470,moisture_differential
30.9039,29.278418,2.338574e+00,0.0247,tile_30.8740_29.2470,moisture_differential
30.904732,29.278418,3.126496e+00,0.2169,tile_30.8740_29.2470,moisture_differential
30.904836,29.278418,2.362729e+00,0.0306,tile_30.8740_29.2470,moisture_differential
30.905355999999998,29.278418,2.318032e+00,0.0197,tile_30.8740_29.2470,moisture_differential
30.907124,29.278418,2.701910e+00,0.1133,tile_30.8740_29.2470,moisture_differential
30.908164,29.278418,2.272531e+00,0.0086,tile_30.8740_29.2470,moisture_differential
30.908372,29.278418,2.420033e+00,0.0446,tile_30.8740_29.2470,moisture_differential
30.908891999999998,29.278418,2.342715e+00,0.0257,tile_30.8740_29.2470,moisture_differential
30.913676,29.278418,2.661636e+00,0.1035,tile_30.8740_29.2470,moisture_differential
30.91378,29.278418,2.400828e+00,0.0399,tile_30.8740_29.2470,moisture_differential
30.914403999999998,29.278418,2.281253e+00,0.0107,tile_30.8740_29.2470,moisture_differential
30.914507999999998,29.278418,2.367040e+00,0.0316,tile_30.8740_29.2470,moisture_differential
30.91482,29.278418,2.587587e+00,0.0854,tile_30.8740_29.2470,moisture_differential
30.914924,29.278418,2.675952e+00,0.1070,tile_30.8740_29.2470,moisture_differential
30.915339999999997,29.278418,2.323001e+00,0.0209,tile_30.8740_29.2470,moisture_differential
30.918148,29.278418,2.285500e+00,0.0117,tile_30.8740_29.2470,moisture_differential
30.918667999999997,29.278418,2.438222e+00,0.0490,tile_30.8740_29.2470,moisture_differential
30.923347999999997,29.278418,2.245339e+00,0.0020,tile_30.8740_29.2470,moisture_differential
30.925531999999997,29.278418,2.243690e+00,0.0015,tile_30.8740_29.2470,moisture_differential
30.895684,29.278326,2.461819e+00,0.0548,tile_30.8740_29.2470,moisture_differential
30.89662,29.278326,2.584905e+00,0.0848,tile_30.8740_29.2470,moisture_differential
30.896724,29.278326,2.491775e+00,0.0621,tile_30.8740_29.2470,moisture_differential
30.901508,29.278326,3.277351e+00,0.2537,tile_30.8740_29.2470,moisture_differential
30.903796,29.278326,2.357397e+00,0.0293,tile_30.8740_29.2470,moisture_differential
30.904628,29.278326,2.421876e+00,0.0450,tile_30.8740_29.2470,moisture_differential
30.904732,29.278326,3.093244e+00,0.2088,tile_30.8740_29.2470,moisture_differential
30.904836,29.278326,3.041263e+00,0.1961,tile_30.8740_29.2470,moisture_differential
30.90494,29.278326,2.497174e+00,0.0634,tile_30.8740_29.2470,moisture_differential
30.906084,29.278326,2.267036e+00,0.0072,tile_30.8740_29.2470,moisture_differential
30.906188,29.278326,2.376791e+00,0.0340,tile_30.8740_29.2470,moisture_differential
30.907747999999998,29.278326,2.392634e+00,0.0379,tile_30.8740_29.2470,moisture_differential
30.909516,29.278326,2.531910e+00,0.0719,tile_30.8740_29.2470,moisture_differential
30.909619999999997,29.278326,2.542397e+00,0.0744,tile_30.8740_29.2470,moisture_differential
30.913363999999998,29.278326,2.572200e+00,0.0817,tile_30.8740_29.2470,moisture_differential
30.91378,29.278326,2.439954e+00,0.0494,tile_30.8740_29.2470,moisture_differential
30.914092,29.278326,2.327975e+00,0.0221,tile_30.8740_29.2470,moisture_differential
30.914611999999998,29.278326,2.317265e+00,0.0195,tile_30.8740_29.2470,moisture_differential
30.914924,29.278326,3.494371e+00,0.3066,tile_30.8740_29.2470,moisture_differential
30.915028,29.278326,2.788046e+00,0.1343,tile_30.8740_29.2470,moisture_differential
30.916068,29.278326,2.452522e+00,0.0525,tile_30.8740_29.2470,moisture_differential
30.919083999999998,29.278326,2.381867e+00,0.0353,tile_30.8740_29.2470,moisture_differential
30.923451999999997,29.278326,2.451662e+00,0.0523,tile_30.8740_29.2470,moisture_differential
30.923555999999998,29.278326,2.666230e+00,0.1046,tile_30.8740_29.2470,moisture_differential
30.925531999999997,29.278326,2.247347e+00,0.0024,tile_30.8740_29.2470,moisture_differential
30.8831,29.278234,2.530018e+00,0.0714,tile_30.8740_29.2470,moisture_differential
30.889132,29.278234,2.257536e+00,0.0049,tile_30.8740_29.2470,moisture_differential
30.899739999999998,29.278234,2.488774e+00,0.0613,tile_30.8740_29.2470,moisture_differential
30.899843999999998,29.278234,2.329897e+00,0.0226,tile_30.8740_29.2470,moisture_differential
30.901404,29.278234,2.979579e+00,0.1811,tile_30.8740_29.2470,moisture_differential
30.901508,29.278234,2.884221e+00,0.1578,tile_30.8740_29.2470,moisture_differential
30.904524,29.278234,2.334592e+00,0.0237,tile_30.8740_29.2470,moisture_differential
30.904628,29.278234,2.529182e+00,0.0712,tile_30.8740_29.2470,moisture_differential
30.904732,29.278234,2.385986e+00,0.0363,tile_30.8740_29.2470,moisture_differential
30.904836,29.278234,3.282916e+00,0.2551,tile_30.8740_29.2470,moisture_differential
30.90494,29.278234,2.709317e+00,0.1151,tile_30.8740_29.2470,moisture_differential
30.905147999999997,29.278234,2.865375e+00,0.1532,tile_30.8740_29.2470,moisture_differential
30.906291999999997,29.278234,2.295228e+00,0.0141,tile_30.8740_29.2470,moisture_differential
30.906395999999997,29.278234,2.482132e+00,0.0597,tile_30.8740_29.2470,moisture_differential
30.908891999999998,29.278234,2.534986e+00,0.0726,tile_30.8740_29.2470,moisture_differential
30.908996,29.278234,2.817149e+00,0.1414,tile_30.8740_29.2470,moisture_differential
30.9091,29.278234,2.421581e+00,0.0449,tile_30.8740_29.2470,moisture_differential
30.909412,29.278234,2.765889e+00,0.1289,tile_30.8740_29.2470,moisture_differential
30.909516,29.278234,2.708121e+00,0.1148,tile_30.8740_29.2470,moisture_differential
30.909619999999997,29.278234,2.430186e+00,0.0470,tile_30.8740_29.2470,moisture_differential
30.914507999999998,29.278234,2.328157e+00,0.0222,tile_30.8740_29.2470,moisture_differential
30.914611999999998,29.278234,2.333133e+00,0.0234,tile_30.8740_29.2470,moisture_differential
30.91482,29.278234,2.328949e+00,0.0223,tile_30.8740_29.2470,moisture_differential
30.914924,29.278234,2.562636e+00,0.0794,tile_30.8740_29.2470,moisture_differential
30.915028,29.278234,2.447953e+00,0.0514,tile_30.8740_29.2470,moisture_differential
30.915443999999997,29.278234,2.338418e+00,0.0247,tile_30.8740_29.2470,moisture_differential
30.91638,29.278234,2.455065e+00,0.0531,tile_30.8740_29.2470,moisture_differential
30.919083999999998,29.278234,2.824797e+00,0.1433,tile_30.8740_29.2470,moisture_differential
30.919188,29.278234,2.303102e+00,0.0160,tile_30.8740_29.2470,moisture_differential
30.923555999999998,29.278234,2.358218e+00,0.0295,tile_30.8740_29.2470,moisture_differential
30.877588,29.278142,2.442572e+00,0.0501,tile_30.8740_29.2470,moisture_differential
30.877692,29.278142,2.396017e+00,0.0387,tile_30.8740_29.2470,moisture_differential
30.877796,29.278142,2.581731e+00,0.0840,tile_30.8740_29.2470,moisture_differential
30.8779,29.278142,2.464020e+00,0.0553,tile_30.8740_29.2470,moisture_differential
30.882996,29.278142,2.599414e+00,0.0883,tile_30.8740_29.2470,moisture_differential
30.8831,29.278142,2.699237e+00,0.1127,tile_30.8740_29.2470,moisture_differential
30.894228,29.278142,2.484620e+00,0.0603,tile_30.8740_29.2470,moisture_differential
30.895996,29.278142,2.373477e+00,0.0332,tile_30.8740_29.2470,moisture_differential
30.896099999999997,29.278142,2.398716e+00,0.0394,tile_30.8740_29.2470,moisture_differential
30.896203999999997,29.278142,3.022970e+00,0.1917,tile_30.8740_29.2470,moisture_differential
30.896307999999998,29.278142,2.257392e+00,0.0049,tile_30.8740_29.2470,moisture_differential
30.896411999999998,29.278142,2.499780e+00,0.0640,tile_30.8740_29.2470,moisture_differential
30.896828,29.278142,2.369033e+00,0.0321,tile_30.8740_29.2470,moisture_differential
30.896932,29.278142,2.512575e+00,0.0671,tile_30.8740_29.2470,moisture_differential
30.897868,29.278142,3.083958e+00,0.2065,tile_30.8740_29.2470,moisture_differential
30.897972,29.278142,2.815491e+00,0.1410,tile_30.8740_29.2470,moisture_differential
30.899739999999998,29.278142,2.401176e+00,0.0400,tile_30.8740_29.2470,moisture_differential
30.899843999999998,29.278142,2.754900e+00,0.1263,tile_30.8740_29.2470,moisture_differential
30.90026,29.278142,2.508941e+00,0.0663,tile_30.8740_29.2470,moisture_differential
30.902444,29.278142,2.291895e+00,0.0133,tile_30.8740_29.2470,moisture_differential
30.902548,29.278142,2.506644e+00,0.0657,tile_30.8740_29.2470,moisture_differential
30.90442,29.278142,2.497256e+00,0.0634,tile_30.8740_29.2470,moisture_differential
30.904524,29.278142,2.809495e+00,0.1396,tile_30.8740_29.2470,moisture_differential
30.904628,29.278142,2.779633e+00,0.1323,tile_30.8740_29.2470,moisture_differential
30.904732,29.278142,3.094946e+00,0.2092,tile_30.8740_29.2470,moisture_differential
30.904836,29.278142,3.207583e+00,0.2367,tile_30.8740_29.2470,moisture_differential
30.90494,29.278142,2.805052e+00,0.1385,tile_30.8740_29.2470,moisture_differential
30.907332,29.278142,2.566296e+00,0.0802,tile_30.8740_29.2470,moisture_differential
30.908372,29.278142,2.546413e+00,0.0754,tile_30.8740_29.2470,moisture_differential
30.909619999999997,29.278142,2.946545e+00,0.1730,tile_30.8740_29.2470,moisture_differential
30.909723999999997,29.278142,2.388738e+00,0.0369,tile_30.8740_29.2470,moisture_differential
30.913676,29.278142,2.311146e+00,0.0180,tile_30.8740_29.2470,moisture_differential
30.914611999999998,29.278142,2.499649e+00,0.0640,tile_30.8740_29.2470,moisture_differential
30.914716,29.278142,2.300670e+00,0.0155,tile_30.8740_29.2470,moisture_differential
30.91482,29.278142,2.404054e+00,0.0407,tile_30.8740_29.2470,moisture_differential
30.915236,29.278142,2.312987e+00,0.0185,tile_30.8740_29.2470,moisture_differential
30.915339999999997,29.278142,2.329446e+00,0.0225,tile_30.8740_29.2470,moisture_differential
30.915443999999997,29.278142,2.252392e+00,0.0037,tile_30.8740_29.2470,moisture_differential
30.918979999999998,29.278142,2.600706e+00,0.0886,tile_30.8740_29.2470,moisture_differential
30.922724,29.278142,2.308606e+00,0.0174,tile_30.8740_29.2470,moisture_differential
30.925116,29.278142,2.444832e+00,0.0506,tile_30.8740_29.2470,moisture_differential
30.925947999999998,29.278142,2.262587e+00,0.0062,tile_30.8740_29.2470,moisture_differential
30.877588,29.27805,2.338198e+00,0.0246,tile_30.8740_29.2470,moisture_differential
30.89454,29.27805,2.449224e+00,0.0517,tile_30.8740_29.2470,moisture_differential
30.894748,29.27805,2.539861e+00,0.0738,tile_30.8740_29.2470,moisture_differential
30.894852,29.27805,2.830182e+00,0.1446,tile_30.8740_29.2470,moisture_differential
30.894955999999997,29.27805,3.121711e+00,0.2157,tile_30.8740_29.2470,moisture_differential
30.896724,29.27805,2.239604e+00,0.0006,tile_30.8740_29.2470,moisture_differential
30.896828,29.27805,2.447372e+00,0.0512,tile_30.8740_29.2470,moisture_differential
30.899843999999998,29.27805,2.527934e+00,0.0709,tile_30.8740_29.2470,moisture_differential
30.899948,29.27805,2.459163e+00,0.0541,tile_30.8740_29.2470,moisture_differential
30.900052,29.27805,2.320282e+00,0.0202,tile_30.8740_29.2470,moisture_differential
30.90338,29.27805,2.486435e+00,0.0608,tile_30.8740_29.2470,moisture_differential
30.9039,29.27805,2.305906e+00,0.0167,tile_30.8740_29.2470,moisture_differential
30.904003999999997,29.27805,2.338006e+00,0.0246,tile_30.8740_29.2470,moisture_differential
30.90442,29.27805,2.278023e+00,0.0099,tile_30.8740_29.2470,moisture_differential
30.904524,29.27805,2.345304e+00,0.0263,tile_30.8740_29.2470,moisture_differential
30.904732,29.27805,2.496166e+00,0.0631,tile_30.8740_29.2470,moisture_differential
30.904836,29.27805,2.560249e+00,0.0788,tile_30.8740_29.2470,moisture_differential
30.905772,29.27805,2.504966e+00,0.0653,tile_30.8740_29.2470,moisture_differential
30.905876,29.27805,2.247836e+00,0.0026,tile_30.8740_29.2470,moisture_differential
30.907435999999997,29.27805,2.477233e+00,0.0585,tile_30.8740_29.2470,moisture_differential
30.907956,29.27805,2.306425e+00,0.0169,tile_30.8740_29.2470,moisture_differential
30.908372,29.27805,2.527251e+00,0.0707,tile_30.8740_29.2470,moisture_differential
30.909516,29.27805,2.442520e+00,0.0501,tile_30.8740_29.2470,moisture_differential
30.909619999999997,29.27805,2.565938e+00,0.0802,tile_30.8740_29.2470,moisture_differential
30.914403999999998,29.27805,2.264864e+00,0.0067,tile_30.8740_29.2470,moisture_differential
30.915028,29.27805,2.381757e+00,0.0352,tile_30.8740_29.2470,moisture_differential
30.915132,29.27805,2.659710e+00,0.1030,tile_30.8740_29.2470,moisture_differential
30.915236,29.27805,2.800235e+00,0.1373,tile_30.8740_29.2470,moisture_differential
30.918875999999997,29.27805,2.261466e+00,0.0059,tile_30.8740_29.2470,moisture_differential
30.923243999999997,29.27805,2.668345e+00,0.1051,tile_30.8740_29.2470,moisture_differential
30.92522,29.27805,2.474192e+00,0.0578,tile_30.8740_29.2470,moisture_differential
30.925947999999998,29.27805,2.733069e+00,0.1209,tile_30.8740_29.2470,moisture_differential
30.889964,29.277957999999998,2.783805e+00,0.1333,tile_30.8740_29.2470,moisture_differential
30.89454,29.277957999999998,2.252901e+00,0.0038,tile_30.8740_29.2470,moisture_differential
30.894644,29.277957999999998,2.536400e+00,0.0730,tile_30.8740_29.2470,moisture_differential
30.894748,29.277957999999998,2.863479e+00,0.1527,tile_30.8740_29.2470,moisture_differential
30.894852,29.277957999999998,3.460759e+00,0.2984,tile_30.8740_29.2470,moisture_differential
30.894955999999997,29.277957999999998,2.530340e+00,0.0715,tile_30.8740_29.2470,moisture_differential
30.89662,29.277957999999998,2.306696e+00,0.0169,tile_30.8740_29.2470,moisture_differential
30.899428,29.277957999999998,2.589454e+00,0.0859,tile_30.8740_29.2470,moisture_differential
30.900156,29.277957999999998,2.355776e+00,0.0289,tile_30.8740_29.2470,moisture_differential
30.904836,29.277957999999998,2.982708e+00,0.1818,tile_30.8740_29.2470,moisture_differential
30.907956,29.277957999999998,2.371760e+00,0.0328,tile_30.8740_29.2470,moisture_differential
30.90806,29.277957999999998,2.660142e+00,0.1031,tile_30.8740_29.2470,moisture_differential
30.908164,29.277957999999998,2.268803e+00,0.0077,tile_30.8740_29.2470,moisture_differential
30.908268,29.277957999999998,2.326118e+00,0.0217,tile_30.8740_29.2470,moisture_differential
30.908996,29.277957999999998,2.245476e+00,0.0020,tile_30.8740_29.2470,moisture_differential
30.909619999999997,29.277957999999998,2.287990e+00,0.0124,tile_30.8740_29.2470,moisture_differential
30.909723999999997,29.277957999999998,2.590698e+00,0.0862,tile_30.8740_29.2470,moisture_differential
30.909827999999997,29.277957999999998,2.400823e+00,0.0399,tile_30.8740_29.2470,moisture_differential
30.909931999999998,29.277957999999998,2.360828e+00,0.0301,tile_30.8740_29.2470,moisture_differential
30.91014,29.277957999999998,2.598499e+00,0.0881,tile_30.8740_29.2470,moisture_differential
30.910244,29.277957999999998,2.381636e+00,0.0352,tile_30.8740_29.2470,moisture_differential
30.915132,29.277957999999998,2.622651e+00,0.0940,tile_30.8740_29.2470,moisture_differential
30.915236,29.277957999999998,2.892546e+00,0.1598,tile_30.8740_29.2470,moisture_differential
30.918356,29.277957999999998,2.239454e+00,0.0005,tile_30.8740_29.2470,moisture_differential
30.919292,29.277957999999998,2.412685e+00,0.0428,tile_30.8740_29.2470,moisture_differential
30.919396,29.277957999999998,2.692143e+00,0.1109,tile_30.8740_29.2470,moisture_differential
30.92314,29.277957999999998,2.640491e+00,0.0983,tile_30.8740_29.2470,moisture_differential
30.923243999999997,29.277957999999998,2.425932e+00,0.0460,tile_30.8740_29.2470,moisture_differential
30.923347999999997,29.277957999999998,2.491560e+00,0.0620,tile_30.8740_29.2470,moisture_differential
30.925116,29.277957999999998,2.250212e+00,0.0031,tile_30.8740_29.2470,moisture_differential
30.92522,29.277957999999998,2.379718e+00,0.0347,tile_30.8740_29.2470,moisture_differential
30.925843999999998,29.277957999999998,2.291319e+00,0.0132,tile_30.8740_29.2470,moisture_differential
30.889132,29.277866,2.261323e+00,0.0059,tile_30.8740_29.2470,moisture_differential
30.891316,29.277866,2.539398e+00,0.0737,tile_30.8740_29.2470,moisture_differential
30.89142,29.277866,2.481785e+00,0.0596,tile_30.8740_29.2470,moisture_differential
30.894748,29.277866,2.806592e+00,0.1389,tile_30.8740_29.2470,moisture_differential
30.894852,29.277866,2.880724e+00,0.1570,tile_30.8740_29.2470,moisture_differential
30.896516,29.277866,2.643515e+00,0.0991,tile_30.8740_29.2470,moisture_differential
30.89662,29.277866,2.359813e+00,0.0299,tile_30.8740_29.2470,moisture_differential
30.902027999999998,29.277866,2.515846e+00,0.0679,tile_30.8740_29.2470,moisture_differential
30.903588,29.277866,2.464613e+00,0.0554,tile_30.8740_29.2470,moisture_differential
30.908164,29.277866,2.368003e+00,0.0319,tile_30.8740_29.2470,moisture_differential
30.908268,29.277866,2.701879e+00,0.1133,tile_30.8740_29.2470,moisture_differential
30.908372,29.277866,2.496553e+00,0.0632,tile_30.8740_29.2470,moisture_differential
30.908891999999998,29.277866,2.575805e+00,0.0826,tile_30.8740_29.2470,moisture_differential
30.909412,29.277866,2.564087e+00,0.0797,tile_30.8740_29.2470,moisture_differential
30.909516,29.277866,2.473294e+00,0.0576,tile_30.8740_29.2470,moisture_differential
30.910035999999998,29.277866,2.472065e+00,0.0573,tile_30.8740_29.2470,moisture_differential
30.91014,29.277866,2.774596e+00,0.1311,tile_30.8740_29.2470,moisture_differential
30.914403999999998,29.277866,2.402409e+00,0.0403,tile_30.8740_29.2470,moisture_differential
30.91482,29.277866,2.568824e+00,0.0809,tile_30.8740_29.2470,moisture_differential
30.914924,29.277866,2.580471e+00,0.0837,tile_30.8740_29.2470,moisture_differential
30.915028,29.277866,2.567764e+00,0.0806,tile_30.8740_29.2470,moisture_differential
30.915132,29.277866,2.362084e+00,0.0304,tile_30.8740_29.2470,moisture_differential
30.915236,29.277866,2.533063e+00,0.0721,tile_30.8740_29.2470,moisture_differential
30.915339999999997,29.277866,2.453328e+00,0.0527,tile_30.8740_29.2470,moisture_differential
30.915651999999998,29.277866,2.463625e+00,0.0552,tile_30.8740_29.2470,moisture_differential
30.917004,29.277866,2.417125e+00,0.0439,tile_30.8740_29.2470,moisture_differential
30.918044,29.277866,2.463664e+00,0.0552,tile_30.8740_29.2470,moisture_differential
30.918667999999997,29.277866,2.332885e+00,0.0233,tile_30.8740_29.2470,moisture_differential
30.877067999999998,29.277774,2.402677e+00,0.0403,tile_30.8740_29.2470,moisture_differential
30.877171999999998,29.277774,2.505079e+00,0.0653,tile_30.8740_29.2470,moisture_differential
30.89142,29.277774,2.398653e+00,0.0394,tile_30.8740_29.2470,moisture_differential
30.89246,29.277774,2.373761e+00,0.0333,tile_30.8740_29.2470,moisture_differential
30.893188,29.277774,2.240904e+00,0.0009,tile_30.8740_29.2470,moisture_differential
30.894748,29.277774,2.348548e+00,0.0271,tile_30.8740_29.2470,moisture_differential
30.895996,29.277774,2.335378e+00,0.0239,tile_30.8740_29.2470,moisture_differential
30.897868,29.277774,2.351092e+00,0.0278,tile_30.8740_29.2470,moisture_differential
30.899531999999997,29.277774,2.326728e+00,0.0218,tile_30.8740_29.2470,moisture_differential
30.899635999999997,29.277774,2.509726e+00,0.0664,tile_30.8740_29.2470,moisture_differential
30.903692,29.277774,2.284455e+00,0.0115,tile_30.8740_29.2470,moisture_differential
30.905147999999997,29.277774,2.388653e+00,0.0369,tile_30.8740_29.2470,moisture_differential
30.908268,29.277774,2.255158e+00,0.0043,tile_30.8740_29.2470,moisture_differential
30.908372,29.277774,2.354231e+00,0.0285,tile_30.8740_29.2470,moisture_differential
30.908476,29.277774,2.257092e+00,0.0048,tile_30.8740_29.2470,moisture_differential
30.914403999999998,29.277774,2.484101e+00,0.0602,tile_30.8740_29.2470,moisture_differential
30.914924,29.277774,2.314620e+00,0.0189,tile_30.8740_29.2470,moisture_differential
30.915028,29.277774,2.559913e+00,0.0787,tile_30.8740_29.2470,moisture_differential
30.915132,29.277774,3.091285e+00,0.2083,tile_30.8740_29.2470,moisture_differential
30.915236,29.277774,2.713979e+00,0.1163,tile_30.8740_29.2470,moisture_differential
30.915651999999998,29.277774,2.249440e+00,0.0030,tile_30.8740_29.2470,moisture_differential
30.917108,29.277774,2.517965e+00,0.0685,tile_30.8740_29.2470,moisture_differential
30.918771999999997,29.277774,2.434795e+00,0.0482,tile_30.8740_29.2470,moisture_differential
30.918875999999997,29.277774,2.752389e+00,0.1256,tile_30.8740_29.2470,moisture_differential
30.919083999999998,29.277774,2.446599e+00,0.0510,tile_30.8740_29.2470,moisture_differential
30.919188,29.277774,2.525239e+00,0.0702,tile_30.8740_29.2470,moisture_differential
30.877067999999998,29.277682,2.294113e+00,0.0139,tile_30.8740_29.2470,moisture_differential
30.877171999999998,29.277682,3.131480e+00,0.2181,tile_30.8740_29.2470,moisture_differential
30.877276,29.277682,2.545917e+00,0.0753,tile_30.8740_29.2470,moisture_differential
30.88674,29.277682,2.310674e+00,0.0179,tile_30.8740_29.2470,moisture_differential
30.894332,29.277682,2.316841e+00,0.0194,tile_30.8740_29.2470,moisture_differential
30.894436,29.277682,2.746384e+00,0.1242,tile_30.8740_29.2470,moisture_differential
30.89558,29.277682,2.303747e+00,0.0162,tile_30.8740_29.2470,moisture_differential
30.896516,29.277682,2.320748e+00,0.0203,tile_30.8740_29.2470,moisture_differential
30.898595999999998,29.277682,2.249021e+00,0.0029,tile_30.8740_29.2470,moisture_differential
30.901923999999998,29.277682,2.534883e+00,0.0726,tile_30.8740_29.2470,moisture_differential
30.902756,29.277682,2.582539e+00,0.0842,tile_30.8740_29.2470,moisture_differential
30.903484,29.277682,2.587990e+00,0.0855,tile_30.8740_29.2470,moisture_differential
30.903588,29.277682,2.291023e+00,0.0131,tile_30.8740_29.2470,moisture_differential
30.905459999999998,29.277682,2.500726e+00,0.0643,tile_30.8740_29.2470,moisture_differential
30.905668,29.277682,2.526104e+00,0.0704,tile_30.8740_29.2470,moisture_differential
30.906499999999998,29.277682,3.115335e+00,0.2142,tile_30.8740_29.2470,moisture_differential
30.906603999999998,29.277682,2.315004e+00,0.0189,tile_30.8740_29.2470,moisture_differential
30.907747999999998,29.277682,2.252413e+00,0.0037,tile_30.8740_29.2470,moisture_differential
30.908164,29.277682,2.648543e+00,0.1003,tile_30.8740_29.2470,moisture_differential
30.908372,29.277682,2.506679e+00,0.0657,tile_30.8740_29.2470,moisture_differential
30.908891999999998,29.277682,2.335116e+00,0.0239,tile_30.8740_29.2470,moisture_differential
30.91014,29.277682,2.617058e+00,0.0926,tile_30.8740_29.2470,moisture_differential
30.915028,29.277682,2.860759e+00,0.1521,tile_30.8740_29.2470,moisture_differential
30.915132,29.277682,3.063360e+00,0.2015,tile_30.8740_29.2470,moisture_differential
30.915236,29.277682,2.975816e+00,0.1801,tile_30.8740_29.2470,moisture_differential
30.915339999999997,29.277682,2.365493e+00,0.0313,tile_30.8740_29.2470,moisture_differential
30.918771999999997,29.277682,2.246116e+00,0.0021,tile_30.8740_29.2470,moisture_differential
30.921996,29.277682,2.754962e+00,0.1263,tile_30.8740_29.2470,moisture_differential
30.877171999999998,29.27759,2.704214e+00,0.1139,tile_30.8740_29.2470,moisture_differential
30.877276,29.27759,3.267546e+00,0.2513,tile_30.8740_29.2470,moisture_differential
30.87738,29.27759,2.301127e+00,0.0156,tile_30.8740_29.2470,moisture_differential
30.894332,29.27759,2.395630e+00,0.0386,tile_30.8740_29.2470,moisture_differential
30.894436,29.27759,2.964047e+00,0.1773,tile_30.8740_29.2470,moisture_differential
30.89454,29.27759,2.399642e+00,0.0396,tile_30.8740_29.2470,moisture_differential
30.896828,29.27759,2.316387e+00,0.0193,tile_30.8740_29.2470,moisture_differential
30.897347999999997,29.27759,2.253125e+00,0.0039,tile_30.8740_29.2470,moisture_differential
30.900052,29.27759,2.294025e+00,0.0138,tile_30.8740_29.2470,moisture_differential
30.901923999999998,29.27759,2.250313e+00,0.0032,tile_30.8740_29.2470,moisture_differential
30.902027999999998,29.27759,2.662687e+00,0.1038,tile_30.8740_29.2470,moisture_differential
30.902131999999998,29.27759,2.306601e+00,0.0169,tile_30.8740_29.2470,moisture_differential
30.902756,29.27759,2.440789e+00,0.0496,tile_30.8740_29.2470,moisture_differential
30.903067999999998,29.27759,2.307739e+00,0.0172,tile_30.8740_29.2470,moisture_differential
30.906395999999997,29.27759,2.599545e+00,0.0884,tile_30.8740_29.2470,moisture_differential
30.906603999999998,29.27759,2.632667e+00,0.0964,tile_30.8740_29.2470,moisture_differential
30.907747999999998,29.27759,2.422988e+00,0.0453,tile_30.8740_29.2470,moisture_differential
30.907852,29.27759,2.452448e+00,0.0525,tile_30.8740_29.2470,moisture_differential
30.90806,29.27759,2.558251e+00,0.0783,tile_30.8740_29.2470,moisture_differential
30.908164,29.27759,2.416542e+00,0.0437,tile_30.8740_29.2470,moisture_differential
30.908268,29.27759,2.386472e+00,0.0364,tile_30.8740_29.2470,moisture_differential
30.908372,29.27759,2.324801e+00,0.0213,tile_30.8740_29.2470,moisture_differential
30.908891999999998,29.27759,2.332962e+00,0.0233,tile_30.8740_29.2470,moisture_differential
30.909619999999997,29.27759,2.599668e+00,0.0884,tile_30.8740_29.2470,moisture_differential
30.909723999999997,29.27759,2.386630e+00,0.0364,tile_30.8740_29.2470,moisture_differential
30.915028,29.27759,2.585723e+00,0.0850,tile_30.8740_29.2470,moisture_differential
30.915132,29.27759,2.238338e+00,0.0002,tile_30.8740_29.2470,moisture_differential
30.915236,29.27759,2.256603e+00,0.0047,tile_30.8740_29.2470,moisture_differential
30.915443999999997,29.27759,2.347946e+00,0.0270,tile_30.8740_29.2470,moisture_differential
30.915756,29.27759,2.336657e+00,0.0242,tile_30.8740_29.2470,moisture_differential
30.918044,29.27759,2.240256e+00,0.0007,tile_30.8740_29.2470,moisture_differential
30.922099999999997,29.27759,2.489635e+00,0.0615,tile_30.8740_29.2470,moisture_differential
30.923555999999998,29.27759,2.374578e+00,0.0335,tile_30.8740_29.2470,moisture_differential
30.923659999999998,29.27759,2.277385e+00,0.0098,tile_30.8740_29.2470,moisture_differential
30.925531999999997,29.27759,3.279764e+00,0.2543,tile_30.8740_29.2470,moisture_differential
30.877276,29.277497999999998,2.563730e+00,0.0796,tile_30.8740_29.2470,moisture_differential
30.879668,29.277497999999998,2.327006e+00,0.0219,tile_30.8740_29.2470,moisture_differential
30.890691999999998,29.277497999999998,2.349015e+00,0.0272,tile_30.8740_29.2470,moisture_differential
30.89766,29.277497999999998,2.601523e+00,0.0888,tile_30.8740_29.2470,moisture_differential
30.899843999999998,29.277497999999998,2.285020e+00,0.0116,tile_30.8740_29.2470,moisture_differential
30.899948,29.277497999999998,2.250129e+00,0.0031,tile_30.8740_29.2470,moisture_differential
30.901715999999997,29.277497999999998,2.375313e+00,0.0337,tile_30.8740_29.2470,moisture_differential
30.902756,29.277497999999998,2.608196e+00,0.0905,tile_30.8740_29.2470,moisture_differential
30.905355999999998,29.277497999999998,2.281333e+00,0.0107,tile_30.8740_29.2470,moisture_differential
30.906395999999997,29.277497999999998,2.571036e+00,0.0814,tile_30.8740_29.2470,moisture_differential
30.906499999999998,29.277497999999998,2.624920e+00,0.0945,tile_30.8740_29.2470,moisture_differential
30.90806,29.277497999999998,2.372980e+00,0.0331,tile_30.8740_29.2470,moisture_differential
30.908164,29.277497999999998,2.923344e+00,0.1673,tile_30.8740_29.2470,moisture_differential
30.908268,29.277497999999998,2.831062e+00,0.1448,tile_30.8740_29.2470,moisture_differential
30.909516,29.277497999999998,2.347870e+00,0.0270,tile_30.8740_29.2470,moisture_differential
30.909827999999997,29.277497999999998,2.276300e+00,0.0095,tile_30.8740_29.2470,moisture_differential
30.913155999999997,29.277497999999998,2.422213e+00,0.0451,tile_30.8740_29.2470,moisture_differential
30.915132,29.277497999999998,2.693593e+00,0.1113,tile_30.8740_29.2470,moisture_differential
30.915443999999997,29.277497999999998,2.813870e+00,0.1406,tile_30.8740_29.2470,moisture_differential
30.915547999999998,29.277497999999998,2.604877e+00,0.0897,tile_30.8740_29.2470,moisture_differential
30.915651999999998,29.277497999999998,2.292212e+00,0.0134,tile_30.8740_29.2470,moisture_differential
30.916172,29.277497999999998,2.343553e+00,0.0259,tile_30.8740_29.2470,moisture_differential
30.91846,29.277497999999998,2.357221e+00,0.0292,tile_30.8740_29.2470,moisture_differential
30.919188,29.277497999999998,2.364324e+00,0.0310,tile_30.8740_29.2470,moisture_differential
30.920748,29.277497999999998,2.564715e+00,0.0799,tile_30.8740_29.2470,moisture_differential
30.922099999999997,29.277497999999998,2.248590e+00,0.0027,tile_30.8740_29.2470,moisture_differential
30.923347999999997,29.277497999999998,2.787052e+00,0.1341,tile_30.8740_29.2470,moisture_differential
30.923555999999998,29.277497999999998,2.254852e+00,0.0043,tile_30.8740_29.2470,moisture_differential
30.923659999999998,29.277497999999998,2.449705e+00,0.0518,tile_30.8740_29.2470,moisture_differential
30.923764,29.277497999999998,2.598027e+00,0.0880,tile_30.8740_29.2470,moisture_differential
30.925843999999998,29.277497999999998,2.281578e+00,0.0108,tile_30.8740_29.2470,moisture_differential
30.876859999999997,29.277406,2.323524e+00,0.0210,tile_30.8740_29.2470,moisture_differential
30.87894,29.277406,2.295888e+00,0.0143,tile_30.8740_29.2470,moisture_differential
30.879044,29.277406,2.479553e+00,0.0591,tile_30.8740_29.2470,moisture_differential
30.879459999999998,29.277406,2.284161e+00,0.0114,tile_30.8740_29.2470,moisture_differential
30.895372,29.277406,2.297657e+00,0.0147,tile_30.8740_29.2470,moisture_differential
30.895476,29.277406,2.334816e+00,0.0238,tile_30.8740_29.2470,moisture_differential
30.89766,29.277406,2.840909e+00,0.1472,tile_30.8740_29.2470,moisture_differential
30.899324,29.277406,2.302736e+00,0.0160,tile_30.8740_29.2470,moisture_differential
30.900364,29.277406,2.242084e+00,0.0012,tile_30.8740_29.2470,moisture_differential
30.900883999999998,29.277406,2.876649e+00,0.1560,tile_30.8740_29.2470,moisture_differential
30.902652,29.277406,2.812918e+00,0.1404,tile_30.8740_29.2470,moisture_differential
30.904628,29.277406,2.425236e+00,0.0458,tile_30.8740_29.2470,moisture_differential
30.907228,29.277406,2.612670e+00,0.0916,tile_30.8740_29.2470,moisture_differential
30.909204,29.277406,2.256298e+00,0.0046,tile_30.8740_29.2470,moisture_differential
30.909308,29.277406,2.477225e+00,0.0585,tile_30.8740_29.2470,moisture_differential
30.909412,29.277406,2.652264e+00,0.1012,tile_30.8740_29.2470,moisture_differential
30.909516,29.277406,2.548731e+00,0.0760,tile_30.8740_29.2470,moisture_differential
30.910348,29.277406,2.443365e+00,0.0503,tile_30.8740_29.2470,moisture_differential
30.918979999999998,29.277406,2.401188e+00,0.0400,tile_30.8740_29.2470,moisture_differential
30.923243999999997,29.277406,2.515265e+00,0.0678,tile_30.8740_29.2470,moisture_differential
30.923347999999997,29.277406,3.398040e+00,0.2831,tile_30.8740_29.2470,moisture_differential
30.923451999999997,29.277406,3.449554e+00,0.2957,tile_30.8740_29.2470,moisture_differential
30.923555999999998,29.277406,2.362997e+00,0.0307,tile_30.8740_29.2470,moisture_differential
30.925947999999998,29.277406,2.328383e+00,0.0222,tile_30.8740_29.2470,moisture_differential
30.87894,29.277314,2.414856e+00,0.0433,tile_30.8740_29.2470,moisture_differential
30.879459999999998,29.277314,2.265797e+00,0.0069,tile_30.8740_29.2470,moisture_differential
30.885492,29.277314,2.332095e+00,0.0231,tile_30.8740_29.2470,moisture_differential
30.895788,29.277314,2.485870e+00,0.0606,tile_30.8740_29.2470,moisture_differential
30.899843999999998,29.277314,2.665840e+00,0.1045,tile_30.8740_29.2470,moisture_differential
30.900883999999998,29.277314,2.264639e+00,0.0067,tile_30.8740_29.2470,moisture_differential
30.901404,29.277314,2.291143e+00,0.0131,tile_30.8740_29.2470,moisture_differential
30.902652,29.277314,2.511386e+00,0.0669,tile_30.8740_29.2470,moisture_differential
30.902859999999997,29.277314,2.476336e+00,0.0583,tile_30.8740_29.2470,moisture_differential
30.903067999999998,29.277314,2.247952e+00,0.0026,tile_30.8740_29.2470,moisture_differential
30.903692,29.277314,2.594530e+00,0.0871,tile_30.8740_29.2470,moisture_differential
30.903796,29.277314,2.307251e+00,0.0171,tile_30.8740_29.2470,moisture_differential
30.904628,29.277314,2.406627e+00,0.0413,tile_30.8740_29.2470,moisture_differential
30.906188,29.277314,2.350866e+00,0.0277,tile_30.8740_29.2470,moisture_differential
30.906291999999997,29.277314,3.020017e+00,0.1909,tile_30.8740_29.2470,moisture_differential
30.907228,29.277314,2.258477e+00,0.0052,tile_30.8740_29.2470,moisture_differential
30.908891999999998,29.277314,2.382395e+00,0.0354,tile_30.8740_29.2470,moisture_differential
30.908996,29.277314,2.276755e+00,0.0096,tile_30.8740_29.2470,moisture_differential
30.909516,29.277314,2.297785e+00,0.0147,tile_30.8740_29.2470,moisture_differential
30.910244,29.277314,2.321355e+00,0.0205,tile_30.8740_29.2470,moisture_differential
30.910348,29.277314,2.296459e+00,0.0144,tile_30.8740_29.2470,moisture_differential
30.910452,29.277314,2.300291e+00,0.0154,tile_30.8740_29.2470,moisture_differential
30.910556,29.277314,2.398006e+00,0.0392,tile_30.8740_29.2470,moisture_differential
30.91742,29.277314,3.224649e+00,0.2409,tile_30.8740_29.2470,moisture_differential
30.923347999999997,29.277314,3.526868e+00,0.3146,tile_30.8740_29.2470,moisture_differential
30.923451999999997,29.277314,3.403979e+00,0.2846,tile_30.8740_29.2470,moisture_differential
30.923555999999998,29.277314,2.849740e+00,0.1494,tile_30.8740_29.2470,moisture_differential
30.923659999999998,29.277314,2.382350e+00,0.0354,tile_30.8740_29.2470,moisture_differential
30.884867999999997,29.277222,2.481893e+00,0.0597,tile_30.8740_29.2470,moisture_differential
30.884971999999998,29.277222,2.418615e+00,0.0442,tile_30.8740_29.2470,moisture_differential
30.89558,29.277222,2.263273e+00,0.0063,tile_30.8740_29.2470,moisture_differential
30.895684,29.277222,2.711496e+00,0.1157,tile_30.8740_29.2470,moisture_differential
30.89714,29.277222,3.249323e+00,0.2469,tile_30.8740_29.2470,moisture_differential
30.898699999999998,29.277222,2.284669e+00,0.0115,tile_30.8740_29.2470,moisture_differential
30.898908,29.277222,2.275917e+00,0.0094,tile_30.8740_29.2470,moisture_differential
30.900052,29.277222,2.577133e+00,0.0829,tile_30.8740_29.2470,moisture_differential
30.900156,29.277222,2.387385e+00,0.0366,tile_30.8740_29.2470,moisture_differential
30.901092,29.277222,2.246029e+00,0.0021,tile_30.8740_29.2470,moisture_differential
30.902131999999998,29.277222,2.272814e+00,0.0087,tile_30.8740_29.2470,moisture_differential
30.902652,29.277222,2.272917e+00,0.0087,tile_30.8740_29.2470,moisture_differential
30.902756,29.277222,2.315739e+00,0.0191,tile_30.8740_29.2470,moisture_differential
30.902963999999997,29.277222,2.266613e+00,0.0071,tile_30.8740_29.2470,moisture_differential
30.906188,29.277222,2.499185e+00,0.0639,tile_30.8740_29.2470,moisture_differential
30.906291999999997,29.277222,2.559129e+00,0.0785,tile_30.8740_29.2470,moisture_differential
30.906603999999998,29.277222,2.376016e+00,0.0338,tile_30.8740_29.2470,moisture_differential
30.908996,29.277222,2.361070e+00,0.0302,tile_30.8740_29.2470,moisture_differential
30.9091,29.277222,2.455248e+00,0.0532,tile_30.8740_29.2470,moisture_differential
30.909619999999997,29.277222,2.284196e+00,0.0114,tile_30.8740_29.2470,moisture_differential
30.910244,29.277222,2.448086e+00,0.0514,tile_30.8740_29.2470,moisture_differential
30.910452,29.277222,2.392964e+00,0.0380,tile_30.8740_29.2470,moisture_differential
30.910867999999997,29.277222,2.248165e+00,0.0026,tile_30.8740_29.2470,moisture_differential
30.91586,29.277222,2.237414e+00,0.0000,tile_30.8740_29.2470,moisture_differential
30.915964,29.277222,2.373192e+00,0.0331,tile_30.8740_29.2470,moisture_differential
30.916691999999998,29.277222,3.034854e+00,0.1946,tile_30.8740_29.2470,moisture_differential
30.91742,29.277222,3.079632e+00,0.2055,tile_30.8740_29.2470,moisture_differential
30.917523999999997,29.277222,2.998244e+00,0.1856,tile_30.8740_29.2470,moisture_differential
30.918356,29.277222,2.319311e+00,0.0200,tile_30.8740_29.2470,moisture_differential
30.918667999999997,29.277222,2.383594e+00,0.0357,tile_30.8740_29.2470,moisture_differential
30.919915999999997,29.277222,2.381195e+00,0.0351,tile_30.8740_29.2470,moisture_differential
30.920019999999997,29.277222,2.516150e+00,0.0680,tile_30.8740_29.2470,moisture_differential
30.920123999999998,29.277222,2.513978e+00,0.0675,tile_30.8740_29.2470,moisture_differential
30.921996,29.277222,2.621138e+00,0.0936,tile_30.8740_29.2470,moisture_differential
30.923347999999997,29.277222,3.284255e+00,0.2554,tile_30.8740_29.2470,moisture_differential
30.923451999999997,29.277222,2.898018e+00,0.1612,tile_30.8740_29.2470,moisture_differential
30.923555999999998,29.277222,3.434925e+00,0.2921,tile_30.8740_29.2470,moisture_differential
30.923659999999998,29.277222,2.386244e+00,0.0363,tile_30.8740_29.2470,moisture_differential
30.884867999999997,29.27713,2.527551e+00,0.0708,tile_30.8740_29.2470,moisture_differential
30.895059999999997,29.27713,2.293487e+00,0.0137,tile_30.8740_29.2470,moisture_differential
30.895163999999998,29.27713,3.165695e+00,0.2265,tile_30.8740_29.2470,moisture_differential
30.895684,29.27713,2.607330e+00,0.0903,tile_30.8740_29.2470,moisture_differential
30.897036,29.27713,2.336104e+00,0.0241,tile_30.8740_29.2470,moisture_differential
30.898699999999998,29.27713,2.429263e+00,0.0468,tile_30.8740_29.2470,moisture_differential
30.898804,29.27713,2.665323e+00,0.1044,tile_30.8740_29.2470,moisture_differential
30.900571999999997,29.27713,2.883872e+00,0.1577,tile_30.8740_29.2470,moisture_differential
30.901923999999998,29.27713,2.300870e+00,0.0155,tile_30.8740_29.2470,moisture_differential
30.9039,29.27713,2.382171e+00,0.0353,tile_30.8740_29.2470,moisture_differential
30.904003999999997,29.27713,2.537337e+00,0.0732,tile_30.8740_29.2470,moisture_differential
30.904107999999997,29.27713,2.661117e+00,0.1034,tile_30.8740_29.2470,moisture_differential
30.904315999999998,29.27713,2.332360e+00,0.0232,tile_30.8740_29.2470,moisture_differential
30.906291999999997,29.27713,2.239943e+00,0.0006,tile_30.8740_29.2470,moisture_differential
30.906499999999998,29.27713,2.337676e+00,0.0245,tile_30.8740_29.2470,moisture_differential
30.907124,29.27713,2.454679e+00,0.0530,tile_30.8740_29.2470,moisture_differential
30.907332,29.27713,2.279253e+00,0.0102,tile_30.8740_29.2470,moisture_differential
30.907747999999998,29.27713,2.295960e+00,0.0143,tile_30.8740_29.2470,moisture_differential
30.908996,29.27713,2.388818e+00,0.0370,tile_30.8740_29.2470,moisture_differential
30.9091,29.27713,2.635588e+00,0.0972,tile_30.8740_29.2470,moisture_differential
30.909931999999998,29.27713,2.524015e+00,0.0699,tile_30.8740_29.2470,moisture_differential
30.910867999999997,29.27713,2.659658e+00,0.1030,tile_30.8740_29.2470,moisture_differential
30.91586,29.27713,2.291554e+00,0.0132,tile_30.8740_29.2470,moisture_differential
30.915964,29.27713,2.313785e+00,0.0186,tile_30.8740_29.2470,moisture_differential
30.917523999999997,29.27713,2.510515e+00,0.0666,tile_30.8740_29.2470,moisture_differential
30.918044,29.27713,2.285919e+00,0.0119,tile_30.8740_29.2470,moisture_differential
30.918979999999998,29.27713,2.265199e+00,0.0068,tile_30.8740_29.2470,moisture_differential
30.923347999999997,29.27713,2.748659e+00,0.1247,tile_30.8740_29.2470,moisture_differential
30.923451999999997,29.27713,3.056656e+00,0.1999,tile_30.8740_29.2470,moisture_differential
30.923555999999998,29.27713,3.563260e+00,0.3235,tile_30.8740_29.2470,moisture_differential
30.923659999999998,29.27713,3.086615e+00,0.2072,tile_30.8740_29.2470,moisture_differential
30.924387999999997,29.27713,2.433053e+00,0.0477,tile_30.8740_29.2470,moisture_differential
30.894748,29.277038,2.352257e+00,0.0280,tile_30.8740_29.2470,moisture_differential
30.895059999999997,29.277038,2.530778e+00,0.0716,tile_30.8740_29.2470,moisture_differential
30.895163999999998,29.277038,2.454564e+00,0.0530,tile_30.8740_29.2470,moisture_differential
30.899531999999997,29.277038,2.266644e+00,0.0071,tile_30.8740_29.2470,moisture_differential
30.900571999999997,29.277038,2.437478e+00,0.0488,tile_30.8740_29.2470,moisture_differential
30.900779999999997,29.277038,2.288253e+00,0.0124,tile_30.8740_29.2470,moisture_differential
30.90338,29.277038,2.331636e+00,0.0230,tile_30.8740_29.2470,moisture_differential
30.904003999999997,29.277038,2.493522e+00,0.0625,tile_30.8740_29.2470,moisture_differential
30.904107999999997,29.277038,2.529335e+00,0.0712,tile_30.8740_29.2470,moisture_differential
30.904315999999998,29.277038,2.441207e+00,0.0497,tile_30.8740_29.2470,moisture_differential
30.907643999999998,29.277038,2.248683e+00,0.0028,tile_30.8740_29.2470,moisture_differential
30.907747999999998,29.277038,2.709683e+00,0.1152,tile_30.8740_29.2470,moisture_differential
30.907852,29.277038,2.381357e+00,0.0351,tile_30.8740_29.2470,moisture_differential
30.908268,29.277038,2.387780e+00,0.0367,tile_30.8740_29.2470,moisture_differential
30.908996,29.277038,2.374303e+00,0.0334,tile_30.8740_29.2470,moisture_differential
30.909723999999997,29.277038,2.650046e+00,0.1007,tile_30.8740_29.2470,moisture_differential
30.909827999999997,29.277038,2.265106e+00,0.0068,tile_30.8740_29.2470,moisture_differential
30.912323999999998,29.277038,2.768486e+00,0.1296,tile_30.8740_29.2470,moisture_differential
30.912428,29.277038,2.932219e+00,0.1695,tile_30.8740_29.2470,moisture_differential
30.914299999999997,29.277038,2.263768e+00,0.0064,tile_30.8740_29.2470,moisture_differential
30.914611999999998,29.277038,2.249056e+00,0.0029,tile_30.8740_29.2470,moisture_differential
30.914716,29.277038,2.532439e+00,0.0720,tile_30.8740_29.2470,moisture_differential
30.915547999999998,29.277038,2.366711e+00,0.0316,tile_30.8740_29.2470,moisture_differential
30.916587999999997,29.277038,2.252363e+00,0.0037,tile_30.8740_29.2470,moisture_differential
30.916691999999998,29.277038,2.452712e+00,0.0525,tile_30.8740_29.2470,moisture_differential
30.923347999999997,29.277038,2.456596e+00,0.0535,tile_30.8740_29.2470,moisture_differential
30.923451999999997,29.277038,3.420473e+00,0.2886,tile_30.8740_29.2470,moisture_differential
30.923555999999998,29.277038,4.396963e+00,0.5268,tile_30.8740_29.2470,moisture_differential
30.923659999999998,29.277038,3.221185e+00,0.2400,tile_30.8740_29.2470,moisture_differential
30.878107999999997,29.276946,2.527427e+00,0.0708,tile_30.8740_29.2470,moisture_differential
30.879772,29.276946,2.395509e+00,0.0386,tile_30.8740_29.2470,moisture_differential
30.90234,29.276946,2.308617e+00,0.0174,tile_30.8740_29.2470,moisture_differential
30.902756,29.276946,2.334920e+00,0.0238,tile_30.8740_29.2470,moisture_differential
30.902859999999997,29.276946,3.046473e+00,0.1974,tile_30.8740_29.2470,moisture_differential
30.90338,29.276946,2.314614e+00,0.0189,tile_30.8740_29.2470,moisture_differential
30.905355999999998,29.276946,2.332243e+00,0.0232,tile_30.8740_29.2470,moisture_differential
30.905459999999998,29.276946,2.598628e+00,0.0881,tile_30.8740_29.2470,moisture_differential
30.905564,29.276946,2.601675e+00,0.0889,tile_30.8740_29.2470,moisture_differential
30.905668,29.276946,2.529440e+00,0.0713,tile_30.8740_29.2470,moisture_differential
30.906916,29.276946,2.312837e+00,0.0184,tile_30.8740_29.2470,moisture_differential
30.907747999999998,29.276946,2.777977e+00,0.1319,tile_30.8740_29.2470,moisture_differential
30.908268,29.276946,2.246024e+00,0.0021,tile_30.8740_29.2470,moisture_differential
30.908683999999997,29.276946,2.257864e+00,0.0050,tile_30.8740_29.2470,moisture_differential
30.908787999999998,29.276946,2.406766e+00,0.0413,tile_30.8740_29.2470,moisture_differential
30.909827999999997,29.276946,2.379468e+00,0.0347,tile_30.8740_29.2470,moisture_differential
30.909931999999998,29.276946,2.671618e+00,0.1059,tile_30.8740_29.2470,moisture_differential
30.91742,29.276946,2.439400e+00,0.0493,tile_30.8740_29.2470,moisture_differential
30.92054,29.276946,2.306622e+00,0.0169,tile_30.8740_29.2470,moisture_differential
30.923451999999997,29.276946,3.221956e+00,0.2402,tile_30.8740_29.2470,moisture_differential
30.923555999999998,29.276946,2.597588e+00,0.0879,tile_30.8740_29.2470,moisture_differential
30.923659999999998,29.276946,2.479813e+00,0.0592,tile_30.8740_29.2470,moisture_differential
30.924076,29.276946,2.593414e+00,0.0869,tile_30.8740_29.2470,moisture_differential
30.877171999999998,29.276854,2.269595e+00,0.0079,tile_30.8740_29.2470,moisture_differential
30.8779,29.276854,2.279713e+00,0.0103,tile_30.8740_29.2470,moisture_differential
30.878003999999997,29.276854,2.524583e+00,0.0701,tile_30.8740_29.2470,moisture_differential
30.878107999999997,29.276854,2.238971e+00,0.0004,tile_30.8740_29.2470,moisture_differential
30.878628,29.276854,2.349868e+00,0.0275,tile_30.8740_29.2470,moisture_differential
30.879668,29.276854,2.513695e+00,0.0674,tile_30.8740_29.2470,moisture_differential
30.879772,29.276854,2.620540e+00,0.0935,tile_30.8740_29.2470,moisture_differential
30.8909,29.276854,2.267203e+00,0.0073,tile_30.8740_29.2470,moisture_differential
30.89454,29.276854,2.311917e+00,0.0182,tile_30.8740_29.2470,moisture_differential
30.894644,29.276854,2.237642e+00,0.0001,tile_30.8740_29.2470,moisture_differential
30.898387999999997,29.276854,2.356424e+00,0.0291,tile_30.8740_29.2470,moisture_differential
30.898491999999997,29.276854,2.449394e+00,0.0517,tile_30.8740_29.2470,moisture_differential
30.900364,29.276854,2.255557e+00,0.0044,tile_30.8740_29.2470,moisture_differential
30.902859999999997,29.276854,2.604559e+00,0.0896,tile_30.8740_29.2470,moisture_differential
30.904524,29.276854,2.467672e+00,0.0562,tile_30.8740_29.2470,moisture_differential
30.905668,29.276854,2.239670e+00,0.0006,tile_30.8740_29.2470,moisture_differential
30.906916,29.276854,2.572007e+00,0.0816,tile_30.8740_29.2470,moisture_differential
30.907228,29.276854,2.252588e+00,0.0037,tile_30.8740_29.2470,moisture_differential
30.907956,29.276854,2.278420e+00,0.0100,tile_30.8740_29.2470,moisture_differential
30.908372,29.276854,2.804374e+00,0.1383,tile_30.8740_29.2470,moisture_differential
30.908683999999997,29.276854,2.388948e+00,0.0370,tile_30.8740_29.2470,moisture_differential
30.909931999999998,29.276854,2.427608e+00,0.0464,tile_30.8740_29.2470,moisture_differential
30.910452,29.276854,2.250577e+00,0.0032,tile_30.8740_29.2470,moisture_differential
30.915964,29.276854,2.528489e+00,0.0710,tile_30.8740_29.2470,moisture_differential
30.916068,29.276854,2.291403e+00,0.0132,tile_30.8740_29.2470,moisture_differential
30.923764,29.276854,2.794937e+00,0.1360,tile_30.8740_29.2470,moisture_differential
30.923868,29.276854,2.272844e+00,0.0087,tile_30.8740_29.2470,moisture_differential
30.879668,29.276761999999998,2.534957e+00,0.0726,tile_30.8740_29.2470,moisture_differential
30.879772,29.276761999999998,2.961927e+00,0.1768,tile_30.8740_29.2470,moisture_differential
30.89454,29.276761999999998,2.375943e+00,0.0338,tile_30.8740_29.2470,moisture_differential
30.894955999999997,29.276761999999998,2.393579e+00,0.0381,tile_30.8740_29.2470,moisture_differential
30.899739999999998,29.276761999999998,2.407173e+00,0.0414,tile_30.8740_29.2470,moisture_differential
30.900364,29.276761999999998,2.499779e+00,0.0640,tile_30.8740_29.2470,moisture_differential
30.902859999999997,29.276761999999998,2.525428e+00,0.0703,tile_30.8740_29.2470,moisture_differential
30.903588,29.276761999999998,2.284466e+00,0.0115,tile_30.8740_29.2470,moisture_differential
30.904211999999998,29.276761999999998,2.294196e+00,0.0139,tile_30.8740_29.2470,moisture_differential
30.90442,29.276761999999998,2.740146e+00,0.1227,tile_30.8740_29.2470,moisture_differential
30.905772,29.276761999999998,2.247836e+00,0.0026,tile_30.8740_29.2470,moisture_differential
30.90702,29.276761999999998,2.397006e+00,0.0390,tile_30.8740_29.2470,moisture_differential
30.908579999999997,29.276761999999998,2.331647e+00,0.0230,tile_30.8740_29.2470,moisture_differential
30.909723999999997,29.276761999999998,2.394765e+00,0.0384,tile_30.8740_29.2470,moisture_differential
30.909827999999997,29.276761999999998,2.264343e+00,0.0066,tile_30.8740_29.2470,moisture_differential
30.913259999999998,29.276761999999998,2.461748e+00,0.0547,tile_30.8740_29.2470,moisture_differential
30.914507999999998,29.276761999999998,2.391103e+00,0.0375,tile_30.8740_29.2470,moisture_differential
30.916068,29.276761999999998,2.559818e+00,0.0787,tile_30.8740_29.2470,moisture_differential
30.916172,29.276761999999998,2.450637e+00,0.0520,tile_30.8740_29.2470,moisture_differential
30.876859999999997,29.27667,2.250656e+00,0.0032,tile_30.8740_29.2470,moisture_differential
30.876963999999997,29.27667,2.527237e+00,0.0707,tile_30.8740_29.2470,moisture_differential
30.878003999999997,29.27667,2.371547e+00,0.0327,tile_30.8740_29.2470,moisture_differential
30.88518,29.27667,2.339222e+00,0.0249,tile_30.8740_29.2470,moisture_differential
30.893604,29.27667,2.242062e+00,0.0012,tile_30.8740_29.2470,moisture_differential
30.894644,29.27667,2.319470e+00,0.0200,tile_30.8740_29.2470,moisture_differential
30.899635999999997,29.27667,2.267091e+00,0.0073,tile_30.8740_29.2470,moisture_differential
30.902027999999998,29.27667,2.654808e+00,0.1018,tile_30.8740_29.2470,moisture_differential
30.902859999999997,29.27667,2.484964e+00,0.0604,tile_30.8740_29.2470,moisture_differential
30.902963999999997,29.27667,2.334082e+00,0.0236,tile_30.8740_29.2470,moisture_differential
30.903171999999998,29.27667,2.261004e+00,0.0058,tile_30.8740_29.2470,moisture_differential
30.903588,29.27667,2.353568e+00,0.0284,tile_30.8740_29.2470,moisture_differential
30.906084,29.27667,2.381328e+00,0.0351,tile_30.8740_29.2470,moisture_differential
30.919083999999998,29.27667,2.353375e+00,0.0283,tile_30.8740_29.2470,moisture_differential
30.919188,29.27667,2.539489e+00,0.0737,tile_30.8740_29.2470,moisture_differential
30.919708,29.27667,2.572174e+00,0.0817,tile_30.8740_29.2470,moisture_differential
30.923555999999998,29.27667,2.336505e+00,0.0242,tile_30.8740_29.2470,moisture_differential
30.878003999999997,29.276578,2.499131e+00,0.0639,tile_30.8740_29.2470,moisture_differential
30.878107999999997,29.276578,2.283168e+00,0.0112,tile_30.8740_29.2470,moisture_differential
30.898491999999997,29.276578,2.304904e+00,0.0165,tile_30.8740_29.2470,moisture_differential
30.900987999999998,29.276578,2.419551e+00,0.0445,tile_30.8740_29.2470,moisture_differential
30.901092,29.276578,2.268169e+00,0.0075,tile_30.8740_29.2470,moisture_differential
30.902027999999998,29.276578,2.409496e+00,0.0420,tile_30.8740_29.2470,moisture_differential
30.902131999999998,29.276578,2.301146e+00,0.0156,tile_30.8740_29.2470,moisture_differential
30.902859999999997,29.276578,2.701933e+00,0.1133,tile_30.8740_29.2470,moisture_differential
30.902963999999997,29.276578,2.316355e+00,0.0193,tile_30.8740_29.2470,moisture_differential
30.90442,29.276578,2.535911e+00,0.0728,tile_30.8740_29.2470,moisture_differential
30.904524,29.276578,2.711518e+00,0.1157,tile_30.8740_29.2470,moisture_differential
30.90702,29.276578,2.357132e+00,0.0292,tile_30.8740_29.2470,moisture_differential
30.907228,29.276578,2.311439e+00,0.0181,tile_30.8740_29.2470,moisture_differential
30.908683999999997,29.276578,2.566761e+00,0.0804,tile_30.8740_29.2470,moisture_differential
30.909723999999997,29.276578,2.392151e+00,0.0378,tile_30.8740_29.2470,moisture_differential
30.913884,29.276578,2.294703e+00,0.0140,tile_30.8740_29.2470,moisture_differential
30.916276,29.276578,2.395306e+00,0.0385,tile_30.8740_29.2470,moisture_differential
30.91638,29.276578,2.365385e+00,0.0312,tile_30.8740_29.2470,moisture_differential
30.919188,29.276578,2.303875e+00,0.0162,tile_30.8740_29.2470,moisture_differential
30.922932,29.276578,2.369872e+00,0.0323,tile_30.8740_29.2470,moisture_differential
30.923451999999997,29.276578,2.388642e+00,0.0369,tile_30.8740_29.2470,moisture_differential
30.923555999999998,29.276578,2.781240e+00,0.1327,tile_30.8740_29.2470,moisture_differential
30.92522,29.276578,2.273605e+00,0.0088,tile_30.8740_29.2470,moisture_differential
30.878003999999997,29.276486,2.697638e+00,0.1123,tile_30.8740_29.2470,moisture_differential
30.878107999999997,29.276486,2.529123e+00,0.0712,tile_30.8740_29.2470,moisture_differential
30.89818,29.276486,2.334466e+00,0.0237,tile_30.8740_29.2470,moisture_differential
30.902756,29.276486,2.563249e+00,0.0795,tile_30.8740_29.2470,moisture_differential
30.902859999999997,29.276486,2.510129e+00,0.0665,tile_30.8740_29.2470,moisture_differential
30.903171999999998,29.276486,2.342441e+00,0.0256,tile_30.8740_29.2470,moisture_differential
30.903692,29.276486,2.258723e+00,0.0052,tile_30.8740_29.2470,moisture_differential
30.904315999999998,29.276486,2.368972e+00,0.0321,tile_30.8740_29.2470,moisture_differential
30.90442,29.276486,3.068063e+00,0.2027,tile_30.8740_29.2470,moisture_differential
30.904524,29.276486,2.660793e+00,0.1033,tile_30.8740_29.2470,moisture_differential
30.904628,29.276486,2.687421e+00,0.1098,tile_30.8740_29.2470,moisture_differential
30.908891999999998,29.276486,2.427463e+00,0.0464,tile_30.8740_29.2470,moisture_differential
30.908996,29.276486,2.302848e+00,0.0160,tile_30.8740_29.2470,moisture_differential
30.9091,29.276486,2.256689e+00,0.0047,tile_30.8740_29.2470,moisture_differential
30.909516,29.276486,2.958397e+00,0.1759,tile_30.8740_29.2470,moisture_differential
30.909619999999997,29.276486,2.711236e+00,0.1156,tile_30.8740_29.2470,moisture_differential
30.913884,29.276486,2.249064e+00,0.0029,tile_30.8740_29.2470,moisture_differential
30.914611999999998,29.276486,2.310860e+00,0.0179,tile_30.8740_29.2470,moisture_differential
30.915651999999998,29.276486,2.354402e+00,0.0286,tile_30.8740_29.2470,moisture_differential
30.918667999999997,29.276486,2.390187e+00,0.0373,tile_30.8740_29.2470,moisture_differential
30.923451999999997,29.276486,2.463377e+00,0.0551,tile_30.8740_29.2470,moisture_differential
30.923555999999998,29.276486,2.988430e+00,0.1832,tile_30.8740_29.2470,moisture_differential
30.923659999999998,29.276486,2.846278e+00,0.1485,tile_30.8740_29.2470,moisture_differential
30.878003999999997,29.276394,2.769709e+00,0.1299,tile_30.8740_29.2470,moisture_differential
30.878107999999997,29.276394,2.791790e+00,0.1353,tile_30.8740_29.2470,moisture_differential
30.878315999999998,29.276394,2.391315e+00,0.0376,tile_30.8740_29.2470,moisture_differential
30.894852,29.276394,2.284965e+00,0.0116,tile_30.8740_29.2470,moisture_differential
30.895372,29.276394,2.279459e+00,0.0103,tile_30.8740_29.2470,moisture_differential
30.89662,29.276394,2.647105e+00,0.1000,tile_30.8740_29.2470,moisture_differential
30.897764,29.276394,3.051668e+00,0.1987,tile_30.8740_29.2470,moisture_differential
30.897868,29.276394,2.844093e+00,0.1480,tile_30.8740_29.2470,moisture_differential
30.898491999999997,29.276394,2.413205e+00,0.0429,tile_30.8740_29.2470,moisture_differential
30.90442,29.276394,2.390488e+00,0.0374,tile_30.8740_29.2470,moisture_differential
30.90598,29.276394,2.339996e+00,0.0250,tile_30.8740_29.2470,moisture_differential
30.906291999999997,29.276394,2.276906e+00,0.0097,tile_30.8740_29.2470,moisture_differential
30.907747999999998,29.276394,2.528940e+00,0.0711,tile_30.8740_29.2470,moisture_differential
30.908579999999997,29.276394,2.342765e+00,0.0257,tile_30.8740_29.2470,moisture_differential
30.9091,29.276394,2.460980e+00,0.0546,tile_30.8740_29.2470,moisture_differential
30.909516,29.276394,2.457904e+00,0.0538,tile_30.8740_29.2470,moisture_differential
30.909827999999997,29.276394,2.911409e+00,0.1644,tile_30.8740_29.2470,moisture_differential
30.909931999999998,29.276394,2.860083e+00,0.1519,tile_30.8740_29.2470,moisture_differential
30.910452,29.276394,2.258051e+00,0.0051,tile_30.8740_29.2470,moisture_differential
30.911492,29.276394,2.255489e+00,0.0044,tile_30.8740_29.2470,moisture_differential
30.911596,29.276394,2.259832e+00,0.0055,tile_30.8740_29.2470,moisture_differential
30.914611999999998,29.276394,2.244734e+00,0.0018,tile_30.8740_29.2470,moisture_differential
30.915132,29.276394,2.274528e+00,0.0091,tile_30.8740_29.2470,moisture_differential
30.917939999999998,29.276394,2.759288e+00,0.1273,tile_30.8740_29.2470,moisture_differential
30.923555999999998,29.276394,3.272940e+00,0.2526,tile_30.8740_29.2470,moisture_differential
30.923659999999998,29.276394,3.462430e+00,0.2989,tile_30.8740_29.2470,moisture_differential
30.924595999999998,29.276394,2.290105e+00,0.0129,tile_30.8740_29.2470,moisture_differential
30.925116,29.276394,2.314329e+00,0.0188,tile_30.8740_29.2470,moisture_differential
30.874468,29.276302,2.282454e+00,0.0110,tile_30.8740_29.2470,moisture_differential
30.876963999999997,29.276302,2.373051e+00,0.0331,tile_30.8740_29.2470,moisture_differential
30.878003999999997,29.276302,2.345348e+00,0.0263,tile_30.8740_29.2470,moisture_differential
30.878107999999997,29.276302,2.304532e+00,0.0164,tile_30.8740_29.2470,moisture_differential
30.878211999999998,29.276302,2.478084e+00,0.0587,tile_30.8740_29.2470,moisture_differential
30.894748,29.276302,2.252530e+00,0.0037,tile_30.8740_29.2470,moisture_differential
30.895684,29.276302,2.347543e+00,0.0269,tile_30.8740_29.2470,moisture_differential
30.895788,29.276302,2.348431e+00,0.0271,tile_30.8740_29.2470,moisture_differential
30.896203999999997,29.276302,2.253953e+00,0.0041,tile_30.8740_29.2470,moisture_differential
30.896516,29.276302,2.406677e+00,0.0413,tile_30.8740_29.2470,moisture_differential
30.896932,29.276302,2.489012e+00,0.0614,tile_30.8740_29.2470,moisture_differential
30.897972,29.276302,2.300621e+00,0.0154,tile_30.8740_29.2470,moisture_differential
30.898595999999998,29.276302,2.300005e+00,0.0153,tile_30.8740_29.2470,moisture_differential
30.900779999999997,29.276302,2.380332e+00,0.0349,tile_30.8740_29.2470,moisture_differential
30.901404,29.276302,2.361704e+00,0.0303,tile_30.8740_29.2470,moisture_differential
30.902444,29.276302,2.347673e+00,0.0269,tile_30.8740_29.2470,moisture_differential
30.902548,29.276302,2.281282e+00,0.0107,tile_30.8740_29.2470,moisture_differential
30.903171999999998,29.276302,2.242530e+00,0.0013,tile_30.8740_29.2470,moisture_differential
30.903796,29.276302,2.265207e+00,0.0068,tile_30.8740_29.2470,moisture_differential
30.9039,29.276302,2.294457e+00,0.0139,tile_30.8740_29.2470,moisture_differential
30.904211999999998,29.276302,2.286785e+00,0.0121,tile_30.8740_29.2470,moisture_differential
30.904315999999998,29.276302,2.479958e+00,0.0592,tile_30.8740_29.2470,moisture_differential
30.90442,29.276302,2.358292e+00,0.0295,tile_30.8740_29.2470,moisture_differential
30.905772,29.276302,2.374333e+00,0.0334,tile_30.8740_29.2470,moisture_differential
30.906395999999997,29.276302,2.279621e+00,0.0103,tile_30.8740_29.2470,moisture_differential
30.907643999999998,29.276302,2.675904e+00,0.1070,tile_30.8740_29.2470,moisture_differential
30.907747999999998,29.276302,2.653429e+00,0.1015,tile_30.8740_29.2470,moisture_differential
30.90806,29.276302,2.267584e+00,0.0074,tile_30.8740_29.2470,moisture_differential
30.908164,29.276302,2.480296e+00,0.0593,tile_30.8740_29.2470,moisture_differential
30.908579999999997,29.276302,2.747457e+00,0.1244,tile_30.8740_29.2470,moisture_differential
30.908683999999997,29.276302,2.311370e+00,0.0181,tile_30.8740_29.2470,moisture_differential
30.908996,29.276302,2.405711e+00,0.0411,tile_30.8740_29.2470,moisture_differential
30.909827999999997,29.276302,3.090997e+00,0.2082,tile_30.8740_29.2470,moisture_differential
30.909931999999998,29.276302,2.842285e+00,0.1476,tile_30.8740_29.2470,moisture_differential
30.910035999999998,29.276302,2.632412e+00,0.0964,tile_30.8740_29.2470,moisture_differential
30.912219999999998,29.276302,2.415265e+00,0.0434,tile_30.8740_29.2470,moisture_differential
30.917939999999998,29.276302,2.573138e+00,0.0819,tile_30.8740_29.2470,moisture_differential
30.919604,29.276302,2.443232e+00,0.0502,tile_30.8740_29.2470,moisture_differential
30.919811999999997,29.276302,2.398563e+00,0.0393,tile_30.8740_29.2470,moisture_differential
30.923451999999997,29.276302,2.252161e+00,0.0036,tile_30.8740_29.2470,moisture_differential
30.923555999999998,29.276302,2.936520e+00,0.1706,tile_30.8740_29.2470,moisture_differential
30.923659999999998,29.276302,2.990573e+00,0.1837,tile_30.8740_29.2470,moisture_differential
30.874468,29.27621,2.343446e+00,0.0259,tile_30.8740_29.2470,moisture_differential
30.876963999999997,29.27621,2.651763e+00,0.1011,tile_30.8740_29.2470,moisture_differential
30.877067999999998,29.27621,2.903542e+00,0.1625,tile_30.8740_29.2470,moisture_differential
30.878211999999998,29.27621,2.998939e+00,0.1858,tile_30.8740_29.2470,moisture_differential
30.878315999999998,29.27621,2.294276e+00,0.0139,tile_30.8740_29.2470,moisture_differential
30.883827999999998,29.27621,2.577798e+00,0.0831,tile_30.8740_29.2470,moisture_differential
30.894748,29.27621,2.385511e+00,0.0361,tile_30.8740_29.2470,moisture_differential
30.894955999999997,29.27621,2.353515e+00,0.0283,tile_30.8740_29.2470,moisture_differential
30.896411999999998,29.27621,2.338097e+00,0.0246,tile_30.8740_29.2470,moisture_differential
30.896516,29.27621,2.435782e+00,0.0484,tile_30.8740_29.2470,moisture_differential
30.896932,29.27621,2.450413e+00,0.0520,tile_30.8740_29.2470,moisture_differential
30.897243999999997,29.27621,2.555405e+00,0.0776,tile_30.8740_29.2470,moisture_differential
30.897555999999998,29.27621,2.470551e+00,0.0569,tile_30.8740_29.2470,moisture_differential
30.897868,29.27621,2.250756e+00,0.0033,tile_30.8740_29.2470,moisture_differential
30.902444,29.27621,2.433472e+00,0.0478,tile_30.8740_29.2470,moisture_differential
30.903067999999998,29.27621,3.099865e+00,0.2104,tile_30.8740_29.2470,moisture_differential
30.903171999999998,29.27621,2.475680e+00,0.0581,tile_30.8740_29.2470,moisture_differential
30.903588,29.27621,2.238316e+00,0.0002,tile_30.8740_29.2470,moisture_differential
30.904315999999998,29.27621,2.249498e+00,0.0030,tile_30.8740_29.2470,moisture_differential
30.908164,29.27621,2.662798e+00,0.1038,tile_30.8740_29.2470,moisture_differential
30.908268,29.27621,2.454762e+00,0.0530,tile_30.8740_29.2470,moisture_differential
30.911284,29.27621,2.293601e+00,0.0137,tile_30.8740_29.2470,moisture_differential
30.911388,29.27621,2.487092e+00,0.0609,tile_30.8740_29.2470,moisture_differential
30.911492,29.27621,2.447223e+00,0.0512,tile_30.8740_29.2470,moisture_differential
30.914299999999997,29.27621,2.477353e+00,0.0586,tile_30.8740_29.2470,moisture_differential
30.917212,29.27621,2.432520e+00,0.0476,tile_30.8740_29.2470,moisture_differential
30.919604,29.27621,3.074276e+00,0.2042,tile_30.8740_29.2470,moisture_differential
30.919708,29.27621,2.437473e+00,0.0488,tile_30.8740_29.2470,moisture_differential
30.920955999999997,29.27621,2.482049e+00,0.0597,tile_30.8740_29.2470,moisture_differential
30.921059999999997,29.27621,3.122760e+00,0.2160,tile_30.8740_29.2470,moisture_differential
30.923555999999998,29.27621,2.888825e+00,0.1589,tile_30.8740_29.2470,moisture_differential
30.923659999999998,29.27621,3.382488e+00,0.2794,tile_30.8740_29.2470,moisture_differential
30.923764,29.27621,2.797708e+00,0.1367,tile_30.8740_29.2470,moisture_differential
30.877067999999998,29.276118,2.240112e+00,0.0007,tile_30.8740_29.2470,moisture_differential
30.878107999999997,29.276118,2.253371e+00,0.0039,tile_30.8740_29.2470,moisture_differential
30.878211999999998,29.276118,2.775802e+00,0.1314,tile_30.8740_29.2470,moisture_differential
30.878315999999998,29.276118,2.289015e+00,0.0126,tile_30.8740_29.2470,moisture_differential
30.89246,29.276118,2.842486e+00,0.1476,tile_30.8740_29.2470,moisture_differential
30.896099999999997,29.276118,2.281155e+00,0.0107,tile_30.8740_29.2470,moisture_differential
30.897555999999998,29.276118,3.350829e+00,0.2716,tile_30.8740_29.2470,moisture_differential
30.89766,29.276118,3.051403e+00,0.1986,tile_30.8740_29.2470,moisture_differential
30.897764,29.276118,2.328904e+00,0.0223,tile_30.8740_29.2470,moisture_differential
30.900571999999997,29.276118,2.247686e+00,0.0025,tile_30.8740_29.2470,moisture_differential
30.902652,29.276118,2.393564e+00,0.0381,tile_30.8740_29.2470,moisture_differential
30.903171999999998,29.276118,2.387314e+00,0.0366,tile_30.8740_29.2470,moisture_differential
30.908268,29.276118,2.382793e+00,0.0355,tile_30.8740_29.2470,moisture_differential
30.908787999999998,29.276118,2.679810e+00,0.1079,tile_30.8740_29.2470,moisture_differential
30.915028,29.276118,2.273126e+00,0.0087,tile_30.8740_29.2470,moisture_differential
30.919708,29.276118,2.632074e+00,0.0963,tile_30.8740_29.2470,moisture_differential
30.920955999999997,29.276118,2.342808e+00,0.0257,tile_30.8740_29.2470,moisture_differential
30.921059999999997,29.276118,2.578384e+00,0.0832,tile_30.8740_29.2470,moisture_differential
30.921684,29.276118,2.716895e+00,0.1170,tile_30.8740_29.2470,moisture_differential
30.923555999999998,29.276118,2.840002e+00,0.1470,tile_30.8740_29.2470,moisture_differential
30.923659999999998,29.276118,3.277900e+00,0.2538,tile_30.8740_29.2470,moisture_differential
30.923764,29.276118,2.344287e+00,0.0261,tile_30.8740_29.2470,moisture_differential
30.924908,29.276118,2.449980e+00,0.0519,tile_30.8740_29.2470,moisture_differential
30.925012,29.276118,2.478073e+00,0.0587,tile_30.8740_29.2470,moisture_differential
30.878003999999997,29.276025999999998,2.324968e+00,0.0214,tile_30.8740_29.2470,moisture_differential
30.878211999999998,29.276025999999998,2.482136e+00,0.0597,tile_30.8740_29.2470,moisture_differential
30.88674,29.276025999999998,2.324891e+00,0.0214,tile_30.8740_29.2470,moisture_differential
30.895163999999998,29.276025999999998,2.539706e+00,0.0738,tile_30.8740_29.2470,moisture_differential
30.895267999999998,29.276025999999998,2.763179e+00,0.1283,tile_30.8740_29.2470,moisture_differential
30.896099999999997,29.276025999999998,2.244441e+00,0.0017,tile_30.8740_29.2470,moisture_differential
30.897555999999998,29.276025999999998,2.829358e+00,0.1444,tile_30.8740_29.2470,moisture_differential
30.89766,29.276025999999998,3.286597e+00,0.2560,tile_30.8740_29.2470,moisture_differential
30.897764,29.276025999999998,3.635089e+00,0.3410,tile_30.8740_29.2470,moisture_differential
30.897868,29.276025999999998,2.645657e+00,0.0996,tile_30.8740_29.2470,moisture_differential
30.899324,29.276025999999998,2.430152e+00,0.0470,tile_30.8740_29.2470,moisture_differential
30.901404,29.276025999999998,2.316981e+00,0.0194,tile_30.8740_29.2470,moisture_differential
30.905564,29.276025999999998,2.285522e+00,0.0118,tile_30.8740_29.2470,moisture_differential
30.906395999999997,29.276025999999998,2.419876e+00,0.0445,tile_30.8740_29.2470,moisture_differential
30.906499999999998,29.276025999999998,2.344628e+00,0.0262,tile_30.8740_29.2470,moisture_differential
30.906812,29.276025999999998,2.285456e+00,0.0117,tile_30.8740_29.2470,moisture_differential
30.907643999999998,29.276025999999998,2.306834e+00,0.0170,tile_30.8740_29.2470,moisture_differential
30.907747999999998,29.276025999999998,2.903330e+00,0.1625,tile_30.8740_29.2470,moisture_differential
30.908372,29.276025999999998,2.390883e+00,0.0375,tile_30.8740_29.2470,moisture_differential
30.908579999999997,29.276025999999998,2.682481e+00,0.1086,tile_30.8740_29.2470,moisture_differential
30.908683999999997,29.276025999999998,2.333612e+00,0.0235,tile_30.8740_29.2470,moisture_differential
30.909308,29.276025999999998,2.381562e+00,0.0352,tile_30.8740_29.2470,moisture_differential
30.911492,29.276025999999998,2.259479e+00,0.0054,tile_30.8740_29.2470,moisture_differential
30.915339999999997,29.276025999999998,2.241122e+00,0.0009,tile_30.8740_29.2470,moisture_differential
30.925012,29.276025999999998,2.521979e+00,0.0694,tile_30.8740_29.2470,moisture_differential
30.925116,29.276025999999998,2.545162e+00,0.0751,tile_30.8740_29.2470,moisture_differential
30.925739999999998,29.276025999999998,2.433182e+00,0.0478,tile_30.8740_29.2470,moisture_differential
30.876548,29.275934,2.347874e+00,0.0270,tile_30.8740_29.2470,moisture_differential
30.894955999999997,29.275934,2.281576e+00,0.0108,tile_30.8740_29.2470,moisture_differential
30.895163999999998,29.275934,2.859994e+00,0.1519,tile_30.8740_29.2470,moisture_differential
30.895267999999998,29.275934,2.668651e+00,0.1052,tile_30.8740_29.2470,moisture_differential
30.895372,29.275934,2.863614e+00,0.1528,tile_30.8740_29.2470,moisture_differential
30.89662,29.275934,2.385947e+00,0.0363,tile_30.8740_29.2470,moisture_differential
30.89766,29.275934,2.443623e+00,0.0503,tile_30.8740_29.2470,moisture_differential
30.897764,29.275934,2.938559e+00,0.1711,tile_30.8740_29.2470,moisture_differential
30.900156,29.275934,2.312436e+00,0.0183,tile_30.8740_29.2470,moisture_differential
30.90026,29.275934,2.253581e+00,0.0040,tile_30.8740_29.2470,moisture_differential
30.901508,29.275934,2.931879e+00,0.1694,tile_30.8740_29.2470,moisture_differential
30.901612,29.275934,2.309641e+00,0.0176,tile_30.8740_29.2470,moisture_differential
30.901715999999997,29.275934,2.368644e+00,0.0320,tile_30.8740_29.2470,moisture_differential
30.902131999999998,29.275934,2.275925e+00,0.0094,tile_30.8740_29.2470,moisture_differential
30.903588,29.275934,2.268887e+00,0.0077,tile_30.8740_29.2470,moisture_differential
30.906291999999997,29.275934,2.238776e+00,0.0004,tile_30.8740_29.2470,moisture_differential
30.906499999999998,29.275934,2.395630e+00,0.0386,tile_30.8740_29.2470,moisture_differential
30.90702,29.275934,2.242801e+00,0.0013,tile_30.8740_29.2470,moisture_differential
30.908476,29.275934,2.496565e+00,0.0632,tile_30.8740_29.2470,moisture_differential
30.908683999999997,29.275934,2.898440e+00,0.1613,tile_30.8740_29.2470,moisture_differential
30.915339999999997,29.275934,2.430025e+00,0.0470,tile_30.8740_29.2470,moisture_differential
30.91846,29.275934,2.379174e+00,0.0346,tile_30.8740_29.2470,moisture_differential
30.919292,29.275934,2.345233e+00,0.0263,tile_30.8740_29.2470,moisture_differential
30.919396,29.275934,2.515338e+00,0.0678,tile_30.8740_29.2470,moisture_differential
30.923868,29.275934,2.369497e+00,0.0322,tile_30.8740_29.2470,moisture_differential
30.924595999999998,29.275934,2.689814e+00,0.1104,tile_30.8740_29.2470,moisture_differential
30.924803999999998,29.275934,2.397593e+00,0.0391,tile_30.8740_29.2470,moisture_differential
30.925739999999998,29.275934,2.328969e+00,0.0224,tile_30.8740_29.2470,moisture_differential
30.879459999999998,29.275842,2.452214e+00,0.0524,tile_30.8740_29.2470,moisture_differential
30.879564,29.275842,2.260362e+00,0.0056,tile_30.8740_29.2470,moisture_differential
30.892667999999997,29.275842,2.505615e+00,0.0654,tile_30.8740_29.2470,moisture_differential
30.894852,29.275842,2.361323e+00,0.0302,tile_30.8740_29.2470,moisture_differential
30.894955999999997,29.275842,2.334049e+00,0.0236,tile_30.8740_29.2470,moisture_differential
30.895267999999998,29.275842,3.129014e+00,0.2175,tile_30.8740_29.2470,moisture_differential
30.895372,29.275842,3.880194e+00,0.4008,tile_30.8740_29.2470,moisture_differential
30.901715999999997,29.275842,2.295965e+00,0.0143,tile_30.8740_29.2470,moisture_differential
30.902131999999998,29.275842,2.258879e+00,0.0053,tile_30.8740_29.2470,moisture_differential
30.90338,29.275842,2.246361e+00,0.0022,tile_30.8740_29.2470,moisture_differential
30.903484,29.275842,2.249664e+00,0.0030,tile_30.8740_29.2470,moisture_differential
30.906395999999997,29.275842,2.317040e+00,0.0194,tile_30.8740_29.2470,moisture_differential
30.906499999999998,29.275842,2.483753e+00,0.0601,tile_30.8740_29.2470,moisture_differential
30.907124,29.275842,2.539330e+00,0.0737,tile_30.8740_29.2470,moisture_differential
30.907852,29.275842,2.345706e+00,0.0264,tile_30.8740_29.2470,moisture_differential
30.908476,29.275842,2.517008e+00,0.0682,tile_30.8740_29.2470,moisture_differential
30.909516,29.275842,2.309332e+00,0.0176,tile_30.8740_29.2470,moisture_differential
30.909619999999997,29.275842,2.572857e+00,0.0818,tile_30.8740_29.2470,moisture_differential
30.916587999999997,29.275842,2.425198e+00,0.0458,tile_30.8740_29.2470,moisture_differential
30.91846,29.275842,2.362450e+00,0.0305,tile_30.8740_29.2470,moisture_differential
30.918979999999998,29.275842,2.569562e+00,0.0810,tile_30.8740_29.2470,moisture_differential
30.923764,29.275842,2.264162e+00,0.0065,tile_30.8740_29.2470,moisture_differential
30.923868,29.275842,2.695592e+00,0.1118,tile_30.8740_29.2470,moisture_differential
30.923972,29.275842,2.784487e+00,0.1335,tile_30.8740_29.2470,moisture_differential
30.895372,29.27575,2.352143e+00,0.0280,tile_30.8740_29.2470,moisture_differential
30.89558,29.27575,2.625162e+00,0.0946,tile_30.8740_29.2470,moisture_differential
30.897868,29.27575,2.355589e+00,0.0288,tile_30.8740_29.2470,moisture_differential
30.898387999999997,29.27575,2.375450e+00,0.0337,tile_30.8740_29.2470,moisture_differential
30.898804,29.27575,2.310971e+00,0.0180,tile_30.8740_29.2470,moisture_differential
30.898908,29.27575,2.414527e+00,0.0432,tile_30.8740_29.2470,moisture_differential
30.901196,29.27575,2.419438e+00,0.0444,tile_30.8740_29.2470,moisture_differential
30.901819999999997,29.27575,2.766570e+00,0.1291,tile_30.8740_29.2470,moisture_differential
30.901923999999998,29.27575,2.396112e+00,0.0387,tile_30.8740_29.2470,moisture_differential
30.902756,29.27575,2.540808e+00,0.0740,tile_30.8740_29.2470,moisture_differential
30.902859999999997,29.27575,2.359848e+00,0.0299,tile_30.8740_29.2470,moisture_differential
30.903067999999998,29.27575,2.257007e+00,0.0048,tile_30.8740_29.2470,moisture_differential
30.90338,29.27575,2.262518e+00,0.0061,tile_30.8740_29.2470,moisture_differential
30.903484,29.27575,2.336684e+00,0.0242,tile_30.8740_29.2470,moisture_differential
30.90442,29.27575,2.326304e+00,0.0217,tile_30.8740_29.2470,moisture_differential
30.905044,29.27575,2.508402e+00,0.0661,tile_30.8740_29.2470,moisture_differential
30.906291999999997,29.27575,2.291873e+00,0.0133,tile_30.8740_29.2470,moisture_differential
30.906395999999997,29.27575,2.580772e+00,0.0838,tile_30.8740_29.2470,moisture_differential
30.906499999999998,29.27575,2.384312e+00,0.0359,tile_30.8740_29.2470,moisture_differential
30.908476,29.27575,2.410729e+00,0.0423,tile_30.8740_29.2470,moisture_differential
30.908579999999997,29.27575,2.243199e+00,0.0014,tile_30.8740_29.2470,moisture_differential
30.909412,29.27575,2.544536e+00,0.0749,tile_30.8740_29.2470,moisture_differential
30.909516,29.27575,2.554773e+00,0.0774,tile_30.8740_29.2470,moisture_differential
30.909619999999997,29.27575,2.926499e+00,0.1681,tile_30.8740_29.2470,moisture_differential
30.909723999999997,29.27575,2.788038e+00,0.1343,tile_30.8740_29.2470,moisture_differential
30.909827999999997,29.27575,2.369962e+00,0.0324,tile_30.8740_29.2470,moisture_differential
30.910971999999997,29.27575,2.328138e+00,0.0222,tile_30.8740_29.2470,moisture_differential
30.915236,29.27575,2.512475e+00,0.0671,tile_30.8740_29.2470,moisture_differential
30.916795999999998,29.27575,2.264465e+00,0.0066,tile_30.8740_29.2470,moisture_differential
30.917523999999997,29.27575,2.690427e+00,0.1105,tile_30.8740_29.2470,moisture_differential
30.918875999999997,29.27575,2.346721e+00,0.0267,tile_30.8740_29.2470,moisture_differential
30.923868,29.27575,2.928549e+00,0.1686,tile_30.8740_29.2470,moisture_differential
30.923972,29.27575,2.385933e+00,0.0362,tile_30.8740_29.2470,moisture_differential
30.92418,29.27575,2.869237e+00,0.1541,tile_30.8740_29.2470,moisture_differential
30.924284,29.27575,2.655167e+00,0.1019,tile_30.8740_29.2470,moisture_differential
30.924491999999997,29.27575,2.457073e+00,0.0536,tile_30.8740_29.2470,moisture_differential
30.881228,29.275658,2.252074e+00,0.0036,tile_30.8740_29.2470,moisture_differential
30.89558,29.275658,2.894816e+00,0.1604,tile_30.8740_29.2470,moisture_differential
30.895684,29.275658,2.527231e+00,0.0707,tile_30.8740_29.2470,moisture_differential
30.896932,29.275658,2.415307e+00,0.0434,tile_30.8740_29.2470,moisture_differential
30.897036,29.275658,2.746497e+00,0.1242,tile_30.8740_29.2470,moisture_differential
30.89714,29.275658,2.649782e+00,0.1006,tile_30.8740_29.2470,moisture_differential
30.898284,29.275658,2.540271e+00,0.0739,tile_30.8740_29.2470,moisture_differential
30.901819999999997,29.275658,2.705472e+00,0.1142,tile_30.8740_29.2470,moisture_differential
30.902444,29.275658,2.276733e+00,0.0096,tile_30.8740_29.2470,moisture_differential
30.902652,29.275658,2.365944e+00,0.0314,tile_30.8740_29.2470,moisture_differential
30.903588,29.275658,2.363240e+00,0.0307,tile_30.8740_29.2470,moisture_differential
30.906499999999998,29.275658,2.702529e+00,0.1135,tile_30.8740_29.2470,moisture_differential
30.907435999999997,29.275658,2.340820e+00,0.0252,tile_30.8740_29.2470,moisture_differential
30.909516,29.275658,2.333904e+00,0.0236,tile_30.8740_29.2470,moisture_differential
30.909619999999997,29.275658,2.526852e+00,0.0706,tile_30.8740_29.2470,moisture_differential
30.909827999999997,29.275658,2.300669e+00,0.0154,tile_30.8740_29.2470,moisture_differential
30.911179999999998,29.275658,2.458102e+00,0.0539,tile_30.8740_29.2470,moisture_differential
30.911284,29.275658,2.625754e+00,0.0948,tile_30.8740_29.2470,moisture_differential
30.913467999999998,29.275658,2.397852e+00,0.0392,tile_30.8740_29.2470,moisture_differential
30.919292,29.275658,2.628394e+00,0.0954,tile_30.8740_29.2470,moisture_differential
30.924284,29.275658,2.557565e+00,0.0781,tile_30.8740_29.2470,moisture_differential
30.87426,29.275565999999998,2.244754e+00,0.0018,tile_30.8740_29.2470,moisture_differential
30.87894,29.275565999999998,2.242490e+00,0.0013,tile_30.8740_29.2470,moisture_differential
30.895163999999998,29.275565999999998,2.249780e+00,0.0030,tile_30.8740_29.2470,moisture_differential
30.895476,29.275565999999998,2.937746e+00,0.1709,tile_30.8740_29.2470,moisture_differential
30.89558,29.275565999999998,2.948412e+00,0.1735,tile_30.8740_29.2470,moisture_differential
30.895684,29.275565999999998,2.561944e+00,0.0792,tile_30.8740_29.2470,moisture_differential
30.897036,29.275565999999998,2.788481e+00,0.1344,tile_30.8740_29.2470,moisture_differential
30.89714,29.275565999999998,2.848765e+00,0.1492,tile_30.8740_29.2470,moisture_differential
30.898387999999997,29.275565999999998,2.306179e+00,0.0168,tile_30.8740_29.2470,moisture_differential
30.899739999999998,29.275565999999998,2.331588e+00,0.0230,tile_30.8740_29.2470,moisture_differential
30.901715999999997,29.275565999999998,2.340436e+00,0.0252,tile_30.8740_29.2470,moisture_differential
30.904003999999997,29.275565999999998,2.262292e+00,0.0061,tile_30.8740_29.2470,moisture_differential
30.905044,29.275565999999998,2.662484e+00,0.1037,tile_30.8740_29.2470,moisture_differential
30.909204,29.275565999999998,2.343550e+00,0.0259,tile_30.8740_29.2470,moisture_differential
30.911179999999998,29.275565999999998,2.504796e+00,0.0652,tile_30.8740_29.2470,moisture_differential
30.911284,29.275565999999998,2.343775e+00,0.0260,tile_30.8740_29.2470,moisture_differential
30.913572,29.275565999999998,2.279472e+00,0.0103,tile_30.8740_29.2470,moisture_differential
30.922828,29.275565999999998,3.094657e+00,0.2091,tile_30.8740_29.2470,moisture_differential
30.92314,29.275565999999998,2.336727e+00,0.0242,tile_30.8740_29.2470,moisture_differential
30.923555999999998,29.275565999999998,2.451088e+00,0.0521,tile_30.8740_29.2470,moisture_differential
30.923659999999998,29.275565999999998,2.344878e+00,0.0262,tile_30.8740_29.2470,moisture_differential
30.923764,29.275565999999998,2.299162e+00,0.0151,tile_30.8740_29.2470,moisture_differential
30.925012,29.275565999999998,3.088585e+00,0.2077,tile_30.8740_29.2470,moisture_differential
30.87426,29.275474,2.415399e+00,0.0434,tile_30.8740_29.2470,moisture_differential
30.874364,29.275474,2.324236e+00,0.0212,tile_30.8740_29.2470,moisture_differential
30.883516,29.275474,2.361957e+00,0.0304,tile_30.8740_29.2470,moisture_differential
30.895476,29.275474,2.958511e+00,0.1759,tile_30.8740_29.2470,moisture_differential
30.89558,29.275474,3.197609e+00,0.2343,tile_30.8740_29.2470,moisture_differential
30.895684,29.275474,2.490795e+00,0.0618,tile_30.8740_29.2470,moisture_differential
30.895788,29.275474,2.501665e+00,0.0645,tile_30.8740_29.2470,moisture_differential
30.896828,29.275474,2.349088e+00,0.0273,tile_30.8740_29.2470,moisture_differential
30.89766,29.275474,2.284628e+00,0.0115,tile_30.8740_29.2470,moisture_differential
30.902444,29.275474,2.263470e+00,0.0064,tile_30.8740_29.2470,moisture_differential
30.904003999999997,29.275474,2.702021e+00,0.1134,tile_30.8740_29.2470,moisture_differential
30.90494,29.275474,2.405484e+00,0.0410,tile_30.8740_29.2470,moisture_differential
30.905044,29.275474,2.948458e+00,0.1735,tile_30.8740_29.2470,moisture_differential
30.905564,29.275474,2.296463e+00,0.0144,tile_30.8740_29.2470,moisture_differential
30.911179999999998,29.275474,2.415914e+00,0.0436,tile_30.8740_29.2470,moisture_differential
30.914611999999998,29.275474,2.325134e+00,0.0214,tile_30.8740_29.2470,moisture_differential
30.914716,29.275474,2.293425e+00,0.0137,tile_30.8740_29.2470,moisture_differential
30.91482,29.275474,2.550352e+00,0.0764,tile_30.8740_29.2470,moisture_differential
30.917939999999998,29.275474,2.605464e+00,0.0898,tile_30.8740_29.2470,moisture_differential
30.923555999999998,29.275474,2.328951e+00,0.0223,tile_30.8740_29.2470,moisture_differential
30.923659999999998,29.275474,2.366748e+00,0.0316,tile_30.8740_29.2470,moisture_differential
30.924908,29.275474,2.335158e+00,0.0239,tile_30.8740_29.2470,moisture_differential
30.925012,29.275474,2.894782e+00,0.1604,tile_30.8740_29.2470,moisture_differential
30.925116,29.275474,2.424417e+00,0.0456,tile_30.8740_29.2470,moisture_differential
30.874883999999998,29.275382,2.537900e+00,0.0733,tile_30.8740_29.2470,moisture_differential
30.874988,29.275382,2.490326e+00,0.0617,tile_30.8740_29.2470,moisture_differential
30.895059999999997,29.275382,2.517514e+00,0.0683,tile_30.8740_29.2470,moisture_differential
30.895163999999998,29.275382,2.257205e+00,0.0048,tile_30.8740_29.2470,moisture_differential
30.895684,29.275382,3.164589e+00,0.2262,tile_30.8740_29.2470,moisture_differential
30.895788,29.275382,3.190934e+00,0.2326,tile_30.8740_29.2470,moisture_differential
30.895892,29.275382,2.990399e+00,0.1837,tile_30.8740_29.2470,moisture_differential
30.896828,29.275382,2.544498e+00,0.0749,tile_30.8740_29.2470,moisture_differential
30.897868,29.275382,2.381693e+00,0.0352,tile_30.8740_29.2470,moisture_differential
30.899739999999998,29.275382,2.368909e+00,0.0321,tile_30.8740_29.2470,moisture_differential
30.900779999999997,29.275382,2.251642e+00,0.0035,tile_30.8740_29.2470,moisture_differential
30.901196,29.275382,2.335287e+00,0.0239,tile_30.8740_29.2470,moisture_differential
30.903484,29.275382,2.286559e+00,0.0120,tile_30.8740_29.2470,moisture_differential
30.904003999999997,29.275382,2.397722e+00,0.0391,tile_30.8740_29.2470,moisture_differential
30.904628,29.275382,2.308632e+00,0.0174,tile_30.8740_29.2470,moisture_differential
30.905668,29.275382,2.308358e+00,0.0173,tile_30.8740_29.2470,moisture_differential
30.906916,29.275382,2.613130e+00,0.0917,tile_30.8740_29.2470,moisture_differential
30.90702,29.275382,2.257979e+00,0.0050,tile_30.8740_29.2470,moisture_differential
30.907124,29.275382,2.808033e+00,0.1392,tile_30.8740_29.2470,moisture_differential
30.907228,29.275382,2.289206e+00,0.0127,tile_30.8740_29.2470,moisture_differential
30.910244,29.275382,2.418468e+00,0.0442,tile_30.8740_29.2470,moisture_differential
30.910348,29.275382,2.759632e+00,0.1274,tile_30.8740_29.2470,moisture_differential
30.91378,29.275382,2.363215e+00,0.0307,tile_30.8740_29.2470,moisture_differential
30.921788,29.275382,2.508300e+00,0.0661,tile_30.8740_29.2470,moisture_differential
30.922307999999997,29.275382,2.577079e+00,0.0829,tile_30.8740_29.2470,moisture_differential
30.923243999999997,29.275382,2.299810e+00,0.0152,tile_30.8740_29.2470,moisture_differential
30.923451999999997,29.275382,2.956878e+00,0.1755,tile_30.8740_29.2470,moisture_differential
30.923555999999998,29.275382,2.986157e+00,0.1827,tile_30.8740_29.2470,moisture_differential
30.923659999999998,29.275382,2.765405e+00,0.1288,tile_30.8740_29.2470,moisture_differential
30.925116,29.275382,2.485391e+00,0.0605,tile_30.8740_29.2470,moisture_differential
30.874779999999998,29.27529,2.261791e+00,0.0060,tile_30.8740_29.2470,moisture_differential
30.876652,29.27529,2.268826e+00,0.0077,tile_30.8740_29.2470,moisture_differential
30.895684,29.27529,3.352703e+00,0.2721,tile_30.8740_29.2470,moisture_differential
30.895788,29.27529,3.709395e+00,0.3591,tile_30.8740_29.2470,moisture_differential
30.895892,29.27529,3.160459e+00,0.2252,tile_30.8740_29.2470,moisture_differential
30.895996,29.27529,3.138933e+00,0.2199,tile_30.8740_29.2470,moisture_differential
30.896828,29.27529,2.297365e+00,0.0146,tile_30.8740_29.2470,moisture_differential
30.898804,29.27529,2.308652e+00,0.0174,tile_30.8740_29.2470,moisture_differential
30.90026,29.27529,2.596497e+00,0.0876,tile_30.8740_29.2470,moisture_differential
30.900364,29.27529,2.277461e+00,0.0098,tile_30.8740_29.2470,moisture_differential
30.900675999999997,29.27529,2.370318e+00,0.0324,tile_30.8740_29.2470,moisture_differential
30.900779999999997,29.27529,2.537194e+00,0.0731,tile_30.8740_29.2470,moisture_differential
30.902859999999997,29.27529,2.287522e+00,0.0122,tile_30.8740_29.2470,moisture_differential
30.9039,29.27529,2.357240e+00,0.0292,tile_30.8740_29.2470,moisture_differential
30.904003999999997,29.27529,2.598715e+00,0.0882,tile_30.8740_29.2470,moisture_differential
30.907435999999997,29.27529,2.242749e+00,0.0013,tile_30.8740_29.2470,moisture_differential
30.907852,29.27529,2.347149e+00,0.0268,tile_30.8740_29.2470,moisture_differential
30.908372,29.27529,2.406553e+00,0.0413,tile_30.8740_29.2470,moisture_differential
30.910348,29.27529,2.295985e+00,0.0143,tile_30.8740_29.2470,moisture_differential
30.917523999999997,29.27529,2.879260e+00,0.1566,tile_30.8740_29.2470,moisture_differential
30.917627999999997,29.27529,2.296029e+00,0.0143,tile_30.8740_29.2470,moisture_differential
30.918044,29.27529,2.476365e+00,0.0583,tile_30.8740_29.2470,moisture_differential
30.9195,29.27529,2.250974e+00,0.0033,tile_30.8740_29.2470,moisture_differential
30.920436,29.27529,2.336241e+00,0.0241,tile_30.8740_29.2470,moisture_differential
30.923451999999997,29.27529,2.768661e+00,0.1296,tile_30.8740_29.2470,moisture_differential
30.923659999999998,29.27529,2.297147e+00,0.0146,tile_30.8740_29.2470,moisture_differential
30.924387999999997,29.27529,2.476253e+00,0.0583,tile_30.8740_29.2470,moisture_differential
30.92522,29.27529,2.359220e+00,0.0297,tile_30.8740_29.2470,moisture_differential
30.874052,29.275198,2.431655e+00,0.0474,tile_30.8740_29.2470,moisture_differential
30.895684,29.275198,3.023894e+00,0.1919,tile_30.8740_29.2470,moisture_differential
30.895788,29.275198,3.409765e+00,0.2860,tile_30.8740_29.2470,moisture_differential
30.895892,29.275198,3.301706e+00,0.2596,tile_30.8740_29.2470,moisture_differential
30.895996,29.275198,3.092931e+00,0.2087,tile_30.8740_29.2470,moisture_differential
30.900571999999997,29.275198,2.637783e+00,0.0977,tile_30.8740_29.2470,moisture_differential
30.900675999999997,29.275198,2.635099e+00,0.0970,tile_30.8740_29.2470,moisture_differential
30.900779999999997,29.275198,2.951471e+00,0.1742,tile_30.8740_29.2470,moisture_differential
30.903171999999998,29.275198,2.657019e+00,0.1024,tile_30.8740_29.2470,moisture_differential
30.903275999999998,29.275198,2.262287e+00,0.0061,tile_30.8740_29.2470,moisture_differential
30.908372,29.275198,2.304067e+00,0.0163,tile_30.8740_29.2470,moisture_differential
30.908996,29.275198,2.263460e+00,0.0064,tile_30.8740_29.2470,moisture_differential
30.915547999999998,29.275198,2.271952e+00,0.0084,tile_30.8740_29.2470,moisture_differential
30.917108,29.275198,2.305357e+00,0.0166,tile_30.8740_29.2470,moisture_differential
30.918044,29.275198,2.247395e+00,0.0025,tile_30.8740_29.2470,moisture_differential
30.920019999999997,29.275198,2.434118e+00,0.0480,tile_30.8740_29.2470,moisture_differential
30.923555999999998,29.275198,2.237621e+00,0.0001,tile_30.8740_29.2470,moisture_differential
30.924076,29.275198,2.288916e+00,0.0126,tile_30.8740_29.2470,moisture_differential
30.924595999999998,29.275198,2.312126e+00,0.0182,tile_30.8740_29.2470,moisture_differential
30.924699999999998,29.275198,2.530689e+00,0.0716,tile_30.8740_29.2470,moisture_differential
30.92522,29.275198,2.609948e+00,0.0909,tile_30.8740_29.2470,moisture_differential
30.875196,29.275106,2.297854e+00,0.0148,tile_30.8740_29.2470,moisture_differential
30.895788,29.275106,2.884158e+00,0.1578,tile_30.8740_29.2470,moisture_differential
30.895892,29.275106,3.208073e+00,0.2368,tile_30.8740_29.2470,moisture_differential
30.895996,29.275106,2.976632e+00,0.1803,tile_30.8740_29.2470,moisture_differential
30.896099999999997,29.275106,3.329929e+00,0.2665,tile_30.8740_29.2470,moisture_differential
30.900675999999997,29.275106,2.474522e+00,0.0579,tile_30.8740_29.2470,moisture_differential
30.900779999999997,29.275106,2.653262e+00,0.1015,tile_30.8740_29.2470,moisture_differential
30.905772,29.275106,2.617957e+00,0.0929,tile_30.8740_29.2470,moisture_differential
30.907228,29.275106,2.458830e+00,0.0540,tile_30.8740_29.2470,moisture_differential
30.908372,29.275106,2.414694e+00,0.0433,tile_30.8740_29.2470,moisture_differential
30.908683999999997,29.275106,2.696999e+00,0.1121,tile_30.8740_29.2470,moisture_differential
30.909619999999997,29.275106,2.422800e+00,0.0452,tile_30.8740_29.2470,moisture_differential
30.910348,29.275106,2.313813e+00,0.0187,tile_30.8740_29.2470,moisture_differential
30.917523999999997,29.275106,2.249321e+00,0.0029,tile_30.8740_29.2470,moisture_differential
30.917627999999997,29.275106,2.632586e+00,0.0964,tile_30.8740_29.2470,moisture_differential
30.918356,29.275106,2.351302e+00,0.0278,tile_30.8740_29.2470,moisture_differential
30.919188,29.275106,2.480767e+00,0.0594,tile_30.8740_29.2470,moisture_differential
30.920955999999997,29.275106,2.304583e+00,0.0164,tile_30.8740_29.2470,moisture_differential
30.925324,29.275106,2.348805e+00,0.0272,tile_30.8740_29.2470,moisture_differential
30.881956,29.275014,2.530721e+00,0.0716,tile_30.8740_29.2470,moisture_differential
30.882579999999997,29.275014,2.332823e+00,0.0233,tile_30.8740_29.2470,moisture_differential
30.895788,29.275014,2.341355e+00,0.0254,tile_30.8740_29.2470,moisture_differential
30.895892,29.275014,2.722835e+00,0.1184,tile_30.8740_29.2470,moisture_differential
30.896099999999997,29.275014,2.907905e+00,0.1636,tile_30.8740_29.2470,moisture_differential
30.896203999999997,29.275014,2.973120e+00,0.1795,tile_30.8740_29.2470,moisture_differential
30.896307999999998,29.275014,2.514457e+00,0.0676,tile_30.8740_29.2470,moisture_differential
30.897036,29.275014,2.578266e+00,0.0832,tile_30.8740_29.2470,moisture_differential
30.897764,29.275014,2.294600e+00,0.0140,tile_30.8740_29.2470,moisture_differential
30.897868,29.275014,2.272290e+00,0.0085,tile_30.8740_29.2470,moisture_differential
30.898804,29.275014,2.505447e+00,0.0654,tile_30.8740_29.2470,moisture_differential
30.901612,29.275014,3.018101e+00,0.1905,tile_30.8740_29.2470,moisture_differential
30.901715999999997,29.275014,2.587577e+00,0.0854,tile_30.8740_29.2470,moisture_differential
30.907747999999998,29.275014,2.420231e+00,0.0446,tile_30.8740_29.2470,moisture_differential
30.908683999999997,29.275014,2.999993e+00,0.1860,tile_30.8740_29.2470,moisture_differential
30.908787999999998,29.275014,2.467575e+00,0.0562,tile_30.8740_29.2470,moisture_differential
30.909516,29.275014,2.342497e+00,0.0257,tile_30.8740_29.2470,moisture_differential
30.909619999999997,29.275014,3.199577e+00,0.2347,tile_30.8740_29.2470,moisture_differential
30.911179999999998,29.275014,2.372964e+00,0.0331,tile_30.8740_29.2470,moisture_differential
30.913988,29.275014,2.316431e+00,0.0193,tile_30.8740_29.2470,moisture_differential
30.914092,29.275014,2.412871e+00,0.0428,tile_30.8740_29.2470,moisture_differential
30.914195999999997,29.275014,2.238689e+00,0.0003,tile_30.8740_29.2470,moisture_differential
30.914403999999998,29.275014,2.252203e+00,0.0036,tile_30.8740_29.2470,moisture_differential
30.916795999999998,29.275014,2.280187e+00,0.0105,tile_30.8740_29.2470,moisture_differential
30.917523999999997,29.275014,2.468818e+00,0.0565,tile_30.8740_29.2470,moisture_differential
30.917627999999997,29.275014,2.542330e+00,0.0744,tile_30.8740_29.2470,moisture_differential
30.917731999999997,29.275014,2.472799e+00,0.0574,tile_30.8740_29.2470,moisture_differential
30.922932,29.275014,2.701417e+00,0.1132,tile_30.8740_29.2470,moisture_differential
30.924803999999998,29.275014,2.286494e+00,0.0120,tile_30.8740_29.2470,moisture_differential
30.925947999999998,29.275014,2.634184e+00,0.0968,tile_30.8740_29.2470,moisture_differential
30.878628,29.274922,2.280275e+00,0.0105,tile_30.8740_29.2470,moisture_differential
30.878732,29.274922,2.359159e+00,0.0297,tile_30.8740_29.2470,moisture_differential
30.881956,29.274922,3.124188e+00,0.2163,tile_30.8740_29.2470,moisture_differential
30.88206,29.274922,2.253488e+00,0.0039,tile_30.8740_29.2470,moisture_differential
30.894332,29.274922,2.268840e+00,0.0077,tile_30.8740_29.2470,moisture_differential
30.894748,29.274922,2.267966e+00,0.0075,tile_30.8740_29.2470,moisture_differential
30.896099999999997,29.274922,2.440554e+00,0.0496,tile_30.8740_29.2470,moisture_differential
30.896203999999997,29.274922,2.922140e+00,0.1671,tile_30.8740_29.2470,moisture_differential
30.896307999999998,29.274922,3.347835e+00,0.2709,tile_30.8740_29.2470,moisture_differential
30.896411999999998,29.274922,2.377478e+00,0.0342,tile_30.8740_29.2470,moisture_differential
30.897036,29.274922,2.266107e+00,0.0070,tile_30.8740_29.2470,moisture_differential
30.897764,29.274922,2.332582e+00,0.0232,tile_30.8740_29.2470,moisture_differential
30.897868,29.274922,2.336658e+00,0.0242,tile_30.8740_29.2470,moisture_differential
30.898804,29.274922,2.514373e+00,0.0676,tile_30.8740_29.2470,moisture_differential
30.898908,29.274922,2.756008e+00,0.1265,tile_30.8740_29.2470,moisture_differential
30.899012,29.274922,2.446422e+00,0.0510,tile_30.8740_29.2470,moisture_differential
30.899116,29.274922,2.442699e+00,0.0501,tile_30.8740_29.2470,moisture_differential
30.899948,29.274922,2.274198e+00,0.0090,tile_30.8740_29.2470,moisture_differential
30.900156,29.274922,2.784643e+00,0.1335,tile_30.8740_29.2470,moisture_differential
30.905772,29.274922,2.425257e+00,0.0458,tile_30.8740_29.2470,moisture_differential
30.907124,29.274922,2.476121e+00,0.0583,tile_30.8740_29.2470,moisture_differential
30.907228,29.274922,2.336752e+00,0.0243,tile_30.8740_29.2470,moisture_differential
30.908787999999998,29.274922,2.586345e+00,0.0851,tile_30.8740_29.2470,moisture_differential
30.909619999999997,29.274922,2.400435e+00,0.0398,tile_30.8740_29.2470,moisture_differential
30.910867999999997,29.274922,2.316776e+00,0.0194,tile_30.8740_29.2470,moisture_differential
30.910971999999997,29.274922,2.519088e+00,0.0687,tile_30.8740_29.2470,moisture_differential
30.914716,29.274922,2.252155e+00,0.0036,tile_30.8740_29.2470,moisture_differential
30.917523999999997,29.274922,2.328422e+00,0.0222,tile_30.8740_29.2470,moisture_differential
30.917627999999997,29.274922,2.482768e+00,0.0599,tile_30.8740_29.2470,moisture_differential
30.9195,29.274922,2.335015e+00,0.0238,tile_30.8740_29.2470,moisture_differential
30.919604,29.274922,2.484135e+00,0.0602,tile_30.8740_29.2470,moisture_differential
30.921163999999997,29.274922,2.258728e+00,0.0052,tile_30.8740_29.2470,moisture_differential
30.924803999999998,29.274922,2.288474e+00,0.0125,tile_30.8740_29.2470,moisture_differential
30.880395999999998,29.274829999999998,2.331606e+00,0.0230,tile_30.8740_29.2470,moisture_differential
30.881956,29.274829999999998,2.901259e+00,0.1620,tile_30.8740_29.2470,moisture_differential
30.88206,29.274829999999998,2.420650e+00,0.0447,tile_30.8740_29.2470,moisture_differential
30.894748,29.274829999999998,2.661819e+00,0.1036,tile_30.8740_29.2470,moisture_differential
30.894852,29.274829999999998,2.393377e+00,0.0381,tile_30.8740_29.2470,moisture_differential
30.896203999999997,29.274829999999998,3.249183e+00,0.2468,tile_30.8740_29.2470,moisture_differential
30.896307999999998,29.274829999999998,4.187586e+00,0.4758,tile_30.8740_29.2470,moisture_differential
30.896411999999998,29.274829999999998,3.334848e+00,0.2677,tile_30.8740_29.2470,moisture_differential
30.896516,29.274829999999998,2.627713e+00,0.0952,tile_30.8740_29.2470,moisture_differential
30.89714,29.274829999999998,2.306891e+00,0.0170,tile_30.8740_29.2470,moisture_differential
30.897243999999997,29.274829999999998,2.471782e+00,0.0572,tile_30.8740_29.2470,moisture_differential
30.897347999999997,29.274829999999998,2.374454e+00,0.0334,tile_30.8740_29.2470,moisture_differential
30.897764,29.274829999999998,2.246756e+00,0.0023,tile_30.8740_29.2470,moisture_differential
30.898804,29.274829999999998,2.610313e+00,0.0910,tile_30.8740_29.2470,moisture_differential
30.898908,29.274829999999998,3.014839e+00,0.1897,tile_30.8740_29.2470,moisture_differential
30.899012,29.274829999999998,3.246681e+00,0.2462,tile_30.8740_29.2470,moisture_differential
30.899116,29.274829999999998,2.985045e+00,0.1824,tile_30.8740_29.2470,moisture_differential
30.900052,29.274829999999998,2.752500e+00,0.1257,tile_30.8740_29.2470,moisture_differential
30.900156,29.274829999999998,2.357685e+00,0.0294,tile_30.8740_29.2470,moisture_differential
30.900364,29.274829999999998,2.834134e+00,0.1456,tile_30.8740_29.2470,moisture_differential
30.906708,29.274829999999998,2.274966e+00,0.0092,tile_30.8740_29.2470,moisture_differential
30.907228,29.274829999999998,2.506320e+00,0.0656,tile_30.8740_29.2470,moisture_differential
30.907332,29.274829999999998,3.308909e+00,0.2614,tile_30.8740_29.2470,moisture_differential
30.907643999999998,29.274829999999998,2.256011e+00,0.0046,tile_30.8740_29.2470,moisture_differential
30.908476,29.274829999999998,2.482150e+00,0.0597,tile_30.8740_29.2470,moisture_differential
30.908579999999997,29.274829999999998,2.351461e+00,0.0278,tile_30.8740_29.2470,moisture_differential
30.909204,29.274829999999998,2.267318e+00,0.0073,tile_30.8740_29.2470,moisture_differential
30.910244,29.274829999999998,2.373420e+00,0.0332,tile_30.8740_29.2470,moisture_differential
30.910867999999997,29.274829999999998,2.875461e+00,0.1557,tile_30.8740_29.2470,moisture_differential
30.910971999999997,29.274829999999998,2.711612e+00,0.1157,tile_30.8740_29.2470,moisture_differential
30.914611999999998,29.274829999999998,2.392778e+00,0.0379,tile_30.8740_29.2470,moisture_differential
30.914716,29.274829999999998,2.579120e+00,0.0834,tile_30.8740_29.2470,moisture_differential
30.91482,29.274829999999998,2.360674e+00,0.0301,tile_30.8740_29.2470,moisture_differential
30.917316,29.274829999999998,2.364401e+00,0.0310,tile_30.8740_29.2470,moisture_differential
30.918252,29.274829999999998,2.340171e+00,0.0251,tile_30.8740_29.2470,moisture_differential
30.9195,29.274829999999998,3.018083e+00,0.1905,tile_30.8740_29.2470,moisture_differential
30.919604,29.274829999999998,2.710322e+00,0.1154,tile_30.8740_29.2470,moisture_differential
30.919708,29.274829999999998,2.332058e+00,0.0231,tile_30.8740_29.2470,moisture_differential
30.921163999999997,29.274829999999998,2.599941e+00,0.0885,tile_30.8740_29.2470,moisture_differential
30.922515999999998,29.274829999999998,2.255167e+00,0.0043,tile_30.8740_29.2470,moisture_differential
30.925635999999997,29.274829999999998,2.295443e+00,0.0142,tile_30.8740_29.2470,moisture_differential
30.896203999999997,29.274738,2.555941e+00,0.0777,tile_30.8740_29.2470,moisture_differential
30.896307999999998,29.274738,3.381931e+00,0.2792,tile_30.8740_29.2470,moisture_differential
30.896411999999998,29.274738,3.387187e+00,0.2805,tile_30.8740_29.2470,moisture_differential
30.896516,29.274738,2.996284e+00,0.1851,tile_30.8740_29.2470,moisture_differential
30.89714,29.274738,2.280095e+00,0.0104,tile_30.8740_29.2470,moisture_differential
30.897347999999997,29.274738,2.275539e+00,0.0093,tile_30.8740_29.2470,moisture_differential
30.897451999999998,29.274738,2.306921e+00,0.0170,tile_30.8740_29.2470,moisture_differential
30.897555999999998,29.274738,2.424420e+00,0.0456,tile_30.8740_29.2470,moisture_differential
30.898284,29.274738,2.279202e+00,0.0102,tile_30.8740_29.2470,moisture_differential
30.898908,29.274738,2.721250e+00,0.1180,tile_30.8740_29.2470,moisture_differential
30.899012,29.274738,3.120152e+00,0.2154,tile_30.8740_29.2470,moisture_differential
30.899116,29.274738,2.870902e+00,0.1546,tile_30.8740_29.2470,moisture_differential
30.89922,29.274738,2.644226e+00,0.0993,tile_30.8740_29.2470,moisture_differential
30.900779999999997,29.274738,2.311459e+00,0.0181,tile_30.8740_29.2470,moisture_differential
30.901612,29.274738,2.272559e+00,0.0086,tile_30.8740_29.2470,moisture_differential
30.901715999999997,29.274738,2.737394e+00,0.1220,tile_30.8740_29.2470,moisture_differential
30.906708,29.274738,2.482509e+00,0.0598,tile_30.8740_29.2470,moisture_differential
30.907228,29.274738,3.007086e+00,0.1878,tile_30.8740_29.2470,moisture_differential
30.908579999999997,29.274738,2.657494e+00,0.1025,tile_30.8740_29.2470,moisture_differential
30.910971999999997,29.274738,2.305418e+00,0.0166,tile_30.8740_29.2470,moisture_differential
30.91638,29.274738,2.251428e+00,0.0034,tile_30.8740_29.2470,moisture_differential
30.917108,29.274738,2.342068e+00,0.0255,tile_30.8740_29.2470,moisture_differential
30.918252,29.274738,2.507943e+00,0.0660,tile_30.8740_29.2470,moisture_differential
30.918356,29.274738,2.575346e+00,0.0825,tile_30.8740_29.2470,moisture_differential
30.9195,29.274738,2.605177e+00,0.0897,tile_30.8740_29.2470,moisture_differential
30.919604,29.274738,3.224070e+00,0.2407,tile_30.8740_29.2470,moisture_differential
30.919708,29.274738,2.954378e+00,0.1749,tile_30.8740_29.2470,moisture_differential
30.919811999999997,29.274738,2.367065e+00,0.0316,tile_30.8740_29.2470,moisture_differential
30.922411999999998,29.274738,2.780984e+00,0.1326,tile_30.8740_29.2470,moisture_differential
30.922515999999998,29.274738,2.511400e+00,0.0669,tile_30.8740_29.2470,moisture_differential
30.92262,29.274738,2.266954e+00,0.0072,tile_30.8740_29.2470,moisture_differential
30.924595999999998,29.274738,2.354349e+00,0.0285,tile_30.8740_29.2470,moisture_differential
30.924908,29.274738,2.425815e+00,0.0460,tile_30.8740_29.2470,moisture_differential
30.925428,29.274738,2.429072e+00,0.0468,tile_30.8740_29.2470,moisture_differential
30.925531999999997,29.274738,3.216710e+00,0.2389,tile_30.8740_29.2470,moisture_differential
30.925635999999997,29.274738,3.780145e+00,0.3764,tile_30.8740_29.2470,moisture_differential
30.925739999999998,29.274738,2.900853e+00,0.1619,tile_30.8740_29.2470,moisture_differential
30.887676,29.274646,2.322882e+00,0.0209,tile_30.8740_29.2470,moisture_differential
30.88778,29.274646,2.436956e+00,0.0487,tile_30.8740_29.2470,moisture_differential
30.895267999999998,29.274646,2.278579e+00,0.0101,tile_30.8740_29.2470,moisture_differential
30.896307999999998,29.274646,2.277397e+00,0.0098,tile_30.8740_29.2470,moisture_differential
30.896411999999998,29.274646,2.808475e+00,0.1393,tile_30.8740_29.2470,moisture_differential
30.896516,29.274646,2.985747e+00,0.1826,tile_30.8740_29.2470,moisture_differential
30.89662,29.274646,2.423256e+00,0.0454,tile_30.8740_29.2470,moisture_differential
30.89714,29.274646,2.439601e+00,0.0493,tile_30.8740_29.2470,moisture_differential
30.897347999999997,29.274646,2.396132e+00,0.0387,tile_30.8740_29.2470,moisture_differential
30.897451999999998,29.274646,2.542872e+00,0.0745,tile_30.8740_29.2470,moisture_differential
30.897555999999998,29.274646,2.456775e+00,0.0535,tile_30.8740_29.2470,moisture_differential
30.899012,29.274646,2.272332e+00,0.0085,tile_30.8740_29.2470,moisture_differential
30.899116,29.274646,2.871820e+00,0.1548,tile_30.8740_29.2470,moisture_differential
30.89922,29.274646,2.841035e+00,0.1473,tile_30.8740_29.2470,moisture_differential
30.899531999999997,29.274646,2.772950e+00,0.1307,tile_30.8740_29.2470,moisture_differential
30.899635999999997,29.274646,2.275594e+00,0.0093,tile_30.8740_29.2470,moisture_differential
30.899843999999998,29.274646,2.600788e+00,0.0887,tile_30.8740_29.2470,moisture_differential
30.899948,29.274646,2.348564e+00,0.0271,tile_30.8740_29.2470,moisture_differential
30.9013,29.274646,2.341631e+00,0.0254,tile_30.8740_29.2470,moisture_differential
30.901404,29.274646,2.483002e+00,0.0599,tile_30.8740_29.2470,moisture_differential
30.906812,29.274646,2.313967e+00,0.0187,tile_30.8740_29.2470,moisture_differential
30.906916,29.274646,2.455253e+00,0.0532,tile_30.8740_29.2470,moisture_differential
30.908476,29.274646,2.245990e+00,0.0021,tile_30.8740_29.2470,moisture_differential
30.908579999999997,29.274646,2.809424e+00,0.1396,tile_30.8740_29.2470,moisture_differential
30.909619999999997,29.274646,2.639747e+00,0.0982,tile_30.8740_29.2470,moisture_differential
30.909723999999997,29.274646,2.696829e+00,0.1121,tile_30.8740_29.2470,moisture_differential
30.910556,29.274646,2.265445e+00,0.0069,tile_30.8740_29.2470,moisture_differential
30.91066,29.274646,2.279663e+00,0.0103,tile_30.8740_29.2470,moisture_differential
30.911596,29.274646,2.266977e+00,0.0072,tile_30.8740_29.2470,moisture_differential
30.917212,29.274646,2.568841e+00,0.0809,tile_30.8740_29.2470,moisture_differential
30.918356,29.274646,2.307795e+00,0.0172,tile_30.8740_29.2470,moisture_differential
30.91846,29.274646,2.528311e+00,0.0710,tile_30.8740_29.2470,moisture_differential
30.918667999999997,29.274646,2.617414e+00,0.0927,tile_30.8740_29.2470,moisture_differential
30.919604,29.274646,2.794655e+00,0.1360,tile_30.8740_29.2470,moisture_differential
30.919811999999997,29.274646,2.348449e+00,0.0271,tile_30.8740_29.2470,moisture_differential
30.920123999999998,29.274646,2.379548e+00,0.0347,tile_30.8740_29.2470,moisture_differential
30.922724,29.274646,2.338816e+00,0.0248,tile_30.8740_29.2470,moisture_differential
30.922828,29.274646,2.806593e+00,0.1389,tile_30.8740_29.2470,moisture_differential
30.922932,29.274646,2.399838e+00,0.0396,tile_30.8740_29.2470,moisture_differential
30.924491999999997,29.274646,3.253724e+00,0.2479,tile_30.8740_29.2470,moisture_differential
30.92522,29.274646,2.389450e+00,0.0371,tile_30.8740_29.2470,moisture_differential
30.925635999999997,29.274646,2.416111e+00,0.0436,tile_30.8740_29.2470,moisture_differential
30.925739999999998,29.274646,2.897461e+00,0.1610,tile_30.8740_29.2470,moisture_differential
30.925843999999998,29.274646,2.875568e+00,0.1557,tile_30.8740_29.2470,moisture_differential
30.881852,29.274554,2.340998e+00,0.0253,tile_30.8740_29.2470,moisture_differential
30.887572,29.274554,2.325700e+00,0.0216,tile_30.8740_29.2470,moisture_differential
30.887676,29.274554,2.599689e+00,0.0884,tile_30.8740_29.2470,moisture_differential
30.88778,29.274554,2.923331e+00,0.1673,tile_30.8740_29.2470,moisture_differential
30.896411999999998,29.274554,2.248638e+00,0.0028,tile_30.8740_29.2470,moisture_differential
30.896516,29.274554,2.874536e+00,0.1554,tile_30.8740_29.2470,moisture_differential
30.89662,29.274554,2.424421e+00,0.0456,tile_30.8740_29.2470,moisture_differential
30.897243999999997,29.274554,2.861947e+00,0.1524,tile_30.8740_29.2470,moisture_differential
30.897347999999997,29.274554,2.576559e+00,0.0828,tile_30.8740_29.2470,moisture_differential
30.89766,29.274554,2.288928e+00,0.0126,tile_30.8740_29.2470,moisture_differential
30.89818,29.274554,2.604548e+00,0.0896,tile_30.8740_29.2470,moisture_differential
30.898491999999997,29.274554,2.572412e+00,0.0817,tile_30.8740_29.2470,moisture_differential
30.898595999999998,29.274554,2.482020e+00,0.0597,tile_30.8740_29.2470,moisture_differential
30.899531999999997,29.274554,2.267649e+00,0.0074,tile_30.8740_29.2470,moisture_differential
30.899635999999997,29.274554,2.546805e+00,0.0755,tile_30.8740_29.2470,moisture_differential
30.900052,29.274554,2.373672e+00,0.0333,tile_30.8740_29.2470,moisture_differential
30.900156,29.274554,2.477013e+00,0.0585,tile_30.8740_29.2470,moisture_differential
30.90026,29.274554,2.449962e+00,0.0519,tile_30.8740_29.2470,moisture_differential
30.900364,29.274554,2.505246e+00,0.0654,tile_30.8740_29.2470,moisture_differential
30.9013,29.274554,2.511296e+00,0.0668,tile_30.8740_29.2470,moisture_differential
30.906916,29.274554,2.321240e+00,0.0205,tile_30.8740_29.2470,moisture_differential
30.90806,29.274554,2.775524e+00,0.1313,tile_30.8740_29.2470,moisture_differential
30.908476,29.274554,2.507019e+00,0.0658,tile_30.8740_29.2470,moisture_differential
30.909723999999997,29.274554,2.379795e+00,0.0348,tile_30.8740_29.2470,moisture_differential
30.910556,29.274554,2.499574e+00,0.0640,tile_30.8740_29.2470,moisture_differential
30.913676,29.274554,2.518433e+00,0.0686,tile_30.8740_29.2470,moisture_differential
30.914403999999998,29.274554,2.356518e+00,0.0291,tile_30.8740_29.2470,moisture_differential
30.915028,29.274554,2.379026e+00,0.0346,tile_30.8740_29.2470,moisture_differential
30.915547999999998,29.274554,2.850436e+00,0.1496,tile_30.8740_29.2470,moisture_differential
30.917212,29.274554,2.294451e+00,0.0139,tile_30.8740_29.2470,moisture_differential
30.918148,29.274554,2.346095e+00,0.0265,tile_30.8740_29.2470,moisture_differential
30.918252,29.274554,2.588155e+00,0.0856,tile_30.8740_29.2470,moisture_differential
30.922724,29.274554,2.682049e+00,0.1085,tile_30.8740_29.2470,moisture_differential
30.922828,29.274554,3.261699e+00,0.2499,tile_30.8740_29.2470,moisture_differential
30.922932,29.274554,2.464933e+00,0.0555,tile_30.8740_29.2470,moisture_differential
30.924387999999997,29.274554,2.252432e+00,0.0037,tile_30.8740_29.2470,moisture_differential
30.924595999999998,29.274554,2.575600e+00,0.0825,tile_30.8740_29.2470,moisture_differential
30.924803999999998,29.274554,2.252821e+00,0.0038,tile_30.8740_29.2470,moisture_differential
30.924908,29.274554,2.511731e+00,0.0669,tile_30.8740_29.2470,moisture_differential
30.925428,29.274554,2.422210e+00,0.0451,tile_30.8740_29.2470,moisture_differential
30.925843999999998,29.274554,2.284075e+00,0.0114,tile_30.8740_29.2470,moisture_differential
30.881956,29.274462,2.504412e+00,0.0652,tile_30.8740_29.2470,moisture_differential
30.882683999999998,29.274462,2.380725e+00,0.0350,tile_30.8740_29.2470,moisture_differential
30.88778,29.274462,2.270852e+00,0.0082,tile_30.8740_29.2470,moisture_differential
30.894852,29.274462,2.438785e+00,0.0491,tile_30.8740_29.2470,moisture_differential
30.894955999999997,29.274462,2.444883e+00,0.0506,tile_30.8740_29.2470,moisture_differential
30.895059999999997,29.274462,2.388689e+00,0.0369,tile_30.8740_29.2470,moisture_differential
30.89662,29.274462,2.738056e+00,0.1221,tile_30.8740_29.2470,moisture_differential
30.896724,29.274462,3.069645e+00,0.2030,tile_30.8740_29.2470,moisture_differential
30.89766,29.274462,2.455974e+00,0.0533,tile_30.8740_29.2470,moisture_differential
30.897764,29.274462,2.398334e+00,0.0393,tile_30.8740_29.2470,moisture_differential
30.898076,29.274462,2.374869e+00,0.0336,tile_30.8740_29.2470,moisture_differential
30.898284,29.274462,2.608611e+00,0.0906,tile_30.8740_29.2470,moisture_differential
30.898491999999997,29.274462,3.007263e+00,0.1878,tile_30.8740_29.2470,moisture_differential
30.898595999999998,29.274462,3.056769e+00,0.1999,tile_30.8740_29.2470,moisture_differential
30.898699999999998,29.274462,2.695857e+00,0.1119,tile_30.8740_29.2470,moisture_differential
30.900156,29.274462,2.337749e+00,0.0245,tile_30.8740_29.2470,moisture_differential
30.900675999999997,29.274462,2.240798e+00,0.0008,tile_30.8740_29.2470,moisture_differential
30.900883999999998,29.274462,2.359843e+00,0.0299,tile_30.8740_29.2470,moisture_differential
30.9013,29.274462,2.341758e+00,0.0255,tile_30.8740_29.2470,moisture_differential
30.905876,29.274462,2.242184e+00,0.0012,tile_30.8740_29.2470,moisture_differential
30.90598,29.274462,2.636513e+00,0.0974,tile_30.8740_29.2470,moisture_differential
30.906084,29.274462,2.539954e+00,0.0738,tile_30.8740_29.2470,moisture_differential
30.906708,29.274462,2.402225e+00,0.0402,tile_30.8740_29.2470,moisture_differential
30.906812,29.274462,2.353426e+00,0.0283,tile_30.8740_29.2470,moisture_differential
30.906916,29.274462,2.364352e+00,0.0310,tile_30.8740_29.2470,moisture_differential
30.910035999999998,29.274462,2.319453e+00,0.0200,tile_30.8740_29.2470,moisture_differential
30.910556,29.274462,2.240790e+00,0.0008,tile_30.8740_29.2470,moisture_differential
30.91066,29.274462,2.819956e+00,0.1421,tile_30.8740_29.2470,moisture_differential
30.910763999999997,29.274462,2.337608e+00,0.0245,tile_30.8740_29.2470,moisture_differential
30.913572,29.274462,2.921260e+00,0.1668,tile_30.8740_29.2470,moisture_differential
30.913676,29.274462,2.710169e+00,0.1153,tile_30.8740_29.2470,moisture_differential
30.91378,29.274462,2.400663e+00,0.0398,tile_30.8740_29.2470,moisture_differential
30.914507999999998,29.274462,2.411715e+00,0.0425,tile_30.8740_29.2470,moisture_differential
30.915236,29.274462,2.841687e+00,0.1474,tile_30.8740_29.2470,moisture_differential
30.922411999999998,29.274462,2.454771e+00,0.0530,tile_30.8740_29.2470,moisture_differential
30.922515999999998,29.274462,2.735124e+00,0.1214,tile_30.8740_29.2470,moisture_differential
30.92262,29.274462,2.553231e+00,0.0771,tile_30.8740_29.2470,moisture_differential
30.922724,29.274462,2.433771e+00,0.0479,tile_30.8740_29.2470,moisture_differential
30.922828,29.274462,2.404940e+00,0.0409,tile_30.8740_29.2470,moisture_differential
30.924803999999998,29.274462,2.352589e+00,0.0281,tile_30.8740_29.2470,moisture_differential
30.924908,29.274462,2.301097e+00,0.0156,tile_30.8740_29.2470,moisture_differential
30.925843999999998,29.274462,2.546426e+00,0.0754,tile_30.8740_29.2470,moisture_differential
30.874883999999998,29.27437,2.364265e+00,0.0310,tile_30.8740_29.2470,moisture_differential
30.88778,29.27437,2.817235e+00,0.1415,tile_30.8740_29.2470,moisture_differential
30.887884,29.27437,2.565597e+00,0.0801,tile_30.8740_29.2470,moisture_differential
30.894955999999997,29.27437,2.390769e+00,0.0374,tile_30.8740_29.2470,moisture_differential
30.895684,29.27437,2.257490e+00,0.0049,tile_30.8740_29.2470,moisture_differential
30.895892,29.27437,2.447579e+00,0.0513,tile_30.8740_29.2470,moisture_differential
30.89662,29.27437,3.020386e+00,0.1910,tile_30.8740_29.2470,moisture_differential
30.896724,29.27437,2.831504e+00,0.1449,tile_30.8740_29.2470,moisture_differential
30.896828,29.27437,2.266655e+00,0.0072,tile_30.8740_29.2470,moisture_differential
30.89766,29.27437,2.941789e+00,0.1718,tile_30.8740_29.2470,moisture_differential
30.897764,29.27437,2.880858e+00,0.1570,tile_30.8740_29.2470,moisture_differential
30.897972,29.27437,2.367028e+00,0.0316,tile_30.8740_29.2470,moisture_differential
30.898076,29.27437,2.790734e+00,0.1350,tile_30.8740_29.2470,moisture_differential
30.89818,29.27437,2.710533e+00,0.1154,tile_30.8740_29.2470,moisture_differential
30.898284,29.27437,2.482877e+00,0.0599,tile_30.8740_29.2470,moisture_differential
30.898387999999997,29.27437,2.460373e+00,0.0544,tile_30.8740_29.2470,moisture_differential
30.898491999999997,29.27437,3.516768e+00,0.3121,tile_30.8740_29.2470,moisture_differential
30.898595999999998,29.27437,3.358303e+00,0.2735,tile_30.8740_29.2470,moisture_differential
30.898699999999998,29.27437,3.468223e+00,0.3003,tile_30.8740_29.2470,moisture_differential
30.898804,29.27437,3.345304e+00,0.2703,tile_30.8740_29.2470,moisture_differential
30.905668,29.27437,2.312905e+00,0.0184,tile_30.8740_29.2470,moisture_differential
30.90598,29.27437,2.398286e+00,0.0393,tile_30.8740_29.2470,moisture_differential
30.906084,29.27437,2.627860e+00,0.0953,tile_30.8740_29.2470,moisture_differential
30.908579999999997,29.27437,2.254306e+00,0.0041,tile_30.8740_29.2470,moisture_differential
30.908996,29.27437,2.826633e+00,0.1438,tile_30.8740_29.2470,moisture_differential
30.910244,29.27437,2.305002e+00,0.0165,tile_30.8740_29.2470,moisture_differential
30.910348,29.27437,2.720610e+00,0.1179,tile_30.8740_29.2470,moisture_differential
30.910452,29.27437,3.039040e+00,0.1956,tile_30.8740_29.2470,moisture_differential
30.910556,29.27437,2.408935e+00,0.0419,tile_30.8740_29.2470,moisture_differential
30.91066,29.27437,2.583171e+00,0.0844,tile_30.8740_29.2470,moisture_differential
30.910763999999997,29.27437,2.543873e+00,0.0748,tile_30.8740_29.2470,moisture_differential
30.910867999999997,29.27437,2.372246e+00,0.0329,tile_30.8740_29.2470,moisture_differential
30.910971999999997,29.27437,2.490178e+00,0.0617,tile_30.8740_29.2470,moisture_differential
30.913884,29.27437,2.756262e+00,0.1266,tile_30.8740_29.2470,moisture_differential
30.913988,29.27437,2.367130e+00,0.0317,tile_30.8740_29.2470,moisture_differential
30.914092,29.27437,2.404138e+00,0.0407,tile_30.8740_29.2470,moisture_differential
30.914611999999998,29.27437,2.307282e+00,0.0171,tile_30.8740_29.2470,moisture_differential
30.915028,29.27437,2.431324e+00,0.0473,tile_30.8740_29.2470,moisture_differential
30.915339999999997,29.27437,2.269757e+00,0.0079,tile_30.8740_29.2470,moisture_differential
30.915547999999998,29.27437,2.615161e+00,0.0922,tile_30.8740_29.2470,moisture_differential
30.920748,29.27437,2.471039e+00,0.0570,tile_30.8740_29.2470,moisture_differential
30.920852,29.27437,2.244672e+00,0.0018,tile_30.8740_29.2470,moisture_differential
30.922411999999998,29.27437,3.693066e+00,0.3551,tile_30.8740_29.2470,moisture_differential
30.922515999999998,29.27437,4.292131e+00,0.5013,tile_30.8740_29.2470,moisture_differential
30.92262,29.27437,3.155651e+00,0.2240,tile_30.8740_29.2470,moisture_differential
30.923347999999997,29.27437,2.283051e+00,0.0112,tile_30.8740_29.2470,moisture_differential
30.924803999999998,29.27437,2.251155e+00,0.0034,tile_30.8740_29.2470,moisture_differential
30.924908,29.27437,2.384021e+00,0.0358,tile_30.8740_29.2470,moisture_differential
30.925531999999997,29.27437,2.387141e+00,0.0365,tile_30.8740_29.2470,moisture_differential
30.925843999999998,29.27437,2.506046e+00,0.0656,tile_30.8740_29.2470,moisture_differential
30.925947999999998,29.27437,2.592850e+00,0.0867,tile_30.8740_29.2470,moisture_differential
30.874883999999998,29.274278,2.391807e+00,0.0377,tile_30.8740_29.2470,moisture_differential
30.88778,29.274278,2.695058e+00,0.1117,tile_30.8740_29.2470,moisture_differential
30.887884,29.274278,2.823766e+00,0.1431,tile_30.8740_29.2470,moisture_differential
30.895892,29.274278,2.362639e+00,0.0306,tile_30.8740_29.2470,moisture_differential
30.89766,29.274278,2.648239e+00,0.1002,tile_30.8740_29.2470,moisture_differential
30.897868,29.274278,2.564852e+00,0.0799,tile_30.8740_29.2470,moisture_differential
30.898076,29.274278,2.484409e+00,0.0603,tile_30.8740_29.2470,moisture_differential
30.89818,29.274278,3.279275e+00,0.2542,tile_30.8740_29.2470,moisture_differential
30.898284,29.274278,3.854060e+00,0.3944,tile_30.8740_29.2470,moisture_differential
30.898387999999997,29.274278,3.752658e+00,0.3697,tile_30.8740_29.2470,moisture_differential
30.898491999999997,29.274278,3.587534e+00,0.3294,tile_30.8740_29.2470,moisture_differential
30.898595999999998,29.274278,4.094085e+00,0.4529,tile_30.8740_29.2470,moisture_differential
30.898699999999998,29.274278,3.876639e+00,0.3999,tile_30.8740_29.2470,moisture_differential
30.898804,29.274278,3.401634e+00,0.2840,tile_30.8740_29.2470,moisture_differential
30.898908,29.274278,2.735985e+00,0.1216,tile_30.8740_29.2470,moisture_differential
30.90598,29.274278,2.402803e+00,0.0404,tile_30.8740_29.2470,moisture_differential
30.906084,29.274278,2.514952e+00,0.0677,tile_30.8740_29.2470,moisture_differential
30.906188,29.274278,2.241132e+00,0.0009,tile_30.8740_29.2470,moisture_differential
30.908579999999997,29.274278,2.603271e+00,0.0893,tile_30.8740_29.2470,moisture_differential
30.908683999999997,29.274278,2.342203e+00,0.0256,tile_30.8740_29.2470,moisture_differential
30.910244,29.274278,2.507233e+00,0.0658,tile_30.8740_29.2470,moisture_differential
30.910348,29.274278,2.838633e+00,0.1467,tile_30.8740_29.2470,moisture_differential
30.910452,29.274278,2.545349e+00,0.0751,tile_30.8740_29.2470,moisture_differential
30.910556,29.274278,2.241666e+00,0.0011,tile_30.8740_29.2470,moisture_differential
30.910763999999997,29.274278,2.591269e+00,0.0863,tile_30.8740_29.2470,moisture_differential
30.910867999999997,29.274278,2.391322e+00,0.0376,tile_30.8740_29.2470,moisture_differential
30.910971999999997,29.274278,2.863515e+00,0.1528,tile_30.8740_29.2470,moisture_differential
30.911075999999998,29.274278,2.909022e+00,0.1639,tile_30.8740_29.2470,moisture_differential
30.911179999999998,29.274278,2.306792e+00,0.0169,tile_30.8740_29.2470,moisture_differential
30.913155999999997,29.274278,2.520167e+00,0.0690,tile_30.8740_29.2470,moisture_differential
30.913259999999998,29.274278,2.632799e+00,0.0965,tile_30.8740_29.2470,moisture_differential
30.914299999999997,29.274278,2.595134e+00,0.0873,tile_30.8740_29.2470,moisture_differential
30.915547999999998,29.274278,2.362762e+00,0.0306,tile_30.8740_29.2470,moisture_differential
30.916172,29.274278,2.361352e+00,0.0303,tile_30.8740_29.2470,moisture_differential
30.9195,29.274278,2.442773e+00,0.0501,tile_30.8740_29.2470,moisture_differential
30.919811999999997,29.274278,2.286942e+00,0.0121,tile_30.8740_29.2470,moisture_differential
30.921684,29.274278,2.502179e+00,0.0646,tile_30.8740_29.2470,moisture_differential
30.921892,29.274278,2.376987e+00,0.0341,tile_30.8740_29.2470,moisture_differential
30.921996,29.274278,2.449913e+00,0.0519,tile_30.8740_29.2470,moisture_differential
30.922099999999997,29.274278,2.373721e+00,0.0333,tile_30.8740_29.2470,moisture_differential
30.922203999999997,29.274278,2.617280e+00,0.0927,tile_30.8740_29.2470,moisture_differential
30.922411999999998,29.274278,3.049097e+00,0.1980,tile_30.8740_29.2470,moisture_differential
30.922515999999998,29.274278,4.578758e+00,0.5712,tile_30.8740_29.2470,moisture_differential
30.92262,29.274278,2.885530e+00,0.1581,tile_30.8740_29.2470,moisture_differential
30.92522,29.274278,2.375615e+00,0.0337,tile_30.8740_29.2470,moisture_differential
30.925324,29.274278,2.893372e+00,0.1600,tile_30.8740_29.2470,moisture_differential
30.925428,29.274278,2.854329e+00,0.1505,tile_30.8740_29.2470,moisture_differential
30.925635999999997,29.274278,2.801998e+00,0.1377,tile_30.8740_29.2470,moisture_differential
30.925739999999998,29.274278,3.044475e+00,0.1969,tile_30.8740_29.2470,moisture_differential
30.925843999999998,29.274278,2.910256e+00,0.1642,tile_30.8740_29.2470,moisture_differential
30.925947999999998,29.274278,2.445126e+00,0.0507,tile_30.8740_29.2470,moisture_differential
30.895892,29.274186,2.739064e+00,0.1224,tile_30.8740_29.2470,moisture_differential
30.89766,29.274186,2.696102e+00,0.1119,tile_30.8740_29.2470,moisture_differential
30.897764,29.274186,2.246662e+00,0.0023,tile_30.8740_29.2470,moisture_differential
30.897868,29.274186,2.594672e+00,0.0872,tile_30.8740_29.2470,moisture_differential
30.89818,29.274186,2.923702e+00,0.1674,tile_30.8740_29.2470,moisture_differential
30.898284,29.274186,2.560447e+00,0.0788,tile_30.8740_29.2470,moisture_differential
30.898387999999997,29.274186,3.477670e+00,0.3026,tile_30.8740_29.2470,moisture_differential
30.898491999999997,29.274186,3.402935e+00,0.2843,tile_30.8740_29.2470,moisture_differential
30.898595999999998,29.274186,3.451368e+00,0.2962,tile_30.8740_29.2470,moisture_differential
30.898699999999998,29.274186,3.615565e+00,0.3362,tile_30.8740_29.2470,moisture_differential
30.898804,29.274186,3.447984e+00,0.2953,tile_30.8740_29.2470,moisture_differential
30.898908,29.274186,2.931184e+00,0.1693,tile_30.8740_29.2470,moisture_differential
30.900364,29.274186,2.634331e+00,0.0968,tile_30.8740_29.2470,moisture_differential
30.904732,29.274186,2.427342e+00,0.0464,tile_30.8740_29.2470,moisture_differential
30.90598,29.274186,2.405971e+00,0.0411,tile_30.8740_29.2470,moisture_differential
30.906291999999997,29.274186,2.271625e+00,0.0084,tile_30.8740_29.2470,moisture_differential
30.907124,29.274186,2.322433e+00,0.0208,tile_30.8740_29.2470,moisture_differential
30.907228,29.274186,2.276366e+00,0.0095,tile_30.8740_29.2470,moisture_differential
30.908579999999997,29.274186,2.718190e+00,0.1173,tile_30.8740_29.2470,moisture_differential
30.908683999999997,29.274186,2.487209e+00,0.0610,tile_30.8740_29.2470,moisture_differential
30.909723999999997,29.274186,2.395890e+00,0.0387,tile_30.8740_29.2470,moisture_differential
30.909827999999997,29.274186,2.283772e+00,0.0113,tile_30.8740_29.2470,moisture_differential
30.909931999999998,29.274186,2.283313e+00,0.0112,tile_30.8740_29.2470,moisture_differential
30.910244,29.274186,2.550268e+00,0.0763,tile_30.8740_29.2470,moisture_differential
30.910348,29.274186,2.723857e+00,0.1187,tile_30.8740_29.2470,moisture_differential
30.910971999999997,29.274186,2.387872e+00,0.0367,tile_30.8740_29.2470,moisture_differential
30.911075999999998,29.274186,2.388589e+00,0.0369,tile_30.8740_29.2470,moisture_differential
30.912323999999998,29.274186,2.327665e+00,0.0220,tile_30.8740_29.2470,moisture_differential
30.912428,29.274186,2.692037e+00,0.1109,tile_30.8740_29.2470,moisture_differential
30.913155999999997,29.274186,2.549711e+00,0.0762,tile_30.8740_29.2470,moisture_differential
30.913259999999998,29.274186,2.448299e+00,0.0515,tile_30.8740_29.2470,moisture_differential
30.913572,29.274186,2.670588e+00,0.1057,tile_30.8740_29.2470,moisture_differential
30.916172,29.274186,2.939070e+00,0.1712,tile_30.8740_29.2470,moisture_differential
30.918252,29.274186,2.519255e+00,0.0688,tile_30.8740_29.2470,moisture_differential
30.919604,29.274186,2.296782e+00,0.0145,tile_30.8740_29.2470,moisture_differential
30.920644,29.274186,2.343547e+00,0.0259,tile_30.8740_29.2470,moisture_differential
30.920748,29.274186,2.590362e+00,0.0861,tile_30.8740_29.2470,moisture_differential
30.921788,29.274186,2.377458e+00,0.0342,tile_30.8740_29.2470,moisture_differential
30.921892,29.274186,2.976454e+00,0.1803,tile_30.8740_29.2470,moisture_differential
30.921996,29.274186,2.935282e+00,0.1703,tile_30.8740_29.2470,moisture_differential
30.922099999999997,29.274186,2.512362e+00,0.0671,tile_30.8740_29.2470,moisture_differential
30.922203999999997,29.274186,2.363298e+00,0.0307,tile_30.8740_29.2470,moisture_differential
30.922307999999997,29.274186,2.506044e+00,0.0655,tile_30.8740_29.2470,moisture_differential
30.922411999999998,29.274186,2.359418e+00,0.0298,tile_30.8740_29.2470,moisture_differential
30.922515999999998,29.274186,2.468545e+00,0.0564,tile_30.8740_29.2470,moisture_differential
30.925324,29.274186,2.952593e+00,0.1745,tile_30.8740_29.2470,moisture_differential
30.925428,29.274186,2.574541e+00,0.0823,tile_30.8740_29.2470,moisture_differential
30.925531999999997,29.274186,3.026024e+00,0.1924,tile_30.8740_29.2470,moisture_differential
30.925635999999997,29.274186,2.900394e+00,0.1617,tile_30.8740_29.2470,moisture_differential
30.925739999999998,29.274186,2.295762e+00,0.0143,tile_30.8740_29.2470,moisture_differential
30.925947999999998,29.274186,2.615623e+00,0.0923,tile_30.8740_29.2470,moisture_differential
30.880812,29.274093999999998,2.562542e+00,0.0793,tile_30.8740_29.2470,moisture_differential
30.894123999999998,29.274093999999998,2.500735e+00,0.0643,tile_30.8740_29.2470,moisture_differential
30.89454,29.274093999999998,2.284842e+00,0.0116,tile_30.8740_29.2470,moisture_differential
30.894644,29.274093999999998,2.242225e+00,0.0012,tile_30.8740_29.2470,moisture_differential
30.897036,29.274093999999998,2.264016e+00,0.0065,tile_30.8740_29.2470,moisture_differential
30.89714,29.274093999999998,2.650202e+00,0.1007,tile_30.8740_29.2470,moisture_differential
30.897243999999997,29.274093999999998,2.671373e+00,0.1059,tile_30.8740_29.2470,moisture_differential
30.89766,29.274093999999998,2.296553e+00,0.0144,tile_30.8740_29.2470,moisture_differential
30.897764,29.274093999999998,2.318985e+00,0.0199,tile_30.8740_29.2470,moisture_differential
30.897868,29.274093999999998,2.799805e+00,0.1372,tile_30.8740_29.2470,moisture_differential
30.89818,29.274093999999998,2.481637e+00,0.0596,tile_30.8740_29.2470,moisture_differential
30.898284,29.274093999999998,3.155678e+00,0.2240,tile_30.8740_29.2470,moisture_differential
30.898387999999997,29.274093999999998,3.304331e+00,0.2603,tile_30.8740_29.2470,moisture_differential
30.898491999999997,29.274093999999998,3.189351e+00,0.2322,tile_30.8740_29.2470,moisture_differential
30.898595999999998,29.274093999999998,3.482930e+00,0.3039,tile_30.8740_29.2470,moisture_differential
30.898699999999998,29.274093999999998,3.118586e+00,0.2150,tile_30.8740_29.2470,moisture_differential
30.898804,29.274093999999998,2.748861e+00,0.1248,tile_30.8740_29.2470,moisture_differential
30.901092,29.274093999999998,2.343428e+00,0.0259,tile_30.8740_29.2470,moisture_differential
30.901196,29.274093999999998,2.387256e+00,0.0366,tile_30.8740_29.2470,moisture_differential
30.90598,29.274093999999998,2.396131e+00,0.0387,tile_30.8740_29.2470,moisture_differential
30.908372,29.274093999999998,2.417785e+00,0.0440,tile_30.8740_29.2470,moisture_differential
30.908476,29.274093999999998,2.466120e+00,0.0558,tile_30.8740_29.2470,moisture_differential
30.908579999999997,29.274093999999998,2.320142e+00,0.0202,tile_30.8740_29.2470,moisture_differential
30.909723999999997,29.274093999999998,2.359959e+00,0.0299,tile_30.8740_29.2470,moisture_differential
30.909827999999997,29.274093999999998,2.426332e+00,0.0461,tile_30.8740_29.2470,moisture_differential
30.910763999999997,29.274093999999998,2.481524e+00,0.0596,tile_30.8740_29.2470,moisture_differential
30.910867999999997,29.274093999999998,2.408785e+00,0.0418,tile_30.8740_29.2470,moisture_differential
30.914716,29.274093999999998,2.280674e+00,0.0106,tile_30.8740_29.2470,moisture_differential
30.920748,29.274093999999998,2.255329e+00,0.0044,tile_30.8740_29.2470,moisture_differential
30.921996,29.274093999999998,2.408068e+00,0.0416,tile_30.8740_29.2470,moisture_differential
30.922099999999997,29.274093999999998,2.684110e+00,0.1090,tile_30.8740_29.2470,moisture_differential
30.922203999999997,29.274093999999998,2.828718e+00,0.1443,tile_30.8740_29.2470,moisture_differential
30.923764,29.274093999999998,2.291185e+00,0.0131,tile_30.8740_29.2470,moisture_differential
30.925739999999998,29.274093999999998,2.627696e+00,0.0952,tile_30.8740_29.2470,moisture_differential
30.925843999999998,29.274093999999998,2.457574e+00,0.0537,tile_30.8740_29.2470,moisture_differential
30.894644,29.274002,2.312315e+00,0.0183,tile_30.8740_29.2470,moisture_differential
30.89714,29.274002,2.501905e+00,0.0645,tile_30.8740_29.2470,moisture_differential
30.898284,29.274002,2.522983e+00,0.0697,tile_30.8740_29.2470,moisture_differential
30.898387999999997,29.274002,2.611573e+00,0.0913,tile_30.8740_29.2470,moisture_differential
30.898491999999997,29.274002,3.019616e+00,0.1908,tile_30.8740_29.2470,moisture_differential
30.898595999999998,29.274002,2.829551e+00,0.1445,tile_30.8740_29.2470,moisture_differential
30.898699999999998,29.274002,3.037454e+00,0.1952,tile_30.8740_29.2470,moisture_differential
30.906084,29.274002,2.695814e+00,0.1118,tile_30.8740_29.2470,moisture_differential
30.906188,29.274002,2.383822e+00,0.0357,tile_30.8740_29.2470,moisture_differential
30.906395999999997,29.274002,2.521621e+00,0.0693,tile_30.8740_29.2470,moisture_differential
30.907228,29.274002,2.293572e+00,0.0137,tile_30.8740_29.2470,moisture_differential
30.909723999999997,29.274002,2.513565e+00,0.0674,tile_30.8740_29.2470,moisture_differential
30.910763999999997,29.274002,2.418195e+00,0.0441,tile_30.8740_29.2470,moisture_differential
30.913467999999998,29.274002,2.438027e+00,0.0490,tile_30.8740_29.2470,moisture_differential
30.914507999999998,29.274002,2.759559e+00,0.1274,tile_30.8740_29.2470,moisture_differential
30.914924,29.274002,2.684063e+00,0.1090,tile_30.8740_29.2470,moisture_differential
30.915547999999998,29.274002,2.249608e+00,0.0030,tile_30.8740_29.2470,moisture_differential
30.915651999999998,29.274002,2.452908e+00,0.0526,tile_30.8740_29.2470,moisture_differential
30.917627999999997,29.274002,2.691595e+00,0.1108,tile_30.8740_29.2470,moisture_differential
30.92054,29.274002,2.294714e+00,0.0140,tile_30.8740_29.2470,moisture_differential
30.920644,29.274002,2.445253e+00,0.0507,tile_30.8740_29.2470,moisture_differential
30.920748,29.274002,2.497812e+00,0.0635,tile_30.8740_29.2470,moisture_differential
30.922099999999997,29.274002,2.331837e+00,0.0231,tile_30.8740_29.2470,moisture_differential
30.922203999999997,29.274002,2.255150e+00,0.0043,tile_30.8740_29.2470,moisture_differential
30.925739999999998,29.274002,2.448589e+00,0.0515,tile_30.8740_29.2470,moisture_differential
30.925843999999998,29.274002,2.471595e+00,0.0571,tile_30.8740_29.2470,moisture_differential
30.925947999999998,29.274002,2.844739e+00,0.1482,tile_30.8740_29.2470,moisture_differential
30.875508,29.27391,2.348533e+00,0.0271,tile_30.8740_29.2470,moisture_differential
30.880603999999998,29.27391,2.419486e+00,0.0444,tile_30.8740_29.2470,moisture_differential
30.896828,29.27391,2.238560e+00,0.0003,tile_30.8740_29.2470,moisture_differential
30.89714,29.27391,2.506696e+00,0.0657,tile_30.8740_29.2470,moisture_differential
30.897243999999997,29.27391,3.059910e+00,0.2007,tile_30.8740_29.2470,moisture_differential
30.897347999999997,29.27391,2.685349e+00,0.1093,tile_30.8740_29.2470,moisture_differential
30.898284,29.27391,2.550434e+00,0.0764,tile_30.8740_29.2470,moisture_differential
30.898387999999997,29.27391,3.556123e+00,0.3217,tile_30.8740_29.2470,moisture_differential
30.898491999999997,29.27391,3.454545e+00,0.2969,tile_30.8740_29.2470,moisture_differential
30.898595999999998,29.27391,3.563465e+00,0.3235,tile_30.8740_29.2470,moisture_differential
30.898699999999998,29.27391,2.668017e+00,0.1051,tile_30.8740_29.2470,moisture_differential
30.898908,29.27391,2.576857e+00,0.0828,tile_30.8740_29.2470,moisture_differential
30.899531999999997,29.27391,2.471357e+00,0.0571,tile_30.8740_29.2470,moisture_differential
30.901612,29.27391,2.649597e+00,0.1006,tile_30.8740_29.2470,moisture_differential
30.901923999999998,29.27391,2.396545e+00,0.0388,tile_30.8740_29.2470,moisture_differential
30.906084,29.27391,2.286689e+00,0.0120,tile_30.8740_29.2470,moisture_differential
30.906188,29.27391,2.353206e+00,0.0283,tile_30.8740_29.2470,moisture_differential
30.906603999999998,29.27391,2.261524e+00,0.0059,tile_30.8740_29.2470,moisture_differential
30.907643999999998,29.27391,2.287332e+00,0.0122,tile_30.8740_29.2470,moisture_differential
30.9091,29.27391,2.372057e+00,0.0329,tile_30.8740_29.2470,moisture_differential
30.909412,29.27391,2.363291e+00,0.0307,tile_30.8740_29.2470,moisture_differential
30.909619999999997,29.27391,2.335285e+00,0.0239,tile_30.8740_29.2470,moisture_differential
30.909723999999997,29.27391,2.611198e+00,0.0912,tile_30.8740_29.2470,moisture_differential
30.910452,29.27391,2.249097e+00,0.0029,tile_30.8740_29.2470,moisture_differential
30.91378,29.27391,2.255890e+00,0.0045,tile_30.8740_29.2470,moisture_differential
30.914507999999998,29.27391,2.272570e+00,0.0086,tile_30.8740_29.2470,moisture_differential
30.915028,29.27391,2.461152e+00,0.0546,tile_30.8740_29.2470,moisture_differential
30.917627999999997,29.27391,2.314283e+00,0.0188,tile_30.8740_29.2470,moisture_differential
30.917731999999997,29.27391,2.660198e+00,0.1032,tile_30.8740_29.2470,moisture_differential
30.920123999999998,29.27391,2.260691e+00,0.0057,tile_30.8740_29.2470,moisture_differential
30.920227999999998,29.27391,2.506024e+00,0.0655,tile_30.8740_29.2470,moisture_differential
30.92054,29.27391,2.721724e+00,0.1182,tile_30.8740_29.2470,moisture_differential
30.920644,29.27391,2.866049e+00,0.1534,tile_30.8740_29.2470,moisture_differential
30.920748,29.27391,2.304085e+00,0.0163,tile_30.8740_29.2470,moisture_differential
30.922411999999998,29.27391,2.260010e+00,0.0055,tile_30.8740_29.2470,moisture_differential
30.923764,29.27391,2.393189e+00,0.0380,tile_30.8740_29.2470,moisture_differential
30.924595999999998,29.27391,2.980345e+00,0.1813,tile_30.8740_29.2470,moisture_differential
30.925116,29.27391,2.337039e+00,0.0243,tile_30.8740_29.2470,moisture_differential
30.887155999999997,29.273818,2.443432e+00,0.0503,tile_30.8740_29.2470,moisture_differential
30.896724,29.273818,2.281245e+00,0.0107,tile_30.8740_29.2470,moisture_differential
30.897036,29.273818,2.280408e+00,0.0105,tile_30.8740_29.2470,moisture_differential
30.89714,29.273818,2.602940e+00,0.0892,tile_30.8740_29.2470,moisture_differential
30.897243999999997,29.273818,2.793647e+00,0.1357,tile_30.8740_29.2470,moisture_differential
30.897347999999997,29.273818,2.799900e+00,0.1372,tile_30.8740_29.2470,moisture_differential
30.89818,29.273818,2.585945e+00,0.0850,tile_30.8740_29.2470,moisture_differential
30.898284,29.273818,3.152359e+00,0.2232,tile_30.8740_29.2470,moisture_differential
30.898387999999997,29.273818,3.472212e+00,0.3012,tile_30.8740_29.2470,moisture_differential
30.898491999999997,29.273818,4.175430e+00,0.4728,tile_30.8740_29.2470,moisture_differential
30.898595999999998,29.273818,3.542456e+00,0.3184,tile_30.8740_29.2470,moisture_differential
30.898804,29.273818,2.550113e+00,0.0763,tile_30.8740_29.2470,moisture_differential
30.898908,29.273818,3.065583e+00,0.2020,tile_30.8740_29.2470,moisture_differential
30.900052,29.273818,2.398287e+00,0.0393,tile_30.8740_29.2470,moisture_differential
30.902027999999998,29.273818,2.375082e+00,0.0336,tile_30.8740_29.2470,moisture_differential
30.906188,29.273818,2.605518e+00,0.0898,tile_30.8740_29.2470,moisture_differential
30.906291999999997,29.273818,2.438178e+00,0.0490,tile_30.8740_29.2470,moisture_differential
30.907539999999997,29.273818,2.271206e+00,0.0083,tile_30.8740_29.2470,moisture_differential
30.907643999999998,29.273818,2.320731e+00,0.0203,tile_30.8740_29.2470,moisture_differential
30.90806,29.273818,2.385561e+00,0.0362,tile_30.8740_29.2470,moisture_differential
30.908996,29.273818,2.469961e+00,0.0567,tile_30.8740_29.2470,moisture_differential
30.909308,29.273818,2.337617e+00,0.0245,tile_30.8740_29.2470,moisture_differential
30.909723999999997,29.273818,2.577026e+00,0.0829,tile_30.8740_29.2470,moisture_differential
30.910452,29.273818,3.050071e+00,0.1983,tile_30.8740_29.2470,moisture_differential
30.910556,29.273818,2.315396e+00,0.0190,tile_30.8740_29.2470,moisture_differential
30.91378,29.273818,2.346051e+00,0.0265,tile_30.8740_29.2470,moisture_differential
30.919396,29.273818,2.277271e+00,0.0097,tile_30.8740_29.2470,moisture_differential
30.920332,29.273818,2.276449e+00,0.0095,tile_30.8740_29.2470,moisture_differential
30.922515999999998,29.273818,2.246324e+00,0.0022,tile_30.8740_29.2470,moisture_differential
30.922724,29.273818,2.525774e+00,0.0704,tile_30.8740_29.2470,moisture_differential
30.923555999999998,29.273818,2.289123e+00,0.0126,tile_30.8740_29.2470,moisture_differential
30.924387999999997,29.273818,2.635352e+00,0.0971,tile_30.8740_29.2470,moisture_differential
30.925116,29.273818,2.448748e+00,0.0516,tile_30.8740_29.2470,moisture_differential
30.925531999999997,29.273818,2.500628e+00,0.0642,tile_30.8740_29.2470,moisture_differential
30.887155999999997,29.273726,2.261343e+00,0.0059,tile_30.8740_29.2470,moisture_differential
30.89714,29.273726,2.282202e+00,0.0109,tile_30.8740_29.2470,moisture_differential
30.897243999999997,29.273726,2.357460e+00,0.0293,tile_30.8740_29.2470,moisture_differential
30.897347999999997,29.273726,2.403973e+00,0.0407,tile_30.8740_29.2470,moisture_differential
30.898076,29.273726,2.257994e+00,0.0050,tile_30.8740_29.2470,moisture_differential
30.89818,29.273726,2.924916e+00,0.1677,tile_30.8740_29.2470,moisture_differential
30.898284,29.273726,3.444564e+00,0.2945,tile_30.8740_29.2470,moisture_differential
30.898387999999997,29.273726,3.382361e+00,0.2793,tile_30.8740_29.2470,moisture_differential
30.898491999999997,29.273726,3.874859e+00,0.3995,tile_30.8740_29.2470,moisture_differential
30.898595999999998,29.273726,2.603478e+00,0.0893,tile_30.8740_29.2470,moisture_differential
30.898699999999998,29.273726,2.386303e+00,0.0363,tile_30.8740_29.2470,moisture_differential
30.898804,29.273726,2.932047e+00,0.1695,tile_30.8740_29.2470,moisture_differential
30.898908,29.273726,2.780407e+00,0.1325,tile_30.8740_29.2470,moisture_differential
30.90806,29.273726,2.590314e+00,0.0861,tile_30.8740_29.2470,moisture_differential
30.908164,29.273726,2.572442e+00,0.0817,tile_30.8740_29.2470,moisture_differential
30.908683999999997,29.273726,3.075686e+00,0.2045,tile_30.8740_29.2470,moisture_differential
30.908787999999998,29.273726,2.363041e+00,0.0307,tile_30.8740_29.2470,moisture_differential
30.910452,29.273726,2.770606e+00,0.1301,tile_30.8740_29.2470,moisture_differential
30.911075999999998,29.273726,2.528752e+00,0.0711,tile_30.8740_29.2470,moisture_differential
30.911284,29.273726,2.466126e+00,0.0558,tile_30.8740_29.2470,moisture_differential
30.912428,29.273726,2.314378e+00,0.0188,tile_30.8740_29.2470,moisture_differential
30.912636,29.273726,2.323128e+00,0.0209,tile_30.8740_29.2470,moisture_differential
30.91274,29.273726,2.460969e+00,0.0546,tile_30.8740_29.2470,moisture_differential
30.915236,29.273726,2.354497e+00,0.0286,tile_30.8740_29.2470,moisture_differential
30.916483999999997,29.273726,2.523599e+00,0.0698,tile_30.8740_29.2470,moisture_differential
30.917316,29.273726,2.251454e+00,0.0034,tile_30.8740_29.2470,moisture_differential
30.917835999999998,29.273726,2.375598e+00,0.0337,tile_30.8740_29.2470,moisture_differential
30.919915999999997,29.273726,2.383086e+00,0.0356,tile_30.8740_29.2470,moisture_differential
30.920019999999997,29.273726,2.458302e+00,0.0539,tile_30.8740_29.2470,moisture_differential
30.920227999999998,29.273726,2.758501e+00,0.1271,tile_30.8740_29.2470,moisture_differential
30.92262,29.273726,2.336188e+00,0.0241,tile_30.8740_29.2470,moisture_differential
30.925635999999997,29.273726,2.373535e+00,0.0332,tile_30.8740_29.2470,moisture_differential
30.925947999999998,29.273726,2.376897e+00,0.0340,tile_30.8740_29.2470,moisture_differential
30.889236,29.273634,2.274176e+00,0.0090,tile_30.8740_29.2470,moisture_differential
30.897243999999997,29.273634,2.460669e+00,0.0545,tile_30.8740_29.2470,moisture_differential
30.897347999999997,29.273634,2.549031e+00,0.0760,tile_30.8740_29.2470,moisture_differential
30.898076,29.273634,2.865329e+00,0.1532,tile_30.8740_29.2470,moisture_differential
30.89818,29.273634,2.862992e+00,0.1526,tile_30.8740_29.2470,moisture_differential
30.898284,29.273634,3.045047e+00,0.1970,tile_30.8740_29.2470,moisture_differential
30.898387999999997,29.273634,3.402650e+00,0.2843,tile_30.8740_29.2470,moisture_differential
30.898491999999997,29.273634,3.037369e+00,0.1952,tile_30.8740_29.2470,moisture_differential
30.898595999999998,29.273634,2.969707e+00,0.1787,tile_30.8740_29.2470,moisture_differential
30.898699999999998,29.273634,2.547049e+00,0.0756,tile_30.8740_29.2470,moisture_differential
30.898804,29.273634,3.026380e+00,0.1925,tile_30.8740_29.2470,moisture_differential
30.898908,29.273634,2.574452e+00,0.0822,tile_30.8740_29.2470,moisture_differential
30.899428,29.273634,2.291250e+00,0.0132,tile_30.8740_29.2470,moisture_differential
30.900156,29.273634,2.446005e+00,0.0509,tile_30.8740_29.2470,moisture_differential
30.900675999999997,29.273634,3.466483e+00,0.2998,tile_30.8740_29.2470,moisture_differential
30.908268,29.273634,2.290622e+00,0.0130,tile_30.8740_29.2470,moisture_differential
30.911179999999998,29.273634,2.619138e+00,0.0931,tile_30.8740_29.2470,moisture_differential
30.911284,29.273634,2.406589e+00,0.0413,tile_30.8740_29.2470,moisture_differential
30.912428,29.273634,2.265145e+00,0.0068,tile_30.8740_29.2470,moisture_differential
30.914507999999998,29.273634,2.248875e+00,0.0028,tile_30.8740_29.2470,moisture_differential
30.914611999999998,29.273634,2.414691e+00,0.0433,tile_30.8740_29.2470,moisture_differential
30.914716,29.273634,2.578837e+00,0.0833,tile_30.8740_29.2470,moisture_differential
30.915028,29.273634,2.650380e+00,0.1008,tile_30.8740_29.2470,moisture_differential
30.915756,29.273634,2.258305e+00,0.0051,tile_30.8740_29.2470,moisture_differential
30.91638,29.273634,2.316583e+00,0.0193,tile_30.8740_29.2470,moisture_differential
30.918044,29.273634,2.278404e+00,0.0100,tile_30.8740_29.2470,moisture_differential
30.918148,29.273634,2.306546e+00,0.0169,tile_30.8740_29.2470,moisture_differential
30.919396,29.273634,2.776388e+00,0.1315,tile_30.8740_29.2470,moisture_differential
30.9195,29.273634,2.259317e+00,0.0054,tile_30.8740_29.2470,moisture_differential
30.919811999999997,29.273634,2.568771e+00,0.0809,tile_30.8740_29.2470,moisture_differential
30.919915999999997,29.273634,2.694625e+00,0.1116,tile_30.8740_29.2470,moisture_differential
30.920227999999998,29.273634,2.449284e+00,0.0517,tile_30.8740_29.2470,moisture_differential
30.925531999999997,29.273634,2.819572e+00,0.1420,tile_30.8740_29.2470,moisture_differential
30.925843999999998,29.273634,2.314335e+00,0.0188,tile_30.8740_29.2470,moisture_differential
30.925947999999998,29.273634,2.374263e+00,0.0334,tile_30.8740_29.2470,moisture_differential
30.897347999999997,29.273542,2.313972e+00,0.0187,tile_30.8740_29.2470,moisture_differential
30.898076,29.273542,2.291442e+00,0.0132,tile_30.8740_29.2470,moisture_differential
30.89818,29.273542,2.288501e+00,0.0125,tile_30.8740_29.2470,moisture_differential
30.898284,29.273542,2.803021e+00,0.1380,tile_30.8740_29.2470,moisture_differential
30.898387999999997,29.273542,2.839921e+00,0.1470,tile_30.8740_29.2470,moisture_differential
30.898491999999997,29.273542,3.601856e+00,0.3329,tile_30.8740_29.2470,moisture_differential
30.898595999999998,29.273542,3.467553e+00,0.3001,tile_30.8740_29.2470,moisture_differential
30.898699999999998,29.273542,2.300445e+00,0.0154,tile_30.8740_29.2470,moisture_differential
30.898804,29.273542,2.814484e+00,0.1408,tile_30.8740_29.2470,moisture_differential
30.898908,29.273542,2.329238e+00,0.0224,tile_30.8740_29.2470,moisture_differential
30.906708,29.273542,2.292286e+00,0.0134,tile_30.8740_29.2470,moisture_differential
30.907852,29.273542,2.342079e+00,0.0256,tile_30.8740_29.2470,moisture_differential
30.908787999999998,29.273542,2.274144e+00,0.0090,tile_30.8740_29.2470,moisture_differential
30.911179999999998,29.273542,2.641919e+00,0.0987,tile_30.8740_29.2470,moisture_differential
30.911907999999997,29.273542,2.293435e+00,0.0137,tile_30.8740_29.2470,moisture_differential
30.913363999999998,29.273542,2.337570e+00,0.0245,tile_30.8740_29.2470,moisture_differential
30.91482,29.273542,2.482102e+00,0.0597,tile_30.8740_29.2470,moisture_differential
30.914924,29.273542,2.326106e+00,0.0217,tile_30.8740_29.2470,moisture_differential
30.916276,29.273542,2.280469e+00,0.0105,tile_30.8740_29.2470,moisture_differential
30.918252,29.273542,2.260909e+00,0.0058,tile_30.8740_29.2470,moisture_differential
30.919396,29.273542,2.655506e+00,0.1020,tile_30.8740_29.2470,moisture_differential
30.919915999999997,29.273542,2.383867e+00,0.0357,tile_30.8740_29.2470,moisture_differential
30.924387999999997,29.273542,2.441125e+00,0.0497,tile_30.8740_29.2470,moisture_differential
30.924699999999998,29.273542,2.519991e+00,0.0690,tile_30.8740_29.2470,moisture_differential
30.897451999999998,29.27345,2.249742e+00,0.0030,tile_30.8740_29.2470,moisture_differential
30.897555999999998,29.27345,2.677195e+00,0.1073,tile_30.8740_29.2470,moisture_differential
30.898284,29.27345,3.103306e+00,0.2112,tile_30.8740_29.2470,moisture_differential
30.898387999999997,29.27345,2.782454e+00,0.1330,tile_30.8740_29.2470,moisture_differential
30.898491999999997,29.27345,3.404303e+00,0.2847,tile_30.8740_29.2470,moisture_differential
30.898595999999998,29.27345,4.106447e+00,0.4560,tile_30.8740_29.2470,moisture_differential
30.898699999999998,29.27345,2.487884e+00,0.0611,tile_30.8740_29.2470,moisture_differential
30.898804,29.27345,2.461036e+00,0.0546,tile_30.8740_29.2470,moisture_differential
30.907852,29.27345,2.617223e+00,0.0927,tile_30.8740_29.2470,moisture_differential
30.907956,29.27345,2.572141e+00,0.0817,tile_30.8740_29.2470,moisture_differential
30.90806,29.27345,2.446799e+00,0.0511,tile_30.8740_29.2470,moisture_differential
30.910867999999997,29.27345,2.436081e+00,0.0485,tile_30.8740_29.2470,moisture_differential
30.915443999999997,29.27345,2.510689e+00,0.0667,tile_30.8740_29.2470,moisture_differential
30.916172,29.27345,2.583510e+00,0.0844,tile_30.8740_29.2470,moisture_differential
30.916276,29.27345,2.707233e+00,0.1146,tile_30.8740_29.2470,moisture_differential
30.918044,29.27345,2.502749e+00,0.0647,tile_30.8740_29.2470,moisture_differential
30.918667999999997,29.27345,2.251617e+00,0.0035,tile_30.8740_29.2470,moisture_differential
30.918771999999997,29.27345,3.108380e+00,0.2125,tile_30.8740_29.2470,moisture_differential
30.918875999999997,29.27345,2.309555e+00,0.0176,tile_30.8740_29.2470,moisture_differential
30.919083999999998,29.27345,2.315744e+00,0.0191,tile_30.8740_29.2470,moisture_differential
30.921476,29.27345,2.276330e+00,0.0095,tile_30.8740_29.2470,moisture_differential
30.893708,29.273357999999998,2.253269e+00,0.0039,tile_30.8740_29.2470,moisture_differential
30.896932,29.273357999999998,2.259409e+00,0.0054,tile_30.8740_29.2470,moisture_differential
30.897243999999997,29.273357999999998,2.336142e+00,0.0241,tile_30.8740_29.2470,moisture_differential
30.897347999999997,29.273357999999998,2.268602e+00,0.0076,tile_30.8740_29.2470,moisture_differential
30.897451999999998,29.273357999999998,2.467681e+00,0.0562,tile_30.8740_29.2470,moisture_differential
30.898284,29.273357999999998,3.350793e+00,0.2716,tile_30.8740_29.2470,moisture_differential
30.898387999999997,29.273357999999998,3.172989e+00,0.2282,tile_30.8740_29.2470,moisture_differential
30.898491999999997,29.273357999999998,3.630883e+00,0.3399,tile_30.8740_29.2470,moisture_differential
30.898595999999998,29.273357999999998,3.542023e+00,0.3183,tile_30.8740_29.2470,moisture_differential
30.898699999999998,29.273357999999998,3.072087e+00,0.2036,tile_30.8740_29.2470,moisture_differential
30.899531999999997,29.273357999999998,2.642054e+00,0.0987,tile_30.8740_29.2470,moisture_differential
30.90026,29.273357999999998,2.391866e+00,0.0377,tile_30.8740_29.2470,moisture_differential
30.900364,29.273357999999998,2.320083e+00,0.0202,tile_30.8740_29.2470,moisture_differential
30.909412,29.273357999999998,2.300214e+00,0.0153,tile_30.8740_29.2470,moisture_differential
30.910971999999997,29.273357999999998,2.410447e+00,0.0422,tile_30.8740_29.2470,moisture_differential
30.916172,29.273357999999998,2.466264e+00,0.0558,tile_30.8740_29.2470,moisture_differential
30.917212,29.273357999999998,2.632710e+00,0.0964,tile_30.8740_29.2470,moisture_differential
30.917316,29.273357999999998,2.302094e+00,0.0158,tile_30.8740_29.2470,moisture_differential
30.919083999999998,29.273357999999998,2.269811e+00,0.0079,tile_30.8740_29.2470,moisture_differential
30.919188,29.273357999999998,2.485708e+00,0.0606,tile_30.8740_29.2470,moisture_differential
30.920332,29.273357999999998,2.532444e+00,0.0720,tile_30.8740_29.2470,moisture_differential
30.921267999999998,29.273357999999998,2.778137e+00,0.1319,tile_30.8740_29.2470,moisture_differential
30.922411999999998,29.273357999999998,2.288892e+00,0.0126,tile_30.8740_29.2470,moisture_differential
30.924491999999997,29.273357999999998,2.248725e+00,0.0028,tile_30.8740_29.2470,moisture_differential
30.888403999999998,29.273266,2.386789e+00,0.0365,tile_30.8740_29.2470,moisture_differential
30.888507999999998,29.273266,2.239257e+00,0.0005,tile_30.8740_29.2470,moisture_differential
30.898387999999997,29.273266,2.926805e+00,0.1682,tile_30.8740_29.2470,moisture_differential
30.898491999999997,29.273266,2.916951e+00,0.1658,tile_30.8740_29.2470,moisture_differential
30.898595999999998,29.273266,4.056392e+00,0.4438,tile_30.8740_29.2470,moisture_differential
30.898699999999998,29.273266,3.473773e+00,0.3016,tile_30.8740_29.2470,moisture_differential
30.899531999999997,29.273266,2.253598e+00,0.0040,tile_30.8740_29.2470,moisture_differential
30.90026,29.273266,2.457927e+00,0.0538,tile_30.8740_29.2470,moisture_differential
30.900364,29.273266,2.746242e+00,0.1241,tile_30.8740_29.2470,moisture_differential
30.900468,29.273266,2.268082e+00,0.0075,tile_30.8740_29.2470,moisture_differential
30.908891999999998,29.273266,2.397979e+00,0.0392,tile_30.8740_29.2470,moisture_differential
30.909931999999998,29.273266,2.503531e+00,0.0649,tile_30.8740_29.2470,moisture_differential
30.910763999999997,29.273266,2.312916e+00,0.0184,tile_30.8740_29.2470,moisture_differential
30.913051999999997,29.273266,2.239713e+00,0.0006,tile_30.8740_29.2470,moisture_differential
30.914299999999997,29.273266,2.270793e+00,0.0082,tile_30.8740_29.2470,moisture_differential
30.914403999999998,29.273266,2.562237e+00,0.0793,tile_30.8740_29.2470,moisture_differential
30.914716,29.273266,2.323126e+00,0.0209,tile_30.8740_29.2470,moisture_differential
30.91482,29.273266,2.539751e+00,0.0738,tile_30.8740_29.2470,moisture_differential
30.915028,29.273266,2.255485e+00,0.0044,tile_30.8740_29.2470,moisture_differential
30.922724,29.273266,2.331403e+00,0.0229,tile_30.8740_29.2470,moisture_differential
30.92418,29.273266,2.579414e+00,0.0834,tile_30.8740_29.2470,moisture_differential
30.8909,29.273174,2.671183e+00,0.1058,tile_30.8740_29.2470,moisture_differential
30.896932,29.273174,2.347018e+00,0.0268,tile_30.8740_29.2470,moisture_differential
30.897347999999997,29.273174,2.540147e+00,0.0739,tile_30.8740_29.2470,moisture_differential
30.898491999999997,29.273174,2.528002e+00,0.0709,tile_30.8740_29.2470,moisture_differential
30.898595999999998,29.273174,2.687054e+00,0.1097,tile_30.8740_29.2470,moisture_differential
30.898699999999998,29.273174,2.485016e+00,0.0604,tile_30.8740_29.2470,moisture_differential
30.899428,29.273174,2.259376e+00,0.0054,tile_30.8740_29.2470,moisture_differential
30.899531999999997,29.273174,2.850963e+00,0.1497,tile_30.8740_29.2470,moisture_differential
30.899948,29.273174,2.299907e+00,0.0153,tile_30.8740_29.2470,moisture_differential
30.900052,29.273174,2.251077e+00,0.0034,tile_30.8740_29.2470,moisture_differential
30.90026,29.273174,2.268020e+00,0.0075,tile_30.8740_29.2470,moisture_differential
30.91014,29.273174,2.643359e+00,0.0990,tile_30.8740_29.2470,moisture_differential
30.910244,29.273174,2.526832e+00,0.0706,tile_30.8740_29.2470,moisture_differential
30.910348,29.273174,2.414574e+00,0.0432,tile_30.8740_29.2470,moisture_differential
30.910763999999997,29.273174,2.423271e+00,0.0454,tile_30.8740_29.2470,moisture_differential
30.913884,29.273174,2.315424e+00,0.0190,tile_30.8740_29.2470,moisture_differential
30.914092,29.273174,2.897046e+00,0.1609,tile_30.8740_29.2470,moisture_differential
30.914716,29.273174,2.496782e+00,0.0633,tile_30.8740_29.2470,moisture_differential
30.91482,29.273174,2.309950e+00,0.0177,tile_30.8740_29.2470,moisture_differential
30.915236,29.273174,2.377786e+00,0.0343,tile_30.8740_29.2470,moisture_differential
30.915756,29.273174,2.476069e+00,0.0582,tile_30.8740_29.2470,moisture_differential
30.91586,29.273174,2.443950e+00,0.0504,tile_30.8740_29.2470,moisture_differential
30.91742,29.273174,2.805169e+00,0.1385,tile_30.8740_29.2470,moisture_differential
30.917835999999998,29.273174,2.453329e+00,0.0527,tile_30.8740_29.2470,moisture_differential
30.919083999999998,29.273174,2.435272e+00,0.0483,tile_30.8740_29.2470,moisture_differential
30.919708,29.273174,2.275525e+00,0.0093,tile_30.8740_29.2470,moisture_differential
30.92262,29.273174,2.251785e+00,0.0035,tile_30.8740_29.2470,moisture_differential
30.923036,29.273174,2.254735e+00,0.0042,tile_30.8740_29.2470,moisture_differential
30.899428,29.273082,2.768286e+00,0.1295,tile_30.8740_29.2470,moisture_differential
30.899531999999997,29.273082,2.575490e+00,0.0825,tile_30.8740_29.2470,moisture_differential
30.905044,29.273082,2.248021e+00,0.0026,tile_30.8740_29.2470,moisture_differential
30.906603999999998,29.273082,2.457931e+00,0.0538,tile_30.8740_29.2470,moisture_differential
30.9091,29.273082,2.302715e+00,0.0159,tile_30.8740_29.2470,moisture_differential
30.91014,29.273082,2.550250e+00,0.0763,tile_30.8740_29.2470,moisture_differential
30.910244,29.273082,2.783806e+00,0.1333,tile_30.8740_29.2470,moisture_differential
30.910452,29.273082,2.758856e+00,0.1272,tile_30.8740_29.2470,moisture_differential
30.910556,29.273082,2.714351e+00,0.1164,tile_30.8740_29.2470,moisture_differential
30.91066,29.273082,2.529096e+00,0.0712,tile_30.8740_29.2470,moisture_differential
30.911179999999998,29.273082,2.517897e+00,0.0684,tile_30.8740_29.2470,moisture_differential
30.911284,29.273082,2.652247e+00,0.1012,tile_30.8740_29.2470,moisture_differential
30.913155999999997,29.273082,2.370160e+00,0.0324,tile_30.8740_29.2470,moisture_differential
30.913884,29.273082,2.345331e+00,0.0263,tile_30.8740_29.2470,moisture_differential
30.914195999999997,29.273082,2.368311e+00,0.0320,tile_30.8740_29.2470,moisture_differential
30.915756,29.273082,2.287413e+00,0.0122,tile_30.8740_29.2470,moisture_differential
30.919188,29.273082,2.576807e+00,0.0828,tile_30.8740_29.2470,moisture_differential
30.919292,29.273082,2.365973e+00,0.0314,tile_30.8740_29.2470,moisture_differential
30.920123999999998,29.273082,2.377711e+00,0.0342,tile_30.8740_29.2470,moisture_differential
30.923972,29.273082,2.466298e+00,0.0559,tile_30.8740_29.2470,moisture_differential
30.894748,29.27299,2.565599e+00,0.0801,tile_30.8740_29.2470,moisture_differential
30.89766,29.27299,2.253753e+00,0.0040,tile_30.8740_29.2470,moisture_differential
30.898699999999998,29.27299,2.357673e+00,0.0294,tile_30.8740_29.2470,moisture_differential
30.898804,29.27299,2.244802e+00,0.0018,tile_30.8740_29.2470,moisture_differential
30.899843999999998,29.27299,2.378581e+00,0.0345,tile_30.8740_29.2470,moisture_differential
30.899948,29.27299,2.385966e+00,0.0363,tile_30.8740_29.2470,moisture_differential
30.906708,29.27299,2.270808e+00,0.0082,tile_30.8740_29.2470,moisture_differential
30.908891999999998,29.27299,2.466452e+00,0.0559,tile_30.8740_29.2470,moisture_differential
30.908996,29.27299,2.406483e+00,0.0413,tile_30.8740_29.2470,moisture_differential
30.910244,29.27299,2.356070e+00,0.0290,tile_30.8740_29.2470,moisture_differential
30.910348,29.27299,2.537808e+00,0.0733,tile_30.8740_29.2470,moisture_differential
30.910556,29.27299,2.686863e+00,0.1097,tile_30.8740_29.2470,moisture_differential
30.910763999999997,29.27299,2.330363e+00,0.0227,tile_30.8740_29.2470,moisture_differential
30.915339999999997,29.27299,2.291058e+00,0.0131,tile_30.8740_29.2470,moisture_differential
30.918564,29.27299,2.694218e+00,0.1115,tile_30.8740_29.2470,moisture_differential
30.919708,29.27299,2.376741e+00,0.0340,tile_30.8740_29.2470,moisture_differential
30.920019999999997,29.27299,2.464216e+00,0.0553,tile_30.8740_29.2470,moisture_differential
30.920332,29.27299,2.743098e+00,0.1234,tile_30.8740_29.2470,moisture_differential
30.921163999999997,29.27299,2.629899e+00,0.0958,tile_30.8740_29.2470,moisture_differential
30.923972,29.27299,2.455302e+00,0.0532,tile_30.8740_29.2470,moisture_differential
30.924076,29.27299,2.556660e+00,0.0779,tile_30.8740_29.2470,moisture_differential
30.87842,29.272897999999998,2.291465e+00,0.0132,tile_30.8740_29.2470,moisture_differential
30.878524,29.272897999999998,2.809490e+00,0.1396,tile_30.8740_29.2470,moisture_differential
30.878628,29.272897999999998,2.625482e+00,0.0947,tile_30.8740_29.2470,moisture_differential
30.889651999999998,29.272897999999998,2.308750e+00,0.0174,tile_30.8740_29.2470,moisture_differential
30.890795999999998,29.272897999999998,2.380368e+00,0.0349,tile_30.8740_29.2470,moisture_differential
30.8909,29.272897999999998,2.259559e+00,0.0054,tile_30.8740_29.2470,moisture_differential
30.894748,29.272897999999998,2.247299e+00,0.0024,tile_30.8740_29.2470,moisture_differential
30.896516,29.272897999999998,2.632337e+00,0.0964,tile_30.8740_29.2470,moisture_differential
30.89662,29.272897999999998,2.449959e+00,0.0519,tile_30.8740_29.2470,moisture_differential
30.896724,29.272897999999998,2.421642e+00,0.0450,tile_30.8740_29.2470,moisture_differential
30.898699999999998,29.272897999999998,2.343604e+00,0.0259,tile_30.8740_29.2470,moisture_differential
30.899012,29.272897999999998,2.290607e+00,0.0130,tile_30.8740_29.2470,moisture_differential
30.899948,29.272897999999998,2.458116e+00,0.0539,tile_30.8740_29.2470,moisture_differential
30.900468,29.272897999999998,2.344773e+00,0.0262,tile_30.8740_29.2470,moisture_differential
30.905044,29.272897999999998,2.240610e+00,0.0008,tile_30.8740_29.2470,moisture_differential
30.908891999999998,29.272897999999998,2.446119e+00,0.0509,tile_30.8740_29.2470,moisture_differential
30.910035999999998,29.272897999999998,2.536795e+00,0.0731,tile_30.8740_29.2470,moisture_differential
30.910867999999997,29.272897999999998,2.407056e+00,0.0414,tile_30.8740_29.2470,moisture_differential
30.911179999999998,29.272897999999998,2.587928e+00,0.0855,tile_30.8740_29.2470,moisture_differential
30.914716,29.272897999999998,2.278051e+00,0.0099,tile_30.8740_29.2470,moisture_differential
30.915339999999997,29.272897999999998,2.337470e+00,0.0244,tile_30.8740_29.2470,moisture_differential
30.915443999999997,29.272897999999998,2.336462e+00,0.0242,tile_30.8740_29.2470,moisture_differential
30.916587999999997,29.272897999999998,2.434897e+00,0.0482,tile_30.8740_29.2470,moisture_differential
30.916795999999998,29.272897999999998,2.322355e+00,0.0207,tile_30.8740_29.2470,moisture_differential
30.919708,29.272897999999998,2.411573e+00,0.0425,tile_30.8740_29.2470,moisture_differential
30.919915999999997,29.272897999999998,2.350943e+00,0.0277,tile_30.8740_29.2470,moisture_differential
30.920227999999998,29.272897999999998,2.412862e+00,0.0428,tile_30.8740_29.2470,moisture_differential
30.920332,29.272897999999998,3.114141e+00,0.2139,tile_30.8740_29.2470,moisture_differential
30.920436,29.272897999999998,2.736491e+00,0.1218,tile_30.8740_29.2470,moisture_differential
30.921163999999997,29.272897999999998,2.908919e+00,0.1638,tile_30.8740_29.2470,moisture_differential
30.921267999999998,29.272897999999998,2.314691e+00,0.0189,tile_30.8740_29.2470,moisture_differential
30.922203999999997,29.272897999999998,2.399851e+00,0.0396,tile_30.8740_29.2470,moisture_differential
30.925635999999997,29.272897999999998,2.425515e+00,0.0459,tile_30.8740_29.2470,moisture_differential
30.878315999999998,29.272806,2.299403e+00,0.0151,tile_30.8740_29.2470,moisture_differential
30.87842,29.272806,3.250761e+00,0.2472,tile_30.8740_29.2470,moisture_differential
30.878524,29.272806,3.821744e+00,0.3865,tile_30.8740_29.2470,moisture_differential
30.878628,29.272806,2.504276e+00,0.0651,tile_30.8740_29.2470,moisture_differential
30.889651999999998,29.272806,2.345189e+00,0.0263,tile_30.8740_29.2470,moisture_differential
30.890795999999998,29.272806,2.333801e+00,0.0235,tile_30.8740_29.2470,moisture_differential
30.896516,29.272806,3.002749e+00,0.1867,tile_30.8740_29.2470,moisture_differential
30.89662,29.272806,2.382290e+00,0.0354,tile_30.8740_29.2470,moisture_differential
30.897555999999998,29.272806,2.400693e+00,0.0399,tile_30.8740_29.2470,moisture_differential
30.899012,29.272806,2.522219e+00,0.0695,tile_30.8740_29.2470,moisture_differential
30.899116,29.272806,2.883805e+00,0.1577,tile_30.8740_29.2470,moisture_differential
30.899324,29.272806,2.589478e+00,0.0859,tile_30.8740_29.2470,moisture_differential
30.899428,29.272806,2.431935e+00,0.0475,tile_30.8740_29.2470,moisture_differential
30.899531999999997,29.272806,2.380557e+00,0.0349,tile_30.8740_29.2470,moisture_differential
30.899635999999997,29.272806,2.439699e+00,0.0494,tile_30.8740_29.2470,moisture_differential
30.900468,29.272806,2.258379e+00,0.0051,tile_30.8740_29.2470,moisture_differential
30.900571999999997,29.272806,2.415441e+00,0.0434,tile_30.8740_29.2470,moisture_differential
30.910867999999997,29.272806,2.712945e+00,0.1160,tile_30.8740_29.2470,moisture_differential
30.910971999999997,29.272806,2.365028e+00,0.0311,tile_30.8740_29.2470,moisture_differential
30.911284,29.272806,2.258993e+00,0.0053,tile_30.8740_29.2470,moisture_differential
30.913051999999997,29.272806,2.563453e+00,0.0796,tile_30.8740_29.2470,moisture_differential
30.913884,29.272806,2.278364e+00,0.0100,tile_30.8740_29.2470,moisture_differential
30.914092,29.272806,2.534245e+00,0.0724,tile_30.8740_29.2470,moisture_differential
30.914299999999997,29.272806,2.262627e+00,0.0062,tile_30.8740_29.2470,moisture_differential
30.915339999999997,29.272806,2.336539e+00,0.0242,tile_30.8740_29.2470,moisture_differential
30.916691999999998,29.272806,2.256355e+00,0.0046,tile_30.8740_29.2470,moisture_differential
30.918252,29.272806,2.268913e+00,0.0077,tile_30.8740_29.2470,moisture_differential
30.919811999999997,29.272806,2.378952e+00,0.0345,tile_30.8740_29.2470,moisture_differential
30.920332,29.272806,2.516392e+00,0.0681,tile_30.8740_29.2470,moisture_differential
30.920436,29.272806,2.653707e+00,0.1016,tile_30.8740_29.2470,moisture_differential
30.921059999999997,29.272806,2.646610e+00,0.0998,tile_30.8740_29.2470,moisture_differential
30.921163999999997,29.272806,3.194139e+00,0.2334,tile_30.8740_29.2470,moisture_differential
30.921267999999998,29.272806,3.983134e+00,0.4259,tile_30.8740_29.2470,moisture_differential
30.921371999999998,29.272806,2.752157e+00,0.1256,tile_30.8740_29.2470,moisture_differential
30.924595999999998,29.272806,2.448856e+00,0.0516,tile_30.8740_29.2470,moisture_differential
30.925635999999997,29.272806,2.451739e+00,0.0523,tile_30.8740_29.2470,moisture_differential
30.878315999999998,29.272714,2.284975e+00,0.0116,tile_30.8740_29.2470,moisture_differential
30.87842,29.272714,3.150641e+00,0.2228,tile_30.8740_29.2470,moisture_differential
30.878524,29.272714,3.480175e+00,0.3032,tile_30.8740_29.2470,moisture_differential
30.878628,29.272714,2.361557e+00,0.0303,tile_30.8740_29.2470,moisture_differential
30.879876,29.272714,2.352887e+00,0.0282,tile_30.8740_29.2470,moisture_differential
30.887572,29.272714,2.251562e+00,0.0035,tile_30.8740_29.2470,moisture_differential
30.896411999999998,29.272714,2.625752e+00,0.0948,tile_30.8740_29.2470,moisture_differential
30.896516,29.272714,2.490180e+00,0.0617,tile_30.8740_29.2470,moisture_differential
30.897555999999998,29.272714,2.297993e+00,0.0148,tile_30.8740_29.2470,moisture_differential
30.898595999999998,29.272714,2.343489e+00,0.0259,tile_30.8740_29.2470,moisture_differential
30.898699999999998,29.272714,2.852961e+00,0.1502,tile_30.8740_29.2470,moisture_differential
30.898804,29.272714,2.471979e+00,0.0572,tile_30.8740_29.2470,moisture_differential
30.898908,29.272714,2.326788e+00,0.0218,tile_30.8740_29.2470,moisture_differential
30.899012,29.272714,2.579099e+00,0.0834,tile_30.8740_29.2470,moisture_differential
30.899116,29.272714,3.041570e+00,0.1962,tile_30.8740_29.2470,moisture_differential
30.89922,29.272714,2.741581e+00,0.1230,tile_30.8740_29.2470,moisture_differential
30.899635999999997,29.272714,2.432736e+00,0.0477,tile_30.8740_29.2470,moisture_differential
30.900156,29.272714,2.362037e+00,0.0304,tile_30.8740_29.2470,moisture_differential
30.90026,29.272714,2.733076e+00,0.1209,tile_30.8740_29.2470,moisture_differential
30.904524,29.272714,2.257094e+00,0.0048,tile_30.8740_29.2470,moisture_differential
30.906708,29.272714,2.404934e+00,0.0409,tile_30.8740_29.2470,moisture_differential
30.906812,29.272714,2.686844e+00,0.1097,tile_30.8740_29.2470,moisture_differential
30.910556,29.272714,2.379677e+00,0.0347,tile_30.8740_29.2470,moisture_differential
30.913884,29.272714,2.243640e+00,0.0015,tile_30.8740_29.2470,moisture_differential
30.914507999999998,29.272714,2.413462e+00,0.0430,tile_30.8740_29.2470,moisture_differential
30.915132,29.272714,2.754533e+00,0.1262,tile_30.8740_29.2470,moisture_differential
30.915236,29.272714,2.317361e+00,0.0195,tile_30.8740_29.2470,moisture_differential
30.916276,29.272714,2.790976e+00,0.1351,tile_30.8740_29.2470,moisture_differential
30.91638,29.272714,2.447094e+00,0.0512,tile_30.8740_29.2470,moisture_differential
30.919915999999997,29.272714,2.384613e+00,0.0359,tile_30.8740_29.2470,moisture_differential
30.920227999999998,29.272714,2.377620e+00,0.0342,tile_30.8740_29.2470,moisture_differential
30.920332,29.272714,2.364496e+00,0.0310,tile_30.8740_29.2470,moisture_differential
30.920955999999997,29.272714,2.396199e+00,0.0388,tile_30.8740_29.2470,moisture_differential
30.921059999999997,29.272714,2.338648e+00,0.0247,tile_30.8740_29.2470,moisture_differential
30.921267999999998,29.272714,2.813211e+00,0.1405,tile_30.8740_29.2470,moisture_differential
30.922932,29.272714,2.317067e+00,0.0194,tile_30.8740_29.2470,moisture_differential
30.923036,29.272714,2.301684e+00,0.0157,tile_30.8740_29.2470,moisture_differential
30.924595999999998,29.272714,2.282352e+00,0.0110,tile_30.8740_29.2470,moisture_differential
30.925012,29.272714,2.319446e+00,0.0200,tile_30.8740_29.2470,moisture_differential
30.881228,29.272622,2.258733e+00,0.0052,tile_30.8740_29.2470,moisture_differential
30.889964,29.272622,2.314488e+00,0.0188,tile_30.8740_29.2470,moisture_differential
30.896307999999998,29.272622,2.412066e+00,0.0426,tile_30.8740_29.2470,moisture_differential
30.896411999999998,29.272622,2.723587e+00,0.1186,tile_30.8740_29.2470,moisture_differential
30.896516,29.272622,2.769100e+00,0.1297,tile_30.8740_29.2470,moisture_differential
30.898491999999997,29.272622,2.372972e+00,0.0331,tile_30.8740_29.2470,moisture_differential
30.898595999999998,29.272622,2.368639e+00,0.0320,tile_30.8740_29.2470,moisture_differential
30.898699999999998,29.272622,2.642299e+00,0.0988,tile_30.8740_29.2470,moisture_differential
30.898804,29.272622,2.550917e+00,0.0765,tile_30.8740_29.2470,moisture_differential
30.899012,29.272622,2.526458e+00,0.0705,tile_30.8740_29.2470,moisture_differential
30.899116,29.272622,2.727400e+00,0.1195,tile_30.8740_29.2470,moisture_differential
30.89922,29.272622,2.618991e+00,0.0931,tile_30.8740_29.2470,moisture_differential
30.90442,29.272622,2.263087e+00,0.0063,tile_30.8740_29.2470,moisture_differential
30.90702,29.272622,2.377762e+00,0.0343,tile_30.8740_29.2470,moisture_differential
30.909827999999997,29.272622,2.479390e+00,0.0590,tile_30.8740_29.2470,moisture_differential
30.909931999999998,29.272622,2.539138e+00,0.0736,tile_30.8740_29.2470,moisture_differential
30.913259999999998,29.272622,2.442390e+00,0.0500,tile_30.8740_29.2470,moisture_differential
30.913363999999998,29.272622,2.444222e+00,0.0505,tile_30.8740_29.2470,moisture_differential
30.914507999999998,29.272622,2.566584e+00,0.0803,tile_30.8740_29.2470,moisture_differential
30.914611999999998,29.272622,2.299761e+00,0.0152,tile_30.8740_29.2470,moisture_differential
30.914716,29.272622,2.640681e+00,0.0984,tile_30.8740_29.2470,moisture_differential
30.91482,29.272622,2.620302e+00,0.0934,tile_30.8740_29.2470,moisture_differential
30.915132,29.272622,2.311681e+00,0.0181,tile_30.8740_29.2470,moisture_differential
30.915236,29.272622,2.853195e+00,0.1502,tile_30.8740_29.2470,moisture_differential
30.919083999999998,29.272622,2.309818e+00,0.0177,tile_30.8740_29.2470,moisture_differential
30.919188,29.272622,2.384265e+00,0.0358,tile_30.8740_29.2470,moisture_differential
30.919292,29.272622,2.250922e+00,0.0033,tile_30.8740_29.2470,moisture_differential
30.919915999999997,29.272622,2.436439e+00,0.0486,tile_30.8740_29.2470,moisture_differential
30.920852,29.272622,2.674461e+00,0.1066,tile_30.8740_29.2470,moisture_differential
30.920955999999997,29.272622,2.647042e+00,0.0999,tile_30.8740_29.2470,moisture_differential
30.921163999999997,29.272622,2.473997e+00,0.0577,tile_30.8740_29.2470,moisture_differential
30.923659999999998,29.272622,2.436652e+00,0.0486,tile_30.8740_29.2470,moisture_differential
30.877692,29.27253,2.240756e+00,0.0008,tile_30.8740_29.2470,moisture_differential
30.881228,29.27253,2.484983e+00,0.0604,tile_30.8740_29.2470,moisture_differential
30.889964,29.27253,2.249945e+00,0.0031,tile_30.8740_29.2470,moisture_differential
30.894748,29.27253,2.289059e+00,0.0126,tile_30.8740_29.2470,moisture_differential
30.896307999999998,29.27253,2.642953e+00,0.0989,tile_30.8740_29.2470,moisture_differential
30.896411999999998,29.27253,2.958583e+00,0.1759,tile_30.8740_29.2470,moisture_differential
30.896516,29.27253,3.392846e+00,0.2819,tile_30.8740_29.2470,moisture_differential
30.89662,29.27253,2.581526e+00,0.0840,tile_30.8740_29.2470,moisture_differential
30.898595999999998,29.27253,2.417898e+00,0.0440,tile_30.8740_29.2470,moisture_differential
30.898699999999998,29.27253,2.740715e+00,0.1228,tile_30.8740_29.2470,moisture_differential
30.900779999999997,29.27253,2.377580e+00,0.0342,tile_30.8740_29.2470,moisture_differential
30.906916,29.27253,2.543484e+00,0.0747,tile_30.8740_29.2470,moisture_differential
30.90702,29.27253,2.581034e+00,0.0838,tile_30.8740_29.2470,moisture_differential
30.910244,29.27253,2.527741e+00,0.0708,tile_30.8740_29.2470,moisture_differential
30.912428,29.27253,2.357367e+00,0.0293,tile_30.8740_29.2470,moisture_differential
30.913155999999997,29.27253,2.286482e+00,0.0120,tile_30.8740_29.2470,moisture_differential
30.913259999999998,29.27253,2.272033e+00,0.0085,tile_30.8740_29.2470,moisture_differential
30.913884,29.27253,2.460211e+00,0.0544,tile_30.8740_29.2470,moisture_differential
30.914611999999998,29.27253,2.547034e+00,0.0755,tile_30.8740_29.2470,moisture_differential
30.914716,29.27253,2.756502e+00,0.1266,tile_30.8740_29.2470,moisture_differential
30.91482,29.27253,2.913856e+00,0.1650,tile_30.8740_29.2470,moisture_differential
30.915236,29.27253,2.435535e+00,0.0483,tile_30.8740_29.2470,moisture_differential
30.915339999999997,29.27253,2.746235e+00,0.1241,tile_30.8740_29.2470,moisture_differential
30.915443999999997,29.27253,2.573916e+00,0.0821,tile_30.8740_29.2470,moisture_differential
30.916691999999998,29.27253,2.366426e+00,0.0315,tile_30.8740_29.2470,moisture_differential
30.919083999999998,29.27253,2.287909e+00,0.0123,tile_30.8740_29.2470,moisture_differential
30.919915999999997,29.27253,2.686713e+00,0.1096,tile_30.8740_29.2470,moisture_differential
30.922828,29.27253,2.382839e+00,0.0355,tile_30.8740_29.2470,moisture_differential
30.92314,29.27253,2.437020e+00,0.0487,tile_30.8740_29.2470,moisture_differential
30.877692,29.272438,2.564365e+00,0.0798,tile_30.8740_29.2470,moisture_differential
30.881228,29.272438,2.453792e+00,0.0528,tile_30.8740_29.2470,moisture_differential
30.896307999999998,29.272438,2.338355e+00,0.0246,tile_30.8740_29.2470,moisture_differential
30.896411999999998,29.272438,3.425313e+00,0.2898,tile_30.8740_29.2470,moisture_differential
30.896516,29.272438,3.376915e+00,0.2780,tile_30.8740_29.2470,moisture_differential
30.89662,29.272438,2.866454e+00,0.1535,tile_30.8740_29.2470,moisture_differential
30.896724,29.272438,2.319434e+00,0.0200,tile_30.8740_29.2470,moisture_differential
30.898699999999998,29.272438,2.248123e+00,0.0026,tile_30.8740_29.2470,moisture_differential
30.900779999999997,29.272438,2.564151e+00,0.0797,tile_30.8740_29.2470,moisture_differential
30.9013,29.272438,2.543907e+00,0.0748,tile_30.8740_29.2470,moisture_differential
30.901404,29.272438,2.240765e+00,0.0008,tile_30.8740_29.2470,moisture_differential
30.906291999999997,29.272438,2.435481e+00,0.0483,tile_30.8740_29.2470,moisture_differential
30.906395999999997,29.272438,2.555163e+00,0.0775,tile_30.8740_29.2470,moisture_differential
30.906812,29.272438,2.639187e+00,0.0980,tile_30.8740_29.2470,moisture_differential
30.90702,29.272438,2.394955e+00,0.0385,tile_30.8740_29.2470,moisture_differential
30.907124,29.272438,2.245659e+00,0.0020,tile_30.8740_29.2470,moisture_differential
30.908787999999998,29.272438,2.399446e+00,0.0395,tile_30.8740_29.2470,moisture_differential
30.908891999999998,29.272438,2.275863e+00,0.0094,tile_30.8740_29.2470,moisture_differential
30.91014,29.272438,2.594653e+00,0.0872,tile_30.8740_29.2470,moisture_differential
30.910244,29.272438,3.050386e+00,0.1983,tile_30.8740_29.2470,moisture_differential
30.910348,29.272438,2.565722e+00,0.0801,tile_30.8740_29.2470,moisture_differential
30.913051999999997,29.272438,2.603956e+00,0.0894,tile_30.8740_29.2470,moisture_differential
30.913155999999997,29.272438,3.274868e+00,0.2531,tile_30.8740_29.2470,moisture_differential
30.913467999999998,29.272438,2.374600e+00,0.0335,tile_30.8740_29.2470,moisture_differential
30.913988,29.272438,2.637800e+00,0.0977,tile_30.8740_29.2470,moisture_differential
30.914611999999998,29.272438,2.292655e+00,0.0135,tile_30.8740_29.2470,moisture_differential
30.91482,29.272438,2.549844e+00,0.0762,tile_30.8740_29.2470,moisture_differential
30.918771999999997,29.272438,2.247803e+00,0.0026,tile_30.8740_29.2470,moisture_differential
30.919188,29.272438,2.251611e+00,0.0035,tile_30.8740_29.2470,moisture_differential
30.919292,29.272438,2.422004e+00,0.0450,tile_30.8740_29.2470,moisture_differential
30.920227999999998,29.272438,2.469652e+00,0.0567,tile_30.8740_29.2470,moisture_differential
30.920644,29.272438,2.920888e+00,0.1667,tile_30.8740_29.2470,moisture_differential
30.921892,29.272438,2.320267e+00,0.0202,tile_30.8740_29.2470,moisture_differential
30.922828,29.272438,2.804946e+00,0.1385,tile_30.8740_29.2470,moisture_differential
30.924908,29.272438,2.287445e+00,0.0122,tile_30.8740_29.2470,moisture_differential
30.880916,29.272346,2.311416e+00,0.0181,tile_30.8740_29.2470,moisture_differential
30.888403999999998,29.272346,2.365116e+00,0.0312,tile_30.8740_29.2470,moisture_differential
30.896307999999998,29.272346,2.310880e+00,0.0179,tile_30.8740_29.2470,moisture_differential
30.896411999999998,29.272346,3.180154e+00,0.2300,tile_30.8740_29.2470,moisture_differential
30.896516,29.272346,3.496061e+00,0.3071,tile_30.8740_29.2470,moisture_differential
30.89662,29.272346,2.531501e+00,0.0718,tile_30.8740_29.2470,moisture_differential
30.89714,29.272346,2.564039e+00,0.0797,tile_30.8740_29.2470,moisture_differential
30.898699999999998,29.272346,2.248391e+00,0.0027,tile_30.8740_29.2470,moisture_differential
30.898804,29.272346,2.379556e+00,0.0347,tile_30.8740_29.2470,moisture_differential
30.898908,29.272346,2.631852e+00,0.0962,tile_30.8740_29.2470,moisture_differential
30.905044,29.272346,2.646339e+00,0.0998,tile_30.8740_29.2470,moisture_differential
30.910971999999997,29.272346,2.674226e+00,0.1066,tile_30.8740_29.2470,moisture_differential
30.911075999999998,29.272346,2.375939e+00,0.0338,tile_30.8740_29.2470,moisture_differential
30.911179999999998,29.272346,2.348804e+00,0.0272,tile_30.8740_29.2470,moisture_differential
30.911284,29.272346,2.290387e+00,0.0129,tile_30.8740_29.2470,moisture_differential
30.913051999999997,29.272346,2.528897e+00,0.0711,tile_30.8740_29.2470,moisture_differential
30.913155999999997,29.272346,2.435785e+00,0.0484,tile_30.8740_29.2470,moisture_differential
30.913988,29.272346,2.616234e+00,0.0924,tile_30.8740_29.2470,moisture_differential
30.914924,29.272346,2.656023e+00,0.1021,tile_30.8740_29.2470,moisture_differential
30.915236,29.272346,2.387709e+00,0.0367,tile_30.8740_29.2470,moisture_differential
30.915651999999998,29.272346,2.627954e+00,0.0953,tile_30.8740_29.2470,moisture_differential
30.916795999999998,29.272346,2.339775e+00,0.0250,tile_30.8740_29.2470,moisture_differential
30.918252,29.272346,2.253198e+00,0.0039,tile_30.8740_29.2470,moisture_differential
30.918771999999997,29.272346,2.250905e+00,0.0033,tile_30.8740_29.2470,moisture_differential
30.918875999999997,29.272346,2.599050e+00,0.0882,tile_30.8740_29.2470,moisture_differential
30.919188,29.272346,2.296546e+00,0.0144,tile_30.8740_29.2470,moisture_differential
30.920644,29.272346,2.285202e+00,0.0117,tile_30.8740_29.2470,moisture_differential
30.920955999999997,29.272346,2.298071e+00,0.0148,tile_30.8740_29.2470,moisture_differential
30.923868,29.272346,2.412662e+00,0.0428,tile_30.8740_29.2470,moisture_differential
30.92522,29.272346,2.290458e+00,0.0130,tile_30.8740_29.2470,moisture_differential
30.880916,29.272254,2.613411e+00,0.0917,tile_30.8740_29.2470,moisture_differential
30.896307999999998,29.272254,2.268654e+00,0.0076,tile_30.8740_29.2470,moisture_differential
30.896411999999998,29.272254,2.543502e+00,0.0747,tile_30.8740_29.2470,moisture_differential
30.896516,29.272254,3.067243e+00,0.2025,tile_30.8740_29.2470,moisture_differential
30.89662,29.272254,2.462413e+00,0.0549,tile_30.8740_29.2470,moisture_differential
30.89714,29.272254,2.533457e+00,0.0722,tile_30.8740_29.2470,moisture_differential
30.897243999999997,29.272254,2.592502e+00,0.0866,tile_30.8740_29.2470,moisture_differential
30.898491999999997,29.272254,2.265146e+00,0.0068,tile_30.8740_29.2470,moisture_differential
30.898595999999998,29.272254,2.499435e+00,0.0639,tile_30.8740_29.2470,moisture_differential
30.898699999999998,29.272254,2.517292e+00,0.0683,tile_30.8740_29.2470,moisture_differential
30.898804,29.272254,3.270965e+00,0.2521,tile_30.8740_29.2470,moisture_differential
30.898908,29.272254,3.152230e+00,0.2232,tile_30.8740_29.2470,moisture_differential
30.899428,29.272254,2.538099e+00,0.0734,tile_30.8740_29.2470,moisture_differential
30.900468,29.272254,2.272924e+00,0.0087,tile_30.8740_29.2470,moisture_differential
30.912636,29.272254,2.387681e+00,0.0367,tile_30.8740_29.2470,moisture_differential
30.91274,29.272254,2.422934e+00,0.0453,tile_30.8740_29.2470,moisture_differential
30.915339999999997,29.272254,2.393668e+00,0.0381,tile_30.8740_29.2470,moisture_differential
30.915651999999998,29.272254,2.267865e+00,0.0074,tile_30.8740_29.2470,moisture_differential
30.915756,29.272254,2.281735e+00,0.0108,tile_30.8740_29.2470,moisture_differential
30.91586,29.272254,2.480499e+00,0.0593,tile_30.8740_29.2470,moisture_differential
30.915964,29.272254,2.374913e+00,0.0336,tile_30.8740_29.2470,moisture_differential
30.916068,29.272254,2.517390e+00,0.0683,tile_30.8740_29.2470,moisture_differential
30.917004,29.272254,2.470545e+00,0.0569,tile_30.8740_29.2470,moisture_differential
30.917316,29.272254,2.875140e+00,0.1556,tile_30.8740_29.2470,moisture_differential
30.91742,29.272254,2.971268e+00,0.1790,tile_30.8740_29.2470,moisture_differential
30.918148,29.272254,2.569914e+00,0.0811,tile_30.8740_29.2470,moisture_differential
30.918252,29.272254,2.401924e+00,0.0402,tile_30.8740_29.2470,moisture_differential
30.922515999999998,29.272254,2.259733e+00,0.0055,tile_30.8740_29.2470,moisture_differential
30.92262,29.272254,2.650813e+00,0.1009,tile_30.8740_29.2470,moisture_differential
30.922724,29.272254,2.284681e+00,0.0115,tile_30.8740_29.2470,moisture_differential
30.922828,29.272254,2.352269e+00,0.0280,tile_30.8740_29.2470,moisture_differential
30.923555999999998,29.272254,2.621536e+00,0.0937,tile_30.8740_29.2470,moisture_differential
30.923868,29.272254,2.393424e+00,0.0381,tile_30.8740_29.2470,moisture_differential
30.92522,29.272254,2.517586e+00,0.0684,tile_30.8740_29.2470,moisture_differential
30.925324,29.272254,2.306153e+00,0.0168,tile_30.8740_29.2470,moisture_differential
30.879147999999997,29.272161999999998,2.641264e+00,0.0985,tile_30.8740_29.2470,moisture_differential
30.896411999999998,29.272161999999998,2.608816e+00,0.0906,tile_30.8740_29.2470,moisture_differential
30.896516,29.272161999999998,2.504785e+00,0.0652,tile_30.8740_29.2470,moisture_differential
30.897347999999997,29.272161999999998,2.358352e+00,0.0295,tile_30.8740_29.2470,moisture_differential
30.898595999999998,29.272161999999998,2.436269e+00,0.0485,tile_30.8740_29.2470,moisture_differential
30.898699999999998,29.272161999999998,2.558925e+00,0.0785,tile_30.8740_29.2470,moisture_differential
30.898804,29.272161999999998,3.011702e+00,0.1889,tile_30.8740_29.2470,moisture_differential
30.898908,29.272161999999998,2.686448e+00,0.1096,tile_30.8740_29.2470,moisture_differential
30.906812,29.272161999999998,2.568765e+00,0.0809,tile_30.8740_29.2470,moisture_differential
30.907435999999997,29.272161999999998,2.627670e+00,0.0952,tile_30.8740_29.2470,moisture_differential
30.913155999999997,29.272161999999998,2.381797e+00,0.0352,tile_30.8740_29.2470,moisture_differential
30.915236,29.272161999999998,2.331980e+00,0.0231,tile_30.8740_29.2470,moisture_differential
30.915443999999997,29.272161999999998,2.270215e+00,0.0080,tile_30.8740_29.2470,moisture_differential
30.91586,29.272161999999998,2.423517e+00,0.0454,tile_30.8740_29.2470,moisture_differential
30.916587999999997,29.272161999999998,2.327448e+00,0.0220,tile_30.8740_29.2470,moisture_differential
30.916691999999998,29.272161999999998,2.345557e+00,0.0264,tile_30.8740_29.2470,moisture_differential
30.917004,29.272161999999998,2.331837e+00,0.0231,tile_30.8740_29.2470,moisture_differential
30.91742,29.272161999999998,2.571094e+00,0.0814,tile_30.8740_29.2470,moisture_differential
30.918044,29.272161999999998,2.288310e+00,0.0124,tile_30.8740_29.2470,moisture_differential
30.918148,29.272161999999998,2.750189e+00,0.1251,tile_30.8740_29.2470,moisture_differential
30.918252,29.272161999999998,2.367995e+00,0.0319,tile_30.8740_29.2470,moisture_differential
30.919292,29.272161999999998,2.270142e+00,0.0080,tile_30.8740_29.2470,moisture_differential
30.919396,29.272161999999998,2.784329e+00,0.1334,tile_30.8740_29.2470,moisture_differential
30.923451999999997,29.272161999999998,2.690112e+00,0.1105,tile_30.8740_29.2470,moisture_differential
30.924284,29.272161999999998,2.262402e+00,0.0061,tile_30.8740_29.2470,moisture_differential
30.890587999999997,29.27207,2.470831e+00,0.0570,tile_30.8740_29.2470,moisture_differential
30.894228,29.27207,2.370900e+00,0.0326,tile_30.8740_29.2470,moisture_differential
30.894332,29.27207,2.278328e+00,0.0100,tile_30.8740_29.2470,moisture_differential
30.898076,29.27207,2.319346e+00,0.0200,tile_30.8740_29.2470,moisture_differential
30.898491999999997,29.27207,2.312816e+00,0.0184,tile_30.8740_29.2470,moisture_differential
30.898595999999998,29.27207,2.581345e+00,0.0839,tile_30.8740_29.2470,moisture_differential
30.898699999999998,29.27207,2.726378e+00,0.1193,tile_30.8740_29.2470,moisture_differential
30.898804,29.27207,2.598899e+00,0.0882,tile_30.8740_29.2470,moisture_differential
30.898908,29.27207,2.691622e+00,0.1108,tile_30.8740_29.2470,moisture_differential
30.906812,29.27207,2.527880e+00,0.0709,tile_30.8740_29.2470,moisture_differential
30.910348,29.27207,2.371991e+00,0.0328,tile_30.8740_29.2470,moisture_differential
30.913259999999998,29.27207,2.408018e+00,0.0416,tile_30.8740_29.2470,moisture_differential
30.913363999999998,29.27207,2.282613e+00,0.0110,tile_30.8740_29.2470,moisture_differential
30.914924,29.27207,2.276660e+00,0.0096,tile_30.8740_29.2470,moisture_differential
30.915547999999998,29.27207,2.529990e+00,0.0714,tile_30.8740_29.2470,moisture_differential
30.91586,29.27207,2.246559e+00,0.0022,tile_30.8740_29.2470,moisture_differential
30.916691999999998,29.27207,2.265346e+00,0.0068,tile_30.8740_29.2470,moisture_differential
30.919396,29.27207,2.259309e+00,0.0054,tile_30.8740_29.2470,moisture_differential
30.9195,29.27207,2.478787e+00,0.0589,tile_30.8740_29.2470,moisture_differential
30.925116,29.27207,2.264772e+00,0.0067,tile_30.8740_29.2470,moisture_differential
30.925739999999998,29.27207,2.626514e+00,0.0949,tile_30.8740_29.2470,moisture_differential
30.877796,29.271978,2.349979e+00,0.0275,tile_30.8740_29.2470,moisture_differential
30.894228,29.271978,2.540393e+00,0.0739,tile_30.8740_29.2470,moisture_differential
30.894332,29.271978,2.330366e+00,0.0227,tile_30.8740_29.2470,moisture_differential
30.897451999999998,29.271978,2.426396e+00,0.0461,tile_30.8740_29.2470,moisture_differential
30.898595999999998,29.271978,2.734761e+00,0.1213,tile_30.8740_29.2470,moisture_differential
30.898699999999998,29.271978,3.285785e+00,0.2558,tile_30.8740_29.2470,moisture_differential
30.898804,29.271978,3.455392e+00,0.2971,tile_30.8740_29.2470,moisture_differential
30.898908,29.271978,3.208881e+00,0.2370,tile_30.8740_29.2470,moisture_differential
30.899012,29.271978,2.541139e+00,0.0741,tile_30.8740_29.2470,moisture_differential
30.900987999999998,29.271978,2.312380e+00,0.0183,tile_30.8740_29.2470,moisture_differential
30.908996,29.271978,2.698403e+00,0.1125,tile_30.8740_29.2470,moisture_differential
30.9091,29.271978,2.520891e+00,0.0692,tile_30.8740_29.2470,moisture_differential
30.91014,29.271978,2.321742e+00,0.0206,tile_30.8740_29.2470,moisture_differential
30.911284,29.271978,2.254796e+00,0.0043,tile_30.8740_29.2470,moisture_differential
30.914299999999997,29.271978,2.319519e+00,0.0200,tile_30.8740_29.2470,moisture_differential
30.915339999999997,29.271978,3.023474e+00,0.1918,tile_30.8740_29.2470,moisture_differential
30.915443999999997,29.271978,2.279849e+00,0.0104,tile_30.8740_29.2470,moisture_differential
30.916587999999997,29.271978,2.439075e+00,0.0492,tile_30.8740_29.2470,moisture_differential
30.918667999999997,29.271978,2.368353e+00,0.0320,tile_30.8740_29.2470,moisture_differential
30.918979999999998,29.271978,2.606608e+00,0.0901,tile_30.8740_29.2470,moisture_differential
30.920227999999998,29.271978,2.321550e+00,0.0205,tile_30.8740_29.2470,moisture_differential
30.923555999999998,29.271978,2.256777e+00,0.0047,tile_30.8740_29.2470,moisture_differential
30.925635999999997,29.271978,2.377710e+00,0.0342,tile_30.8740_29.2470,moisture_differential
30.925739999999998,29.271978,2.435161e+00,0.0483,tile_30.8740_29.2470,moisture_differential
30.897347999999997,29.271886,2.915139e+00,0.1653,tile_30.8740_29.2470,moisture_differential
30.897451999999998,29.271886,2.557193e+00,0.0780,tile_30.8740_29.2470,moisture_differential
30.898595999999998,29.271886,2.692201e+00,0.1110,tile_30.8740_29.2470,moisture_differential
30.898699999999998,29.271886,3.084131e+00,0.2066,tile_30.8740_29.2470,moisture_differential
30.898804,29.271886,3.556953e+00,0.3219,tile_30.8740_29.2470,moisture_differential
30.898908,29.271886,3.209792e+00,0.2372,tile_30.8740_29.2470,moisture_differential
30.899012,29.271886,3.145073e+00,0.2214,tile_30.8740_29.2470,moisture_differential
30.899635999999997,29.271886,2.278167e+00,0.0100,tile_30.8740_29.2470,moisture_differential
30.899739999999998,29.271886,2.424342e+00,0.0456,tile_30.8740_29.2470,moisture_differential
30.900052,29.271886,2.276576e+00,0.0096,tile_30.8740_29.2470,moisture_differential
30.906603999999998,29.271886,2.485819e+00,0.0606,tile_30.8740_29.2470,moisture_differential
30.906708,29.271886,2.312789e+00,0.0184,tile_30.8740_29.2470,moisture_differential
30.908476,29.271886,2.334393e+00,0.0237,tile_30.8740_29.2470,moisture_differential
30.908996,29.271886,2.931397e+00,0.1693,tile_30.8740_29.2470,moisture_differential
30.9091,29.271886,2.949161e+00,0.1736,tile_30.8740_29.2470,moisture_differential
30.909204,29.271886,2.634156e+00,0.0968,tile_30.8740_29.2470,moisture_differential
30.909308,29.271886,2.254242e+00,0.0041,tile_30.8740_29.2470,moisture_differential
30.910763999999997,29.271886,2.444086e+00,0.0504,tile_30.8740_29.2470,moisture_differential
30.912219999999998,29.271886,2.572459e+00,0.0818,tile_30.8740_29.2470,moisture_differential
30.914195999999997,29.271886,2.523776e+00,0.0699,tile_30.8740_29.2470,moisture_differential
30.914403999999998,29.271886,2.480400e+00,0.0593,tile_30.8740_29.2470,moisture_differential
30.914507999999998,29.271886,2.303324e+00,0.0161,tile_30.8740_29.2470,moisture_differential
30.915443999999997,29.271886,2.307076e+00,0.0170,tile_30.8740_29.2470,moisture_differential
30.915547999999998,29.271886,2.394085e+00,0.0382,tile_30.8740_29.2470,moisture_differential
30.915756,29.271886,2.441840e+00,0.0499,tile_30.8740_29.2470,moisture_differential
30.916276,29.271886,2.511059e+00,0.0668,tile_30.8740_29.2470,moisture_differential
30.919188,29.271886,2.264457e+00,0.0066,tile_30.8740_29.2470,moisture_differential
30.919396,29.271886,2.501860e+00,0.0645,tile_30.8740_29.2470,moisture_differential
30.919915999999997,29.271886,2.543094e+00,0.0746,tile_30.8740_29.2470,moisture_differential
30.920019999999997,29.271886,2.614156e+00,0.0919,tile_30.8740_29.2470,moisture_differential
30.92262,29.271886,2.454736e+00,0.0530,tile_30.8740_29.2470,moisture_differential
30.923451999999997,29.271886,2.672489e+00,0.1062,tile_30.8740_29.2470,moisture_differential
30.879147999999997,29.271794,2.558568e+00,0.0784,tile_30.8740_29.2470,moisture_differential
30.882787999999998,29.271794,2.898292e+00,0.1612,tile_30.8740_29.2470,moisture_differential
30.882892,29.271794,2.362998e+00,0.0307,tile_30.8740_29.2470,moisture_differential
30.886844,29.271794,2.331306e+00,0.0229,tile_30.8740_29.2470,moisture_differential
30.897451999999998,29.271794,2.257312e+00,0.0049,tile_30.8740_29.2470,moisture_differential
30.898595999999998,29.271794,2.383506e+00,0.0357,tile_30.8740_29.2470,moisture_differential
30.898699999999998,29.271794,2.393488e+00,0.0381,tile_30.8740_29.2470,moisture_differential
30.898804,29.271794,2.669320e+00,0.1054,tile_30.8740_29.2470,moisture_differential
30.898908,29.271794,2.834948e+00,0.1458,tile_30.8740_29.2470,moisture_differential
30.899012,29.271794,2.532116e+00,0.0719,tile_30.8740_29.2470,moisture_differential
30.89922,29.271794,2.572041e+00,0.0816,tile_30.8740_29.2470,moisture_differential
30.899324,29.271794,2.239639e+00,0.0006,tile_30.8740_29.2470,moisture_differential
30.906084,29.271794,2.274556e+00,0.0091,tile_30.8740_29.2470,moisture_differential
30.906188,29.271794,2.439213e+00,0.0492,tile_30.8740_29.2470,moisture_differential
30.908476,29.271794,2.425546e+00,0.0459,tile_30.8740_29.2470,moisture_differential
30.9091,29.271794,2.473783e+00,0.0577,tile_30.8740_29.2470,moisture_differential
30.909204,29.271794,2.393903e+00,0.0382,tile_30.8740_29.2470,moisture_differential
30.909308,29.271794,2.338270e+00,0.0246,tile_30.8740_29.2470,moisture_differential
30.909931999999998,29.271794,2.283291e+00,0.0112,tile_30.8740_29.2470,moisture_differential
30.910035999999998,29.271794,2.263316e+00,0.0063,tile_30.8740_29.2470,moisture_differential
30.91014,29.271794,2.415599e+00,0.0435,tile_30.8740_29.2470,moisture_differential
30.910763999999997,29.271794,2.257421e+00,0.0049,tile_30.8740_29.2470,moisture_differential
30.914195999999997,29.271794,2.340637e+00,0.0252,tile_30.8740_29.2470,moisture_differential
30.915339999999997,29.271794,2.272003e+00,0.0085,tile_30.8740_29.2470,moisture_differential
30.915443999999997,29.271794,3.046008e+00,0.1973,tile_30.8740_29.2470,moisture_differential
30.915756,29.271794,2.238532e+00,0.0003,tile_30.8740_29.2470,moisture_differential
30.91586,29.271794,2.413000e+00,0.0429,tile_30.8740_29.2470,moisture_differential
30.917212,29.271794,2.473240e+00,0.0575,tile_30.8740_29.2470,moisture_differential
30.917316,29.271794,2.686777e+00,0.1096,tile_30.8740_29.2470,moisture_differential
30.91742,29.271794,2.318534e+00,0.0198,tile_30.8740_29.2470,moisture_differential
30.919292,29.271794,2.599586e+00,0.0884,tile_30.8740_29.2470,moisture_differential
30.920332,29.271794,2.355300e+00,0.0288,tile_30.8740_29.2470,moisture_differential
30.920436,29.271794,2.328166e+00,0.0222,tile_30.8740_29.2470,moisture_differential
30.922515999999998,29.271794,2.392688e+00,0.0379,tile_30.8740_29.2470,moisture_differential
30.922724,29.271794,2.469124e+00,0.0565,tile_30.8740_29.2470,moisture_differential
30.923347999999997,29.271794,2.471560e+00,0.0571,tile_30.8740_29.2470,moisture_differential
30.879147999999997,29.271702,2.385435e+00,0.0361,tile_30.8740_29.2470,moisture_differential
30.882683999999998,29.271702,2.671295e+00,0.1059,tile_30.8740_29.2470,moisture_differential
30.882787999999998,29.271702,3.930861e+00,0.4131,tile_30.8740_29.2470,moisture_differential
30.882892,29.271702,3.015518e+00,0.1898,tile_30.8740_29.2470,moisture_differential
30.893188,29.271702,2.294248e+00,0.0139,tile_30.8740_29.2470,moisture_differential
30.896724,29.271702,2.246423e+00,0.0022,tile_30.8740_29.2470,moisture_differential
30.898284,29.271702,2.237350e+00,0.0000,tile_30.8740_29.2470,moisture_differential
30.899012,29.271702,2.611429e+00,0.0913,tile_30.8740_29.2470,moisture_differential
30.899531999999997,29.271702,2.346774e+00,0.0267,tile_30.8740_29.2470,moisture_differential
30.900779999999997,29.271702,2.272600e+00,0.0086,tile_30.8740_29.2470,moisture_differential
30.901612,29.271702,2.395948e+00,0.0387,tile_30.8740_29.2470,moisture_differential
30.906499999999998,29.271702,2.396888e+00,0.0389,tile_30.8740_29.2470,moisture_differential
30.9091,29.271702,2.328561e+00,0.0223,tile_30.8740_29.2470,moisture_differential
30.915339999999997,29.271702,2.702404e+00,0.1135,tile_30.8740_29.2470,moisture_differential
30.915756,29.271702,2.274654e+00,0.0091,tile_30.8740_29.2470,moisture_differential
30.91586,29.271702,2.788601e+00,0.1345,tile_30.8740_29.2470,moisture_differential
30.915964,29.271702,2.939714e+00,0.1713,tile_30.8740_29.2470,moisture_differential
30.917108,29.271702,2.309788e+00,0.0177,tile_30.8740_29.2470,moisture_differential
30.917212,29.271702,2.242660e+00,0.0013,tile_30.8740_29.2470,moisture_differential
30.917316,29.271702,2.680737e+00,0.1082,tile_30.8740_29.2470,moisture_differential
30.919811999999997,29.271702,2.638642e+00,0.0979,tile_30.8740_29.2470,moisture_differential
30.920436,29.271702,2.451993e+00,0.0524,tile_30.8740_29.2470,moisture_differential
30.921788,29.271702,2.391843e+00,0.0377,tile_30.8740_29.2470,moisture_differential
30.922515999999998,29.271702,2.302199e+00,0.0158,tile_30.8740_29.2470,moisture_differential
30.92262,29.271702,2.257957e+00,0.0050,tile_30.8740_29.2470,moisture_differential
30.92314,29.271702,2.665469e+00,0.1044,tile_30.8740_29.2470,moisture_differential
30.882683999999998,29.27161,3.537384e+00,0.3171,tile_30.8740_29.2470,moisture_differential
30.882787999999998,29.27161,3.567153e+00,0.3244,tile_30.8740_29.2470,moisture_differential
30.882892,29.27161,3.156226e+00,0.2242,tile_30.8740_29.2470,moisture_differential
30.882996,29.27161,2.622338e+00,0.0939,tile_30.8740_29.2470,moisture_differential
30.897868,29.27161,2.868173e+00,0.1539,tile_30.8740_29.2470,moisture_differential
30.897972,29.27161,2.331727e+00,0.0230,tile_30.8740_29.2470,moisture_differential
30.89922,29.27161,2.415648e+00,0.0435,tile_30.8740_29.2470,moisture_differential
30.899635999999997,29.27161,2.352753e+00,0.0282,tile_30.8740_29.2470,moisture_differential
30.899739999999998,29.27161,2.544655e+00,0.0750,tile_30.8740_29.2470,moisture_differential
30.899843999999998,29.27161,2.295782e+00,0.0143,tile_30.8740_29.2470,moisture_differential
30.900052,29.27161,2.560969e+00,0.0789,tile_30.8740_29.2470,moisture_differential
30.900779999999997,29.27161,2.352491e+00,0.0281,tile_30.8740_29.2470,moisture_differential
30.900883999999998,29.27161,2.306387e+00,0.0168,tile_30.8740_29.2470,moisture_differential
30.906188,29.27161,2.513169e+00,0.0673,tile_30.8740_29.2470,moisture_differential
30.906812,29.27161,2.293604e+00,0.0137,tile_30.8740_29.2470,moisture_differential
30.908787999999998,29.27161,2.343261e+00,0.0258,tile_30.8740_29.2470,moisture_differential
30.908891999999998,29.27161,2.494049e+00,0.0626,tile_30.8740_29.2470,moisture_differential
30.91066,29.27161,2.293361e+00,0.0137,tile_30.8740_29.2470,moisture_differential
30.913988,29.27161,2.326409e+00,0.0217,tile_30.8740_29.2470,moisture_differential
30.91586,29.27161,2.564298e+00,0.0798,tile_30.8740_29.2470,moisture_differential
30.917004,29.27161,2.255954e+00,0.0045,tile_30.8740_29.2470,moisture_differential
30.917108,29.27161,2.350570e+00,0.0276,tile_30.8740_29.2470,moisture_differential
30.917316,29.27161,2.546898e+00,0.0755,tile_30.8740_29.2470,moisture_differential
30.918044,29.27161,2.917992e+00,0.1660,tile_30.8740_29.2470,moisture_differential
30.919811999999997,29.27161,2.906887e+00,0.1633,tile_30.8740_29.2470,moisture_differential
30.919915999999997,29.27161,2.501516e+00,0.0644,tile_30.8740_29.2470,moisture_differential
30.920748,29.27161,2.436380e+00,0.0486,tile_30.8740_29.2470,moisture_differential
30.923659999999998,29.27161,2.420205e+00,0.0446,tile_30.8740_29.2470,moisture_differential
30.923972,29.27161,2.243585e+00,0.0015,tile_30.8740_29.2470,moisture_differential
30.879564,29.271518,2.543204e+00,0.0746,tile_30.8740_29.2470,moisture_differential
30.896932,29.271518,2.388373e+00,0.0368,tile_30.8740_29.2470,moisture_differential
30.897868,29.271518,2.865843e+00,0.1533,tile_30.8740_29.2470,moisture_differential
30.897972,29.271518,2.387224e+00,0.0366,tile_30.8740_29.2470,moisture_differential
30.898284,29.271518,2.373248e+00,0.0332,tile_30.8740_29.2470,moisture_differential
30.898387999999997,29.271518,2.253972e+00,0.0041,tile_30.8740_29.2470,moisture_differential
30.899012,29.271518,2.246135e+00,0.0021,tile_30.8740_29.2470,moisture_differential
30.899635999999997,29.271518,2.261610e+00,0.0059,tile_30.8740_29.2470,moisture_differential
30.899739999999998,29.271518,2.470121e+00,0.0568,tile_30.8740_29.2470,moisture_differential
30.899948,29.271518,2.473262e+00,0.0576,tile_30.8740_29.2470,moisture_differential
30.900052,29.271518,2.328052e+00,0.0221,tile_30.8740_29.2470,moisture_differential
30.904732,29.271518,2.390037e+00,0.0373,tile_30.8740_29.2470,moisture_differential
30.906812,29.271518,2.391347e+00,0.0376,tile_30.8740_29.2470,moisture_differential
30.908164,29.271518,2.300792e+00,0.0155,tile_30.8740_29.2470,moisture_differential
30.908372,29.271518,2.610721e+00,0.0911,tile_30.8740_29.2470,moisture_differential
30.908891999999998,29.271518,2.358328e+00,0.0295,tile_30.8740_29.2470,moisture_differential
30.909619999999997,29.271518,2.275003e+00,0.0092,tile_30.8740_29.2470,moisture_differential
30.909827999999997,29.271518,2.422303e+00,0.0451,tile_30.8740_29.2470,moisture_differential
30.91066,29.271518,2.330933e+00,0.0228,tile_30.8740_29.2470,moisture_differential
30.913884,29.271518,2.263563e+00,0.0064,tile_30.8740_29.2470,moisture_differential
30.915547999999998,29.271518,2.416727e+00,0.0438,tile_30.8740_29.2470,moisture_differential
30.915651999999998,29.271518,2.853270e+00,0.1503,tile_30.8740_29.2470,moisture_differential
30.915756,29.271518,3.321344e+00,0.2644,tile_30.8740_29.2470,moisture_differential
30.91586,29.271518,2.876554e+00,0.1559,tile_30.8740_29.2470,moisture_differential
30.916068,29.271518,2.406160e+00,0.0412,tile_30.8740_29.2470,moisture_differential
30.916172,29.271518,2.720822e+00,0.1179,tile_30.8740_29.2470,moisture_differential
30.916276,29.271518,2.242318e+00,0.0012,tile_30.8740_29.2470,moisture_differential
30.917212,29.271518,2.480689e+00,0.0594,tile_30.8740_29.2470,moisture_differential
30.918875999999997,29.271518,2.344141e+00,0.0261,tile_30.8740_29.2470,moisture_differential
30.919811999999997,29.271518,2.598959e+00,0.0882,tile_30.8740_29.2470,moisture_differential
30.919915999999997,29.271518,2.437976e+00,0.0489,tile_30.8740_29.2470,moisture_differential
30.920748,29.271518,2.254868e+00,0.0043,tile_30.8740_29.2470,moisture_differential
30.923659999999998,29.271518,2.546524e+00,0.0754,tile_30.8740_29.2470,moisture_differential
30.876444,29.271425999999998,2.286799e+00,0.0121,tile_30.8740_29.2470,moisture_differential
30.876548,29.271425999999998,2.467708e+00,0.0562,tile_30.8740_29.2470,moisture_differential
30.879147999999997,29.271425999999998,2.663413e+00,0.1039,tile_30.8740_29.2470,moisture_differential
30.879668,29.271425999999998,2.488909e+00,0.0614,tile_30.8740_29.2470,moisture_differential
30.887468,29.271425999999998,2.492305e+00,0.0622,tile_30.8740_29.2470,moisture_differential
30.891212,29.271425999999998,2.465536e+00,0.0557,tile_30.8740_29.2470,moisture_differential
30.897764,29.271425999999998,2.297615e+00,0.0147,tile_30.8740_29.2470,moisture_differential
30.897868,29.271425999999998,2.525736e+00,0.0704,tile_30.8740_29.2470,moisture_differential
30.898284,29.271425999999998,2.335872e+00,0.0240,tile_30.8740_29.2470,moisture_differential
30.898387999999997,29.271425999999998,2.383207e+00,0.0356,tile_30.8740_29.2470,moisture_differential
30.898699999999998,29.271425999999998,2.251490e+00,0.0035,tile_30.8740_29.2470,moisture_differential
30.899116,29.271425999999998,2.407828e+00,0.0416,tile_30.8740_29.2470,moisture_differential
30.904732,29.271425999999998,2.288893e+00,0.0126,tile_30.8740_29.2470,moisture_differential
30.906916,29.271425999999998,2.411299e+00,0.0424,tile_30.8740_29.2470,moisture_differential
30.909827999999997,29.271425999999998,2.619153e+00,0.0931,tile_30.8740_29.2470,moisture_differential
30.909931999999998,29.271425999999998,2.256065e+00,0.0046,tile_30.8740_29.2470,moisture_differential
30.91066,29.271425999999998,2.272601e+00,0.0086,tile_30.8740_29.2470,moisture_differential
30.914507999999998,29.271425999999998,2.289342e+00,0.0127,tile_30.8740_29.2470,moisture_differential
30.915651999999998,29.271425999999998,2.274222e+00,0.0090,tile_30.8740_29.2470,moisture_differential
30.915756,29.271425999999998,2.586282e+00,0.0851,tile_30.8740_29.2470,moisture_differential
30.91586,29.271425999999998,3.003978e+00,0.1870,tile_30.8740_29.2470,moisture_differential
30.915964,29.271425999999998,2.691079e+00,0.1107,tile_30.8740_29.2470,moisture_differential
30.916068,29.271425999999998,2.517068e+00,0.0682,tile_30.8740_29.2470,moisture_differential
30.916172,29.271425999999998,2.255358e+00,0.0044,tile_30.8740_29.2470,moisture_differential
30.916276,29.271425999999998,2.330320e+00,0.0227,tile_30.8740_29.2470,moisture_differential
30.916691999999998,29.271425999999998,2.341892e+00,0.0255,tile_30.8740_29.2470,moisture_differential
30.918875999999997,29.271425999999998,2.620982e+00,0.0936,tile_30.8740_29.2470,moisture_differential
30.9195,29.271425999999998,2.588656e+00,0.0857,tile_30.8740_29.2470,moisture_differential
30.923555999999998,29.271425999999998,2.333755e+00,0.0235,tile_30.8740_29.2470,moisture_differential
30.923659999999998,29.271425999999998,2.463494e+00,0.0552,tile_30.8740_29.2470,moisture_differential
30.924387999999997,29.271425999999998,2.294452e+00,0.0139,tile_30.8740_29.2470,moisture_differential
30.924491999999997,29.271425999999998,2.253479e+00,0.0039,tile_30.8740_29.2470,moisture_differential
30.924595999999998,29.271425999999998,2.289268e+00,0.0127,tile_30.8740_29.2470,moisture_differential
30.924699999999998,29.271425999999998,2.248917e+00,0.0028,tile_30.8740_29.2470,moisture_differential
30.879147999999997,29.271334,2.463822e+00,0.0553,tile_30.8740_29.2470,moisture_differential
30.879564,29.271334,2.660524e+00,0.1032,tile_30.8740_29.2470,moisture_differential
30.879668,29.271334,3.211569e+00,0.2377,tile_30.8740_29.2470,moisture_differential
30.879772,29.271334,2.503505e+00,0.0649,tile_30.8740_29.2470,moisture_differential
30.89766,29.271334,2.588009e+00,0.0855,tile_30.8740_29.2470,moisture_differential
30.898387999999997,29.271334,2.345164e+00,0.0263,tile_30.8740_29.2470,moisture_differential
30.899531999999997,29.271334,2.561249e+00,0.0790,tile_30.8740_29.2470,moisture_differential
30.90026,29.271334,2.656015e+00,0.1021,tile_30.8740_29.2470,moisture_differential
30.900364,29.271334,2.563874e+00,0.0797,tile_30.8740_29.2470,moisture_differential
30.900468,29.271334,2.339470e+00,0.0249,tile_30.8740_29.2470,moisture_differential
30.900675999999997,29.271334,2.275096e+00,0.0092,tile_30.8740_29.2470,moisture_differential
30.90494,29.271334,2.360918e+00,0.0301,tile_30.8740_29.2470,moisture_differential
30.909827999999997,29.271334,2.257869e+00,0.0050,tile_30.8740_29.2470,moisture_differential
30.909931999999998,29.271334,2.474819e+00,0.0579,tile_30.8740_29.2470,moisture_differential
30.91066,29.271334,2.258159e+00,0.0051,tile_30.8740_29.2470,moisture_differential
30.911179999999998,29.271334,2.251343e+00,0.0034,tile_30.8740_29.2470,moisture_differential
30.911388,29.271334,2.689963e+00,0.1104,tile_30.8740_29.2470,moisture_differential
30.91378,29.271334,2.247729e+00,0.0025,tile_30.8740_29.2470,moisture_differential
30.913884,29.271334,2.305029e+00,0.0165,tile_30.8740_29.2470,moisture_differential
30.914716,29.271334,2.329583e+00,0.0225,tile_30.8740_29.2470,moisture_differential
30.915236,29.271334,2.611385e+00,0.0912,tile_30.8740_29.2470,moisture_differential
30.915339999999997,29.271334,2.416342e+00,0.0437,tile_30.8740_29.2470,moisture_differential
30.91586,29.271334,2.430334e+00,0.0471,tile_30.8740_29.2470,moisture_differential
30.915964,29.271334,2.363879e+00,0.0309,tile_30.8740_29.2470,moisture_differential
30.916172,29.271334,2.917826e+00,0.1660,tile_30.8740_29.2470,moisture_differential
30.916276,29.271334,2.346252e+00,0.0266,tile_30.8740_29.2470,moisture_differential
30.917939999999998,29.271334,2.564685e+00,0.0799,tile_30.8740_29.2470,moisture_differential
30.919396,29.271334,2.801548e+00,0.1376,tile_30.8740_29.2470,moisture_differential
30.9195,29.271334,2.368105e+00,0.0319,tile_30.8740_29.2470,moisture_differential
30.919604,29.271334,2.272539e+00,0.0086,tile_30.8740_29.2470,moisture_differential
30.920227999999998,29.271334,2.405810e+00,0.0411,tile_30.8740_29.2470,moisture_differential
30.879147999999997,29.271242,2.466477e+00,0.0559,tile_30.8740_29.2470,moisture_differential
30.879564,29.271242,2.429940e+00,0.0470,tile_30.8740_29.2470,moisture_differential
30.879668,29.271242,3.008616e+00,0.1882,tile_30.8740_29.2470,moisture_differential
30.879772,29.271242,2.482166e+00,0.0597,tile_30.8740_29.2470,moisture_differential
30.891731999999998,29.271242,2.255976e+00,0.0045,tile_30.8740_29.2470,moisture_differential
30.897764,29.271242,2.528382e+00,0.0710,tile_30.8740_29.2470,moisture_differential
30.899428,29.271242,2.312336e+00,0.0183,tile_30.8740_29.2470,moisture_differential
30.900468,29.271242,2.704344e+00,0.1139,tile_30.8740_29.2470,moisture_differential
30.90494,29.271242,2.612367e+00,0.0915,tile_30.8740_29.2470,moisture_differential
30.905876,29.271242,2.379851e+00,0.0348,tile_30.8740_29.2470,moisture_differential
30.906291999999997,29.271242,2.697220e+00,0.1122,tile_30.8740_29.2470,moisture_differential
30.907124,29.271242,2.524318e+00,0.0700,tile_30.8740_29.2470,moisture_differential
30.907435999999997,29.271242,2.445728e+00,0.0508,tile_30.8740_29.2470,moisture_differential
30.907539999999997,29.271242,2.496699e+00,0.0633,tile_30.8740_29.2470,moisture_differential
30.909516,29.271242,2.448290e+00,0.0515,tile_30.8740_29.2470,moisture_differential
30.91014,29.271242,2.588955e+00,0.0858,tile_30.8740_29.2470,moisture_differential
30.910244,29.271242,2.360711e+00,0.0301,tile_30.8740_29.2470,moisture_differential
30.91066,29.271242,2.307159e+00,0.0170,tile_30.8740_29.2470,moisture_differential
30.910971999999997,29.271242,2.487556e+00,0.0610,tile_30.8740_29.2470,moisture_differential
30.911179999999998,29.271242,2.538077e+00,0.0734,tile_30.8740_29.2470,moisture_differential
30.91586,29.271242,2.618779e+00,0.0931,tile_30.8740_29.2470,moisture_differential
30.916172,29.271242,2.521674e+00,0.0694,tile_30.8740_29.2470,moisture_differential
30.917627999999997,29.271242,2.314390e+00,0.0188,tile_30.8740_29.2470,moisture_differential
30.919396,29.271242,2.243460e+00,0.0015,tile_30.8740_29.2470,moisture_differential
30.9195,29.271242,2.657889e+00,0.1026,tile_30.8740_29.2470,moisture_differential
30.923659999999998,29.271242,2.262678e+00,0.0062,tile_30.8740_29.2470,moisture_differential
30.879147999999997,29.27115,2.545346e+00,0.0751,tile_30.8740_29.2470,moisture_differential
30.879668,29.27115,2.309893e+00,0.0177,tile_30.8740_29.2470,moisture_differential
30.888716,29.27115,2.288536e+00,0.0125,tile_30.8740_29.2470,moisture_differential
30.88882,29.27115,2.440962e+00,0.0497,tile_30.8740_29.2470,moisture_differential
30.888924,29.27115,2.339719e+00,0.0250,tile_30.8740_29.2470,moisture_differential
30.892044,29.27115,2.339868e+00,0.0250,tile_30.8740_29.2470,moisture_differential
30.905044,29.27115,2.423038e+00,0.0453,tile_30.8740_29.2470,moisture_differential
30.905772,29.27115,2.391399e+00,0.0376,tile_30.8740_29.2470,moisture_differential
30.906188,29.27115,2.744821e+00,0.1238,tile_30.8740_29.2470,moisture_differential
30.909723999999997,29.27115,2.397460e+00,0.0391,tile_30.8740_29.2470,moisture_differential
30.91066,29.27115,2.370777e+00,0.0326,tile_30.8740_29.2470,moisture_differential
30.910971999999997,29.27115,2.377854e+00,0.0343,tile_30.8740_29.2470,moisture_differential
30.915547999999998,29.27115,2.700682e+00,0.1130,tile_30.8740_29.2470,moisture_differential
30.915651999999998,29.27115,2.455286e+00,0.0532,tile_30.8740_29.2470,moisture_differential
30.91586,29.27115,2.332757e+00,0.0233,tile_30.8740_29.2470,moisture_differential
30.916483999999997,29.27115,2.357199e+00,0.0292,tile_30.8740_29.2470,moisture_differential
30.917212,29.27115,2.354302e+00,0.0285,tile_30.8740_29.2470,moisture_differential
30.917627999999997,29.27115,2.844746e+00,0.1482,tile_30.8740_29.2470,moisture_differential
30.918979999999998,29.27115,3.204875e+00,0.2360,tile_30.8740_29.2470,moisture_differential
30.919811999999997,29.27115,2.516424e+00,0.0681,tile_30.8740_29.2470,moisture_differential
30.919915999999997,29.27115,2.347233e+00,0.0268,tile_30.8740_29.2470,moisture_differential
30.921059999999997,29.27115,2.421257e+00,0.0449,tile_30.8740_29.2470,moisture_differential
30.92418,29.27115,2.385046e+00,0.0360,tile_30.8740_29.2470,moisture_differential
30.924284,29.27115,2.452523e+00,0.0525,tile_30.8740_29.2470,moisture_differential
30.924387999999997,29.27115,2.402326e+00,0.0402,tile_30.8740_29.2470,moisture_differential
30.88882,29.271058,2.355794e+00,0.0289,tile_30.8740_29.2470,moisture_differential
30.89246,29.271058,2.342620e+00,0.0257,tile_30.8740_29.2470,moisture_differential
30.907956,29.271058,2.633614e+00,0.0967,tile_30.8740_29.2470,moisture_differential
30.909827999999997,29.271058,2.277142e+00,0.0097,tile_30.8740_29.2470,moisture_differential
30.915651999999998,29.271058,2.809118e+00,0.1395,tile_30.8740_29.2470,moisture_differential
30.915756,29.271058,2.361280e+00,0.0302,tile_30.8740_29.2470,moisture_differential
30.91586,29.271058,2.761016e+00,0.1277,tile_30.8740_29.2470,moisture_differential
30.915964,29.271058,2.608391e+00,0.0905,tile_30.8740_29.2470,moisture_differential
30.917939999999998,29.271058,2.461570e+00,0.0547,tile_30.8740_29.2470,moisture_differential
30.919811999999997,29.271058,2.423040e+00,0.0453,tile_30.8740_29.2470,moisture_differential
30.920332,29.271058,2.750843e+00,0.1253,tile_30.8740_29.2470,moisture_differential
30.920852,29.271058,2.670816e+00,0.1057,tile_30.8740_29.2470,moisture_differential
30.923868,29.271058,2.333063e+00,0.0234,tile_30.8740_29.2470,moisture_differential
30.924284,29.271058,2.272818e+00,0.0087,tile_30.8740_29.2470,moisture_differential
30.924491999999997,29.271058,2.402687e+00,0.0403,tile_30.8740_29.2470,moisture_differential
30.924595999999998,29.271058,2.532771e+00,0.0721,tile_30.8740_29.2470,moisture_differential
30.874675999999997,29.270965999999998,2.483379e+00,0.0600,tile_30.8740_29.2470,moisture_differential
30.905459999999998,29.270965999999998,2.246421e+00,0.0022,tile_30.8740_29.2470,moisture_differential
30.909723999999997,29.270965999999998,2.568194e+00,0.0807,tile_30.8740_29.2470,moisture_differential
30.909827999999997,29.270965999999998,2.558472e+00,0.0783,tile_30.8740_29.2470,moisture_differential
30.910035999999998,29.270965999999998,2.487016e+00,0.0609,tile_30.8740_29.2470,moisture_differential
30.910971999999997,29.270965999999998,2.377095e+00,0.0341,tile_30.8740_29.2470,moisture_differential
30.915651999999998,29.270965999999998,2.413906e+00,0.0431,tile_30.8740_29.2470,moisture_differential
30.918356,29.270965999999998,2.437422e+00,0.0488,tile_30.8740_29.2470,moisture_differential
30.920332,29.270965999999998,2.289526e+00,0.0127,tile_30.8740_29.2470,moisture_differential
30.920852,29.270965999999998,2.522331e+00,0.0695,tile_30.8740_29.2470,moisture_differential
30.921059999999997,29.270965999999998,2.349262e+00,0.0273,tile_30.8740_29.2470,moisture_differential
30.923868,29.270965999999998,2.760824e+00,0.1277,tile_30.8740_29.2470,moisture_differential
30.923972,29.270965999999998,3.139858e+00,0.2202,tile_30.8740_29.2470,moisture_differential
30.924284,29.270965999999998,2.249516e+00,0.0030,tile_30.8740_29.2470,moisture_differential
30.881332,29.270874,2.542614e+00,0.0745,tile_30.8740_29.2470,moisture_differential
30.881435999999997,29.270874,2.337050e+00,0.0243,tile_30.8740_29.2470,moisture_differential
30.897347999999997,29.270874,2.304525e+00,0.0164,tile_30.8740_29.2470,moisture_differential
30.906916,29.270874,2.353980e+00,0.0285,tile_30.8740_29.2470,moisture_differential
30.908683999999997,29.270874,2.317103e+00,0.0195,tile_30.8740_29.2470,moisture_differential
30.908787999999998,29.270874,2.491626e+00,0.0620,tile_30.8740_29.2470,moisture_differential
30.9091,29.270874,2.303064e+00,0.0160,tile_30.8740_29.2470,moisture_differential
30.909827999999997,29.270874,2.855013e+00,0.1507,tile_30.8740_29.2470,moisture_differential
30.917627999999997,29.270874,2.507905e+00,0.0660,tile_30.8740_29.2470,moisture_differential
30.917835999999998,29.270874,2.527831e+00,0.0709,tile_30.8740_29.2470,moisture_differential
30.918252,29.270874,2.241601e+00,0.0010,tile_30.8740_29.2470,moisture_differential
30.918356,29.270874,2.390686e+00,0.0374,tile_30.8740_29.2470,moisture_differential
30.919915999999997,29.270874,2.337421e+00,0.0244,tile_30.8740_29.2470,moisture_differential
30.920748,29.270874,2.714689e+00,0.1164,tile_30.8740_29.2470,moisture_differential
30.920852,29.270874,2.726018e+00,0.1192,tile_30.8740_29.2470,moisture_differential
30.920955999999997,29.270874,2.243575e+00,0.0015,tile_30.8740_29.2470,moisture_differential
30.881435999999997,29.270782,2.766591e+00,0.1291,tile_30.8740_29.2470,moisture_differential
30.895476,29.270782,2.242334e+00,0.0012,tile_30.8740_29.2470,moisture_differential
30.896099999999997,29.270782,2.342344e+00,0.0256,tile_30.8740_29.2470,moisture_differential
30.906916,29.270782,2.755695e+00,0.1265,tile_30.8740_29.2470,moisture_differential
30.910971999999997,29.270782,2.382597e+00,0.0354,tile_30.8740_29.2470,moisture_differential
30.912011999999997,29.270782,2.296634e+00,0.0145,tile_30.8740_29.2470,moisture_differential
30.916172,29.270782,2.366569e+00,0.0315,tile_30.8740_29.2470,moisture_differential
30.916587999999997,29.270782,2.301765e+00,0.0157,tile_30.8740_29.2470,moisture_differential
30.916691999999998,29.270782,2.556790e+00,0.0779,tile_30.8740_29.2470,moisture_differential
30.920227999999998,29.270782,2.317232e+00,0.0195,tile_30.8740_29.2470,moisture_differential
30.920644,29.270782,2.270347e+00,0.0081,tile_30.8740_29.2470,moisture_differential
30.922099999999997,29.270782,2.724829e+00,0.1189,tile_30.8740_29.2470,moisture_differential
30.885907999999997,29.27069,2.503516e+00,0.0649,tile_30.8740_29.2470,moisture_differential
30.886011999999997,29.27069,2.593419e+00,0.0869,tile_30.8740_29.2470,moisture_differential
30.886115999999998,29.27069,2.464159e+00,0.0553,tile_30.8740_29.2470,moisture_differential
30.895267999999998,29.27069,2.334350e+00,0.0237,tile_30.8740_29.2470,moisture_differential
30.897868,29.27069,2.763038e+00,0.1282,tile_30.8740_29.2470,moisture_differential
30.897972,29.27069,2.350824e+00,0.0277,tile_30.8740_29.2470,moisture_differential
30.90702,29.27069,2.237549e+00,0.0001,tile_30.8740_29.2470,moisture_differential
30.916068,29.27069,2.247205e+00,0.0024,tile_30.8740_29.2470,moisture_differential
30.916172,29.27069,2.304262e+00,0.0163,tile_30.8740_29.2470,moisture_differential
30.916276,29.27069,2.604550e+00,0.0896,tile_30.8740_29.2470,moisture_differential
30.916587999999997,29.27069,2.348083e+00,0.0270,tile_30.8740_29.2470,moisture_differential
30.916691999999998,29.27069,2.387928e+00,0.0367,tile_30.8740_29.2470,moisture_differential
30.921476,29.27069,2.495531e+00,0.0630,tile_30.8740_29.2470,moisture_differential
30.92158,29.27069,2.523928e+00,0.0699,tile_30.8740_29.2470,moisture_differential
30.877484,29.270598,2.243676e+00,0.0015,tile_30.8740_29.2470,moisture_differential
30.8857,29.270598,2.437148e+00,0.0487,tile_30.8740_29.2470,moisture_differential
30.885804,29.270598,2.252660e+00,0.0037,tile_30.8740_29.2470,moisture_differential
30.885907999999997,29.270598,2.657014e+00,0.1024,tile_30.8740_29.2470,moisture_differential
30.886011999999997,29.270598,2.825746e+00,0.1435,tile_30.8740_29.2470,moisture_differential
30.886636,29.270598,2.475684e+00,0.0581,tile_30.8740_29.2470,moisture_differential
30.88674,29.270598,2.491004e+00,0.0619,tile_30.8740_29.2470,moisture_differential
30.897555999999998,29.270598,2.685234e+00,0.1093,tile_30.8740_29.2470,moisture_differential
30.89766,29.270598,2.283604e+00,0.0113,tile_30.8740_29.2470,moisture_differential
30.897764,29.270598,2.314702e+00,0.0189,tile_30.8740_29.2470,moisture_differential
30.897868,29.270598,2.766915e+00,0.1292,tile_30.8740_29.2470,moisture_differential
30.913363999999998,29.270598,2.551736e+00,0.0767,tile_30.8740_29.2470,moisture_differential
30.916068,29.270598,2.388909e+00,0.0370,tile_30.8740_29.2470,moisture_differential
30.916172,29.270598,2.465216e+00,0.0556,tile_30.8740_29.2470,moisture_differential
30.916276,29.270598,2.434338e+00,0.0481,tile_30.8740_29.2470,moisture_differential
30.91638,29.270598,2.378040e+00,0.0343,tile_30.8740_29.2470,moisture_differential
30.916795999999998,29.270598,2.754630e+00,0.1262,tile_30.8740_29.2470,moisture_differential
30.917627999999997,29.270598,3.106290e+00,0.2120,tile_30.8740_29.2470,moisture_differential
30.917731999999997,29.270598,2.421740e+00,0.0450,tile_30.8740_29.2470,moisture_differential
30.921476,29.270598,2.475254e+00,0.0580,tile_30.8740_29.2470,moisture_differential
30.922411999999998,29.270598,2.731627e+00,0.1206,tile_30.8740_29.2470,moisture_differential
30.885596,29.270506,2.426352e+00,0.0461,tile_30.8740_29.2470,moisture_differential
30.8857,29.270506,2.400660e+00,0.0398,tile_30.8740_29.2470,moisture_differential
30.885804,29.270506,2.527485e+00,0.0708,tile_30.8740_29.2470,moisture_differential
30.885907999999997,29.270506,2.641012e+00,0.0985,tile_30.8740_29.2470,moisture_differential
30.886011999999997,29.270506,2.331544e+00,0.0230,tile_30.8740_29.2470,moisture_differential
30.886636,29.270506,2.435613e+00,0.0484,tile_30.8740_29.2470,moisture_differential
30.88674,29.270506,2.496849e+00,0.0633,tile_30.8740_29.2470,moisture_differential
30.910763999999997,29.270506,2.367540e+00,0.0318,tile_30.8740_29.2470,moisture_differential
30.910867999999997,29.270506,2.628011e+00,0.0953,tile_30.8740_29.2470,moisture_differential
30.910971999999997,29.270506,3.212023e+00,0.2378,tile_30.8740_29.2470,moisture_differential
30.911075999999998,29.270506,2.815298e+00,0.1410,tile_30.8740_29.2470,moisture_differential
30.91846,29.270506,2.246903e+00,0.0023,tile_30.8740_29.2470,moisture_differential
30.922411999999998,29.270506,2.243248e+00,0.0014,tile_30.8740_29.2470,moisture_differential
30.877484,29.270414,2.459075e+00,0.0541,tile_30.8740_29.2470,moisture_differential
30.880916,29.270414,3.170790e+00,0.2277,tile_30.8740_29.2470,moisture_differential
30.88102,29.270414,2.368214e+00,0.0319,tile_30.8740_29.2470,moisture_differential
30.883619999999997,29.270414,2.417175e+00,0.0439,tile_30.8740_29.2470,moisture_differential
30.885596,29.270414,2.395833e+00,0.0387,tile_30.8740_29.2470,moisture_differential
30.8857,29.270414,2.551120e+00,0.0765,tile_30.8740_29.2470,moisture_differential
30.885804,29.270414,2.724739e+00,0.1189,tile_30.8740_29.2470,moisture_differential
30.885907999999997,29.270414,2.589916e+00,0.0860,tile_30.8740_29.2470,moisture_differential
30.910867999999997,29.270414,3.368254e+00,0.2759,tile_30.8740_29.2470,moisture_differential
30.910971999999997,29.270414,3.961246e+00,0.4205,tile_30.8740_29.2470,moisture_differential
30.911075999999998,29.270414,3.040919e+00,0.1960,tile_30.8740_29.2470,moisture_differential
30.911179999999998,29.270414,2.296695e+00,0.0145,tile_30.8740_29.2470,moisture_differential
30.918875999999997,29.270414,2.280790e+00,0.0106,tile_30.8740_29.2470,moisture_differential
30.921059999999997,29.270414,2.399444e+00,0.0395,tile_30.8740_29.2470,moisture_differential
30.921163999999997,29.270414,2.441202e+00,0.0497,tile_30.8740_29.2470,moisture_differential
30.922515999999998,29.270414,2.525857e+00,0.0704,tile_30.8740_29.2470,moisture_differential
30.924803999999998,29.270414,2.544825e+00,0.0750,tile_30.8740_29.2470,moisture_differential
30.876756,29.270322,2.268367e+00,0.0076,tile_30.8740_29.2470,moisture_differential
30.877692,29.270322,2.445954e+00,0.0509,tile_30.8740_29.2470,moisture_differential
30.880916,29.270322,2.622162e+00,0.0939,tile_30.8740_29.2470,moisture_differential
30.88102,29.270322,3.146139e+00,0.2217,tile_30.8740_29.2470,moisture_differential
30.8857,29.270322,2.648956e+00,0.1004,tile_30.8740_29.2470,moisture_differential
30.885804,29.270322,2.390168e+00,0.0373,tile_30.8740_29.2470,moisture_differential
30.885907999999997,29.270322,2.419015e+00,0.0443,tile_30.8740_29.2470,moisture_differential
30.908579999999997,29.270322,2.322026e+00,0.0207,tile_30.8740_29.2470,moisture_differential
30.910867999999997,29.270322,2.801750e+00,0.1377,tile_30.8740_29.2470,moisture_differential
30.910971999999997,29.270322,3.132284e+00,0.2183,tile_30.8740_29.2470,moisture_differential
30.911075999999998,29.270322,2.249497e+00,0.0030,tile_30.8740_29.2470,moisture_differential
30.917627999999997,29.270322,2.485627e+00,0.0606,tile_30.8740_29.2470,moisture_differential
30.917731999999997,29.270322,2.552783e+00,0.0770,tile_30.8740_29.2470,moisture_differential
30.918771999999997,29.270322,2.249391e+00,0.0029,tile_30.8740_29.2470,moisture_differential
30.918875999999997,29.270322,2.741481e+00,0.1230,tile_30.8740_29.2470,moisture_differential
30.918979999999998,29.270322,2.434663e+00,0.0481,tile_30.8740_29.2470,moisture_differential
30.919396,29.270322,2.576368e+00,0.0827,tile_30.8740_29.2470,moisture_differential
30.9195,29.270322,2.266727e+00,0.0072,tile_30.8740_29.2470,moisture_differential
30.92054,29.270322,2.443848e+00,0.0504,tile_30.8740_29.2470,moisture_differential
30.921163999999997,29.270322,2.413095e+00,0.0429,tile_30.8740_29.2470,moisture_differential
30.921267999999998,29.270322,2.281701e+00,0.0108,tile_30.8740_29.2470,moisture_differential
30.87738,29.270229999999998,4.237100e+00,0.4878,tile_30.8740_29.2470,moisture_differential
30.877484,29.270229999999998,4.776056e+00,0.6193,tile_30.8740_29.2470,moisture_differential
30.877588,29.270229999999998,4.119462e+00,0.4591,tile_30.8740_29.2470,moisture_differential
30.877692,29.270229999999998,3.296288e+00,0.2583,tile_30.8740_29.2470,moisture_differential
30.877796,29.270229999999998,2.264979e+00,0.0067,tile_30.8740_29.2470,moisture_differential
30.885804,29.270229999999998,2.245045e+00,0.0019,tile_30.8740_29.2470,moisture_differential
30.885907999999997,29.270229999999998,2.370341e+00,0.0324,tile_30.8740_29.2470,moisture_differential
30.886011999999997,29.270229999999998,2.502997e+00,0.0648,tile_30.8740_29.2470,moisture_differential
30.905044,29.270229999999998,2.244940e+00,0.0019,tile_30.8740_29.2470,moisture_differential
30.909204,29.270229999999998,2.431224e+00,0.0473,tile_30.8740_29.2470,moisture_differential
30.91014,29.270229999999998,2.527631e+00,0.0708,tile_30.8740_29.2470,moisture_differential
30.910971999999997,29.270229999999998,2.924138e+00,0.1675,tile_30.8740_29.2470,moisture_differential
30.917627999999997,29.270229999999998,2.439829e+00,0.0494,tile_30.8740_29.2470,moisture_differential
30.917731999999997,29.270229999999998,2.360136e+00,0.0300,tile_30.8740_29.2470,moisture_differential
30.918875999999997,29.270229999999998,2.293133e+00,0.0136,tile_30.8740_29.2470,moisture_differential
30.919811999999997,29.270229999999998,2.293351e+00,0.0137,tile_30.8740_29.2470,moisture_differential
30.920123999999998,29.270229999999998,2.308523e+00,0.0174,tile_30.8740_29.2470,moisture_differential
30.920644,29.270229999999998,2.577836e+00,0.0831,tile_30.8740_29.2470,moisture_differential
30.920748,29.270229999999998,2.356649e+00,0.0291,tile_30.8740_29.2470,moisture_differential
30.921371999999998,29.270229999999998,2.246479e+00,0.0022,tile_30.8740_29.2470,moisture_differential
30.924595999999998,29.270229999999998,2.360438e+00,0.0300,tile_30.8740_29.2470,moisture_differential
30.924699999999998,29.270229999999998,2.313743e+00,0.0186,tile_30.8740_29.2470,moisture_differential
30.874468,29.270138,2.334104e+00,0.0236,tile_30.8740_29.2470,moisture_differential
30.876652,29.270138,2.296374e+00,0.0144,tile_30.8740_29.2470,moisture_differential
30.876756,29.270138,2.785202e+00,0.1336,tile_30.8740_29.2470,moisture_differential
30.877067999999998,29.270138,2.351055e+00,0.0277,tile_30.8740_29.2470,moisture_differential
30.877484,29.270138,4.421048e+00,0.5327,tile_30.8740_29.2470,moisture_differential
30.877588,29.270138,5.135769e+00,0.7071,tile_30.8740_29.2470,moisture_differential
30.877692,29.270138,5.060002e+00,0.6886,tile_30.8740_29.2470,moisture_differential
30.877796,29.270138,3.541058e+00,0.3180,tile_30.8740_29.2470,moisture_differential
30.8779,29.270138,2.276076e+00,0.0095,tile_30.8740_29.2470,moisture_differential
30.905044,29.270138,2.358235e+00,0.0295,tile_30.8740_29.2470,moisture_differential
30.910244,29.270138,2.590032e+00,0.0860,tile_30.8740_29.2470,moisture_differential
30.910348,29.270138,2.256498e+00,0.0047,tile_30.8740_29.2470,moisture_differential
30.910971999999997,29.270138,2.902058e+00,0.1622,tile_30.8740_29.2470,moisture_differential
30.917627999999997,29.270138,2.263097e+00,0.0063,tile_30.8740_29.2470,moisture_differential
30.920644,29.270138,2.573243e+00,0.0819,tile_30.8740_29.2470,moisture_differential
30.925012,29.270138,2.261201e+00,0.0058,tile_30.8740_29.2470,moisture_differential
30.877067999999998,29.270046,3.523438e+00,0.3137,tile_30.8740_29.2470,moisture_differential
30.877484,29.270046,4.504646e+00,0.5531,tile_30.8740_29.2470,moisture_differential
30.877588,29.270046,5.096038e+00,0.6974,tile_30.8740_29.2470,moisture_differential
30.877692,29.270046,4.302778e+00,0.5039,tile_30.8740_29.2470,moisture_differential
30.877796,29.270046,2.826667e+00,0.1438,tile_30.8740_29.2470,moisture_differential
30.879564,29.270046,2.531366e+00,0.0717,tile_30.8740_29.2470,moisture_differential
30.883412,29.270046,2.342880e+00,0.0257,tile_30.8740_29.2470,moisture_differential
30.888403999999998,29.270046,2.307182e+00,0.0170,tile_30.8740_29.2470,moisture_differential
30.898076,29.270046,2.507732e+00,0.0660,tile_30.8740_29.2470,moisture_differential
30.910244,29.270046,2.664929e+00,0.1043,tile_30.8740_29.2470,moisture_differential
30.910348,29.270046,2.294689e+00,0.0140,tile_30.8740_29.2470,moisture_differential
30.912011999999997,29.270046,2.310281e+00,0.0178,tile_30.8740_29.2470,moisture_differential
30.912323999999998,29.270046,2.264498e+00,0.0066,tile_30.8740_29.2470,moisture_differential
30.918875999999997,29.270046,2.467967e+00,0.0563,tile_30.8740_29.2470,moisture_differential
30.9195,29.270046,2.904656e+00,0.1628,tile_30.8740_29.2470,moisture_differential
30.920227999999998,29.270046,2.568639e+00,0.0808,tile_30.8740_29.2470,moisture_differential
30.920436,29.270046,2.778832e+00,0.1321,tile_30.8740_29.2470,moisture_differential
30.92054,29.270046,2.828204e+00,0.1441,tile_30.8740_29.2470,moisture_differential
30.921163999999997,29.270046,2.258508e+00,0.0052,tile_30.8740_29.2470,moisture_differential
30.921267999999998,29.270046,2.399651e+00,0.0396,tile_30.8740_29.2470,moisture_differential
30.921788,29.270046,2.518888e+00,0.0687,tile_30.8740_29.2470,moisture_differential
30.922411999999998,29.270046,2.556908e+00,0.0780,tile_30.8740_29.2470,moisture_differential
30.924387999999997,29.270046,2.299998e+00,0.0153,tile_30.8740_29.2470,moisture_differential
30.876756,29.269954,4.100486e+00,0.4545,tile_30.8740_29.2470,moisture_differential
30.876859999999997,29.269954,4.726104e+00,0.6071,tile_30.8740_29.2470,moisture_differential
30.876963999999997,29.269954,4.551523e+00,0.5645,tile_30.8740_29.2470,moisture_differential
30.877067999999998,29.269954,4.602946e+00,0.5771,tile_30.8740_29.2470,moisture_differential
30.877171999999998,29.269954,2.555237e+00,0.0776,tile_30.8740_29.2470,moisture_differential
30.877484,29.269954,3.564753e+00,0.3238,tile_30.8740_29.2470,moisture_differential
30.877588,29.269954,4.646404e+00,0.5877,tile_30.8740_29.2470,moisture_differential
30.877692,29.269954,2.645523e+00,0.0996,tile_30.8740_29.2470,moisture_differential
30.879251999999997,29.269954,2.326291e+00,0.0217,tile_30.8740_29.2470,moisture_differential
30.886636,29.269954,2.347386e+00,0.0268,tile_30.8740_29.2470,moisture_differential
30.898076,29.269954,2.320513e+00,0.0203,tile_30.8740_29.2470,moisture_differential
30.899012,29.269954,2.260930e+00,0.0058,tile_30.8740_29.2470,moisture_differential
30.909723999999997,29.269954,2.239610e+00,0.0006,tile_30.8740_29.2470,moisture_differential
30.912011999999997,29.269954,2.347162e+00,0.0268,tile_30.8740_29.2470,moisture_differential
30.913676,29.269954,2.256014e+00,0.0046,tile_30.8740_29.2470,moisture_differential
30.917316,29.269954,2.547337e+00,0.0756,tile_30.8740_29.2470,moisture_differential
30.91742,29.269954,2.869419e+00,0.1542,tile_30.8740_29.2470,moisture_differential
30.917523999999997,29.269954,2.544882e+00,0.0750,tile_30.8740_29.2470,moisture_differential
30.919083999999998,29.269954,2.612477e+00,0.0915,tile_30.8740_29.2470,moisture_differential
30.919396,29.269954,2.894240e+00,0.1602,tile_30.8740_29.2470,moisture_differential
30.9195,29.269954,3.039806e+00,0.1958,tile_30.8740_29.2470,moisture_differential
30.919604,29.269954,2.882930e+00,0.1575,tile_30.8740_29.2470,moisture_differential
30.919811999999997,29.269954,2.476113e+00,0.0582,tile_30.8740_29.2470,moisture_differential
30.920227999999998,29.269954,2.269747e+00,0.0079,tile_30.8740_29.2470,moisture_differential
30.923972,29.269954,2.266013e+00,0.0070,tile_30.8740_29.2470,moisture_differential
30.924491999999997,29.269954,2.320199e+00,0.0202,tile_30.8740_29.2470,moisture_differential
30.876756,29.269862,4.648438e+00,0.5882,tile_30.8740_29.2470,moisture_differential
30.876859999999997,29.269862,4.880928e+00,0.6449,tile_30.8740_29.2470,moisture_differential
30.876963999999997,29.269862,4.945056e+00,0.6605,tile_30.8740_29.2470,moisture_differential
30.877067999999998,29.269862,4.775511e+00,0.6192,tile_30.8740_29.2470,moisture_differential
30.877171999999998,29.269862,2.332886e+00,0.0233,tile_30.8740_29.2470,moisture_differential
30.877484,29.269862,2.635490e+00,0.0971,tile_30.8740_29.2470,moisture_differential
30.877588,29.269862,3.027024e+00,0.1926,tile_30.8740_29.2470,moisture_differential
30.877692,29.269862,2.474106e+00,0.0578,tile_30.8740_29.2470,moisture_differential
30.879355999999998,29.269862,2.331986e+00,0.0231,tile_30.8740_29.2470,moisture_differential
30.879459999999998,29.269862,2.332738e+00,0.0233,tile_30.8740_29.2470,moisture_differential
30.905564,29.269862,2.294862e+00,0.0140,tile_30.8740_29.2470,moisture_differential
30.905668,29.269862,2.414026e+00,0.0431,tile_30.8740_29.2470,moisture_differential
30.917316,29.269862,2.329108e+00,0.0224,tile_30.8740_29.2470,moisture_differential
30.91742,29.269862,2.874911e+00,0.1555,tile_30.8740_29.2470,moisture_differential
30.919396,29.269862,2.896188e+00,0.1607,tile_30.8740_29.2470,moisture_differential
30.919604,29.269862,2.585412e+00,0.0849,tile_30.8740_29.2470,moisture_differential
30.919708,29.269862,2.983262e+00,0.1820,tile_30.8740_29.2470,moisture_differential
30.919811999999997,29.269862,2.319086e+00,0.0199,tile_30.8740_29.2470,moisture_differential
30.919915999999997,29.269862,2.264949e+00,0.0067,tile_30.8740_29.2470,moisture_differential
30.923868,29.269862,2.449704e+00,0.0518,tile_30.8740_29.2470,moisture_differential
30.923972,29.269862,2.244940e+00,0.0019,tile_30.8740_29.2470,moisture_differential
30.924387999999997,29.269862,2.258618e+00,0.0052,tile_30.8740_29.2470,moisture_differential
30.924699999999998,29.269862,2.637063e+00,0.0975,tile_30.8740_29.2470,moisture_differential
30.925428,29.269862,2.505091e+00,0.0653,tile_30.8740_29.2470,moisture_differential
30.875923999999998,29.26977,2.280049e+00,0.0104,tile_30.8740_29.2470,moisture_differential
30.876027999999998,29.26977,2.252208e+00,0.0036,tile_30.8740_29.2470,moisture_differential
30.876132,29.26977,2.483774e+00,0.0601,tile_30.8740_29.2470,moisture_differential
30.876756,29.26977,4.766549e+00,0.6170,tile_30.8740_29.2470,moisture_differential
30.876859999999997,29.26977,4.894105e+00,0.6481,tile_30.8740_29.2470,moisture_differential
30.876963999999997,29.26977,4.889350e+00,0.6469,tile_30.8740_29.2470,moisture_differential
30.877067999999998,29.26977,4.240506e+00,0.4887,tile_30.8740_29.2470,moisture_differential
30.877171999999998,29.26977,2.465032e+00,0.0555,tile_30.8740_29.2470,moisture_differential
30.877484,29.26977,2.422931e+00,0.0453,tile_30.8740_29.2470,moisture_differential
30.877588,29.26977,2.792434e+00,0.1354,tile_30.8740_29.2470,moisture_differential
30.887259999999998,29.26977,2.252357e+00,0.0037,tile_30.8740_29.2470,moisture_differential
30.887363999999998,29.26977,2.340651e+00,0.0252,tile_30.8740_29.2470,moisture_differential
30.895163999999998,29.26977,2.352877e+00,0.0282,tile_30.8740_29.2470,moisture_differential
30.912011999999997,29.26977,2.616701e+00,0.0925,tile_30.8740_29.2470,moisture_differential
30.912115999999997,29.26977,2.373603e+00,0.0332,tile_30.8740_29.2470,moisture_differential
30.919811999999997,29.26977,2.502985e+00,0.0648,tile_30.8740_29.2470,moisture_differential
30.920748,29.26977,2.473089e+00,0.0575,tile_30.8740_29.2470,moisture_differential
30.922099999999997,29.26977,2.317397e+00,0.0195,tile_30.8740_29.2470,moisture_differential
30.922203999999997,29.26977,2.532424e+00,0.0720,tile_30.8740_29.2470,moisture_differential
30.922307999999997,29.26977,2.587018e+00,0.0853,tile_30.8740_29.2470,moisture_differential
30.922411999999998,29.26977,2.527813e+00,0.0709,tile_30.8740_29.2470,moisture_differential
30.924387999999997,29.26977,2.443922e+00,0.0504,tile_30.8740_29.2470,moisture_differential
30.925324,29.26977,2.255469e+00,0.0044,tile_30.8740_29.2470,moisture_differential
30.925635999999997,29.26977,2.403024e+00,0.0404,tile_30.8740_29.2470,moisture_differential
30.876132,29.269678,2.737526e+00,0.1220,tile_30.8740_29.2470,moisture_differential
30.876756,29.269678,4.378081e+00,0.5222,tile_30.8740_29.2470,moisture_differential
30.876859999999997,29.269678,5.075454e+00,0.6923,tile_30.8740_29.2470,moisture_differential
30.876963999999997,29.269678,4.600691e+00,0.5765,tile_30.8740_29.2470,moisture_differential
30.877067999999998,29.269678,4.222554e+00,0.4843,tile_30.8740_29.2470,moisture_differential
30.877171999999998,29.269678,2.812862e+00,0.1404,tile_30.8740_29.2470,moisture_differential
30.887259999999998,29.269678,2.240781e+00,0.0008,tile_30.8740_29.2470,moisture_differential
30.888612,29.269678,2.268365e+00,0.0076,tile_30.8740_29.2470,moisture_differential
30.895163999999998,29.269678,2.504950e+00,0.0653,tile_30.8740_29.2470,moisture_differential
30.895267999999998,29.269678,2.311548e+00,0.0181,tile_30.8740_29.2470,moisture_differential
30.902652,29.269678,2.374084e+00,0.0334,tile_30.8740_29.2470,moisture_differential
30.903588,29.269678,2.385344e+00,0.0361,tile_30.8740_29.2470,moisture_differential
30.912011999999997,29.269678,2.291631e+00,0.0132,tile_30.8740_29.2470,moisture_differential
30.913467999999998,29.269678,2.396183e+00,0.0387,tile_30.8740_29.2470,moisture_differential
30.919811999999997,29.269678,2.525438e+00,0.0703,tile_30.8740_29.2470,moisture_differential
30.924699999999998,29.269678,2.319804e+00,0.0201,tile_30.8740_29.2470,moisture_differential
30.925116,29.269678,2.299757e+00,0.0152,tile_30.8740_29.2470,moisture_differential
30.92522,29.269678,2.303345e+00,0.0161,tile_30.8740_29.2470,moisture_differential
30.874364,29.269586,2.527978e+00,0.0709,tile_30.8740_29.2470,moisture_differential
30.876859999999997,29.269586,4.173121e+00,0.4722,tile_30.8740_29.2470,moisture_differential
30.876963999999997,29.269586,4.376830e+00,0.5219,tile_30.8740_29.2470,moisture_differential
30.877067999999998,29.269586,3.693264e+00,0.3552,tile_30.8740_29.2470,moisture_differential
30.887051999999997,29.269586,2.702478e+00,0.1135,tile_30.8740_29.2470,moisture_differential
30.887259999999998,29.269586,2.270211e+00,0.0080,tile_30.8740_29.2470,moisture_differential
30.903692,29.269586,2.492327e+00,0.0622,tile_30.8740_29.2470,moisture_differential
30.903796,29.269586,2.407062e+00,0.0414,tile_30.8740_29.2470,moisture_differential
30.905459999999998,29.269586,2.294292e+00,0.0139,tile_30.8740_29.2470,moisture_differential
30.907852,29.269586,2.572860e+00,0.0818,tile_30.8740_29.2470,moisture_differential
30.913467999999998,29.269586,2.485417e+00,0.0605,tile_30.8740_29.2470,moisture_differential
30.913676,29.269586,2.337871e+00,0.0245,tile_30.8740_29.2470,moisture_differential
30.91378,29.269586,2.359947e+00,0.0299,tile_30.8740_29.2470,moisture_differential
30.915756,29.269586,2.474645e+00,0.0579,tile_30.8740_29.2470,moisture_differential
30.922411999999998,29.269586,2.372101e+00,0.0329,tile_30.8740_29.2470,moisture_differential
30.924803999999998,29.269586,2.479676e+00,0.0591,tile_30.8740_29.2470,moisture_differential
30.87426,29.269493999999998,2.446601e+00,0.0510,tile_30.8740_29.2470,moisture_differential
30.874364,29.269493999999998,2.743943e+00,0.1236,tile_30.8740_29.2470,moisture_differential
30.876859999999997,29.269493999999998,2.973763e+00,0.1796,tile_30.8740_29.2470,moisture_differential
30.876963999999997,29.269493999999998,3.886632e+00,0.4023,tile_30.8740_29.2470,moisture_differential
30.8779,29.269493999999998,2.295911e+00,0.0143,tile_30.8740_29.2470,moisture_differential
30.878003999999997,29.269493999999998,2.423133e+00,0.0453,tile_30.8740_29.2470,moisture_differential
30.878315999999998,29.269493999999998,2.246049e+00,0.0021,tile_30.8740_29.2470,moisture_differential
30.885907999999997,29.269493999999998,2.628149e+00,0.0953,tile_30.8740_29.2470,moisture_differential
30.895892,29.269493999999998,2.860403e+00,0.1520,tile_30.8740_29.2470,moisture_differential
30.903692,29.269493999999998,2.369340e+00,0.0322,tile_30.8740_29.2470,moisture_differential
30.903796,29.269493999999998,2.484072e+00,0.0602,tile_30.8740_29.2470,moisture_differential
30.910035999999998,29.269493999999998,2.529961e+00,0.0714,tile_30.8740_29.2470,moisture_differential
30.91378,29.269493999999998,2.293654e+00,0.0137,tile_30.8740_29.2470,moisture_differential
30.918148,29.269493999999998,2.530755e+00,0.0716,tile_30.8740_29.2470,moisture_differential
30.922411999999998,29.269493999999998,2.729403e+00,0.1200,tile_30.8740_29.2470,moisture_differential
30.922515999999998,29.269493999999998,2.310546e+00,0.0179,tile_30.8740_29.2470,moisture_differential
30.925012,29.269493999999998,2.357934e+00,0.0294,tile_30.8740_29.2470,moisture_differential
30.874779999999998,29.269402,2.387975e+00,0.0367,tile_30.8740_29.2470,moisture_differential
30.8753,29.269402,2.334702e+00,0.0238,tile_30.8740_29.2470,moisture_differential
30.877067999999998,29.269402,2.294812e+00,0.0140,tile_30.8740_29.2470,moisture_differential
30.8779,29.269402,2.359461e+00,0.0298,tile_30.8740_29.2470,moisture_differential
30.878003999999997,29.269402,2.457939e+00,0.0538,tile_30.8740_29.2470,moisture_differential
30.881539999999998,29.269402,2.704338e+00,0.1139,tile_30.8740_29.2470,moisture_differential
30.881643999999998,29.269402,2.626094e+00,0.0948,tile_30.8740_29.2470,moisture_differential
30.885492,29.269402,2.292859e+00,0.0135,tile_30.8740_29.2470,moisture_differential
30.885804,29.269402,2.320112e+00,0.0202,tile_30.8740_29.2470,moisture_differential
30.885907999999997,29.269402,2.416927e+00,0.0438,tile_30.8740_29.2470,moisture_differential
30.886011999999997,29.269402,2.334197e+00,0.0236,tile_30.8740_29.2470,moisture_differential
30.899531999999997,29.269402,2.310846e+00,0.0179,tile_30.8740_29.2470,moisture_differential
30.902548,29.269402,2.544153e+00,0.0748,tile_30.8740_29.2470,moisture_differential
30.918771999999997,29.269402,2.260122e+00,0.0056,tile_30.8740_29.2470,moisture_differential
30.918979999999998,29.269402,2.384685e+00,0.0359,tile_30.8740_29.2470,moisture_differential
30.919083999999998,29.269402,2.443376e+00,0.0503,tile_30.8740_29.2470,moisture_differential
30.921163999999997,29.269402,2.307758e+00,0.0172,tile_30.8740_29.2470,moisture_differential
30.922828,29.269402,2.324416e+00,0.0212,tile_30.8740_29.2470,moisture_differential
30.881539999999998,29.26931,3.137663e+00,0.2196,tile_30.8740_29.2470,moisture_differential
30.881643999999998,29.26931,3.033898e+00,0.1943,tile_30.8740_29.2470,moisture_differential
30.886948,29.26931,2.268537e+00,0.0076,tile_30.8740_29.2470,moisture_differential
30.891835999999998,29.26931,2.448258e+00,0.0515,tile_30.8740_29.2470,moisture_differential
30.903275999999998,29.26931,2.557774e+00,0.0782,tile_30.8740_29.2470,moisture_differential
30.904732,29.26931,2.334373e+00,0.0237,tile_30.8740_29.2470,moisture_differential
30.913259999999998,29.26931,2.290080e+00,0.0129,tile_30.8740_29.2470,moisture_differential
30.918044,29.26931,2.303892e+00,0.0162,tile_30.8740_29.2470,moisture_differential
30.918875999999997,29.26931,2.570981e+00,0.0814,tile_30.8740_29.2470,moisture_differential
30.919604,29.26931,2.475218e+00,0.0580,tile_30.8740_29.2470,moisture_differential
30.923659999999998,29.26931,2.567449e+00,0.0805,tile_30.8740_29.2470,moisture_differential
30.881539999999998,29.269218,2.579775e+00,0.0835,tile_30.8740_29.2470,moisture_differential
30.884244,29.269218,2.240885e+00,0.0009,tile_30.8740_29.2470,moisture_differential
30.884348,29.269218,2.348169e+00,0.0270,tile_30.8740_29.2470,moisture_differential
30.897555999999998,29.269218,2.255169e+00,0.0044,tile_30.8740_29.2470,moisture_differential
30.921371999999998,29.269218,2.441724e+00,0.0499,tile_30.8740_29.2470,moisture_differential
30.922932,29.269218,2.524861e+00,0.0701,tile_30.8740_29.2470,moisture_differential
30.923036,29.269218,2.509749e+00,0.0665,tile_30.8740_29.2470,moisture_differential
30.92314,29.269218,2.337234e+00,0.0244,tile_30.8740_29.2470,moisture_differential
30.876963999999997,29.269126,2.275146e+00,0.0092,tile_30.8740_29.2470,moisture_differential
30.880291999999997,29.269126,2.454973e+00,0.0531,tile_30.8740_29.2470,moisture_differential
30.884348,29.269126,2.255506e+00,0.0044,tile_30.8740_29.2470,moisture_differential
30.88674,29.269126,2.460600e+00,0.0545,tile_30.8740_29.2470,moisture_differential
30.88778,29.269126,2.400183e+00,0.0397,tile_30.8740_29.2470,moisture_differential
30.887988,29.269126,2.379008e+00,0.0346,tile_30.8740_29.2470,moisture_differential
30.891731999999998,29.269126,2.390515e+00,0.0374,tile_30.8740_29.2470,moisture_differential
30.909412,29.269126,2.347476e+00,0.0269,tile_30.8740_29.2470,moisture_differential
30.909931999999998,29.269126,2.300826e+00,0.0155,tile_30.8740_29.2470,moisture_differential
30.92262,29.269126,2.365960e+00,0.0314,tile_30.8740_29.2470,moisture_differential
30.923036,29.269126,2.686552e+00,0.1096,tile_30.8740_29.2470,moisture_differential
30.876963999999997,29.269034,2.385380e+00,0.0361,tile_30.8740_29.2470,moisture_differential
30.908683999999997,29.269034,2.433761e+00,0.0479,tile_30.8740_29.2470,moisture_differential
30.910035999999998,29.269034,2.272805e+00,0.0087,tile_30.8740_29.2470,moisture_differential
30.922411999999998,29.269034,2.300101e+00,0.0153,tile_30.8740_29.2470,moisture_differential
30.922515999999998,29.269034,2.660767e+00,0.1033,tile_30.8740_29.2470,moisture_differential
30.92522,29.269034,2.240058e+00,0.0007,tile_30.8740_29.2470,moisture_differential
30.925635999999997,29.269034,2.282815e+00,0.0111,tile_30.8740_29.2470,moisture_differential
30.874883999999998,29.268942,2.372939e+00,0.0331,tile_30.8740_29.2470,moisture_differential
30.876963999999997,29.268942,2.247503e+00,0.0025,tile_30.8740_29.2470,moisture_differential
30.877067999999998,29.268942,2.315672e+00,0.0191,tile_30.8740_29.2470,moisture_differential
30.877692,29.268942,2.860971e+00,0.1521,tile_30.8740_29.2470,moisture_differential
30.877796,29.268942,2.952907e+00,0.1746,tile_30.8740_29.2470,moisture_differential
30.8779,29.268942,2.852154e+00,0.1500,tile_30.8740_29.2470,moisture_differential
30.887363999999998,29.268942,2.507412e+00,0.0659,tile_30.8740_29.2470,moisture_differential
30.892148,29.268942,2.304341e+00,0.0163,tile_30.8740_29.2470,moisture_differential
30.909827999999997,29.268942,2.271229e+00,0.0083,tile_30.8740_29.2470,moisture_differential
30.920332,29.268942,2.324215e+00,0.0212,tile_30.8740_29.2470,moisture_differential
30.921892,29.268942,2.446728e+00,0.0511,tile_30.8740_29.2470,moisture_differential
30.921996,29.268942,2.586312e+00,0.0851,tile_30.8740_29.2470,moisture_differential
30.922515999999998,29.268942,2.389419e+00,0.0371,tile_30.8740_29.2470,moisture_differential
30.92262,29.268942,2.620353e+00,0.0934,tile_30.8740_29.2470,moisture_differential
30.923347999999997,29.268942,2.315434e+00,0.0191,tile_30.8740_29.2470,moisture_differential
30.92522,29.268942,2.333009e+00,0.0233,tile_30.8740_29.2470,moisture_differential
30.876548,29.26885,2.534135e+00,0.0724,tile_30.8740_29.2470,moisture_differential
30.877692,29.26885,2.572938e+00,0.0819,tile_30.8740_29.2470,moisture_differential
30.877796,29.26885,2.796279e+00,0.1364,tile_30.8740_29.2470,moisture_differential
30.8779,29.26885,3.149701e+00,0.2226,tile_30.8740_29.2470,moisture_differential
30.887259999999998,29.26885,2.451696e+00,0.0523,tile_30.8740_29.2470,moisture_differential
30.889547999999998,29.26885,2.241850e+00,0.0011,tile_30.8740_29.2470,moisture_differential
30.889756,29.26885,2.604886e+00,0.0897,tile_30.8740_29.2470,moisture_differential
30.890068,29.26885,2.346021e+00,0.0265,tile_30.8740_29.2470,moisture_differential
30.894123999999998,29.26885,2.243264e+00,0.0014,tile_30.8740_29.2470,moisture_differential
30.894228,29.26885,2.416066e+00,0.0436,tile_30.8740_29.2470,moisture_differential
30.897764,29.26885,2.726721e+00,0.1194,tile_30.8740_29.2470,moisture_differential
30.911284,29.26885,2.248924e+00,0.0028,tile_30.8740_29.2470,moisture_differential
30.916483999999997,29.26885,2.669997e+00,0.1055,tile_30.8740_29.2470,moisture_differential
30.917108,29.26885,2.654110e+00,0.1017,tile_30.8740_29.2470,moisture_differential
30.91742,29.26885,2.300044e+00,0.0153,tile_30.8740_29.2470,moisture_differential
30.917523999999997,29.26885,2.582715e+00,0.0843,tile_30.8740_29.2470,moisture_differential
30.917627999999997,29.26885,2.555601e+00,0.0776,tile_30.8740_29.2470,moisture_differential
30.917731999999997,29.26885,2.456772e+00,0.0535,tile_30.8740_29.2470,moisture_differential
30.921059999999997,29.26885,2.574640e+00,0.0823,tile_30.8740_29.2470,moisture_differential
30.921163999999997,29.26885,3.109392e+00,0.2127,tile_30.8740_29.2470,moisture_differential
30.921476,29.26885,2.455653e+00,0.0533,tile_30.8740_29.2470,moisture_differential
30.92158,29.26885,2.255164e+00,0.0043,tile_30.8740_29.2470,moisture_differential
30.921996,29.26885,2.619205e+00,0.0932,tile_30.8740_29.2470,moisture_differential
30.922099999999997,29.26885,2.457598e+00,0.0537,tile_30.8740_29.2470,moisture_differential
30.874779999999998,29.268758,2.263191e+00,0.0063,tile_30.8740_29.2470,moisture_differential
30.877588,29.268758,2.289723e+00,0.0128,tile_30.8740_29.2470,moisture_differential
30.877692,29.268758,2.524887e+00,0.0701,tile_30.8740_29.2470,moisture_differential
30.877796,29.268758,2.594617e+00,0.0872,tile_30.8740_29.2470,moisture_differential
30.8779,29.268758,2.504311e+00,0.0651,tile_30.8740_29.2470,moisture_differential
30.894228,29.268758,2.276800e+00,0.0096,tile_30.8740_29.2470,moisture_differential
30.894332,29.268758,2.453142e+00,0.0526,tile_30.8740_29.2470,moisture_differential
30.894748,29.268758,2.435204e+00,0.0483,tile_30.8740_29.2470,moisture_differential
30.906291999999997,29.268758,2.336375e+00,0.0242,tile_30.8740_29.2470,moisture_differential
30.913988,29.268758,2.279670e+00,0.0103,tile_30.8740_29.2470,moisture_differential
30.916483999999997,29.268758,3.062743e+00,0.2014,tile_30.8740_29.2470,moisture_differential
30.916587999999997,29.268758,2.643737e+00,0.0991,tile_30.8740_29.2470,moisture_differential
30.916795999999998,29.268758,2.987064e+00,0.1829,tile_30.8740_29.2470,moisture_differential
30.9169,29.268758,2.951360e+00,0.1742,tile_30.8740_29.2470,moisture_differential
30.917004,29.268758,3.379905e+00,0.2787,tile_30.8740_29.2470,moisture_differential
30.91846,29.268758,2.309256e+00,0.0175,tile_30.8740_29.2470,moisture_differential
30.918564,29.268758,2.361013e+00,0.0302,tile_30.8740_29.2470,moisture_differential
30.921059999999997,29.268758,2.479208e+00,0.0590,tile_30.8740_29.2470,moisture_differential
30.921996,29.268758,2.404120e+00,0.0407,tile_30.8740_29.2470,moisture_differential
30.922099999999997,29.268758,2.749288e+00,0.1249,tile_30.8740_29.2470,moisture_differential
30.92522,29.268758,2.497755e+00,0.0635,tile_30.8740_29.2470,moisture_differential
30.925843999999998,29.268758,2.665846e+00,0.1045,tile_30.8740_29.2470,moisture_differential
30.87738,29.268666,2.279255e+00,0.0102,tile_30.8740_29.2470,moisture_differential
30.877588,29.268666,2.299983e+00,0.0153,tile_30.8740_29.2470,moisture_differential
30.916276,29.268666,2.891233e+00,0.1595,tile_30.8740_29.2470,moisture_differential
30.916795999999998,29.268666,2.326930e+00,0.0219,tile_30.8740_29.2470,moisture_differential
30.9169,29.268666,2.770261e+00,0.1300,tile_30.8740_29.2470,moisture_differential
30.917316,29.268666,2.323730e+00,0.0211,tile_30.8740_29.2470,moisture_differential
30.917835999999998,29.268666,2.280273e+00,0.0105,tile_30.8740_29.2470,moisture_differential
30.920955999999997,29.268666,2.339374e+00,0.0249,tile_30.8740_29.2470,moisture_differential
30.921059999999997,29.268666,2.500151e+00,0.0641,tile_30.8740_29.2470,moisture_differential
30.921163999999997,29.268666,2.738798e+00,0.1223,tile_30.8740_29.2470,moisture_differential
30.921996,29.268666,2.429762e+00,0.0469,tile_30.8740_29.2470,moisture_differential
30.922099999999997,29.268666,2.514778e+00,0.0677,tile_30.8740_29.2470,moisture_differential
30.922724,29.268666,2.410109e+00,0.0421,tile_30.8740_29.2470,moisture_differential
30.924491999999997,29.268666,2.354265e+00,0.0285,tile_30.8740_29.2470,moisture_differential
30.924908,29.268666,2.290335e+00,0.0129,tile_30.8740_29.2470,moisture_differential
30.92522,29.268666,2.421244e+00,0.0449,tile_30.8740_29.2470,moisture_differential
30.889547999999998,29.268574,2.490474e+00,0.0618,tile_30.8740_29.2470,moisture_differential
30.916172,29.268574,2.294991e+00,0.0141,tile_30.8740_29.2470,moisture_differential
30.9169,29.268574,2.601517e+00,0.0888,tile_30.8740_29.2470,moisture_differential
30.917004,29.268574,2.562101e+00,0.0792,tile_30.8740_29.2470,moisture_differential
30.917212,29.268574,2.440994e+00,0.0497,tile_30.8740_29.2470,moisture_differential
30.91742,29.268574,2.249671e+00,0.0030,tile_30.8740_29.2470,moisture_differential
30.917835999999998,29.268574,2.515129e+00,0.0678,tile_30.8740_29.2470,moisture_differential
30.921996,29.268574,2.385143e+00,0.0361,tile_30.8740_29.2470,moisture_differential
30.922099999999997,29.268574,2.678534e+00,0.1076,tile_30.8740_29.2470,moisture_differential
30.922203999999997,29.268574,2.769016e+00,0.1297,tile_30.8740_29.2470,moisture_differential
30.922724,29.268574,2.274090e+00,0.0090,tile_30.8740_29.2470,moisture_differential
30.924595999999998,29.268574,2.603496e+00,0.0893,tile_30.8740_29.2470,moisture_differential
30.92522,29.268574,2.254239e+00,0.0041,tile_30.8740_29.2470,moisture_differential
30.875819999999997,29.268482,2.250916e+00,0.0033,tile_30.8740_29.2470,moisture_differential
30.877588,29.268482,2.315672e+00,0.0191,tile_30.8740_29.2470,moisture_differential
30.880084,29.268482,2.469439e+00,0.0566,tile_30.8740_29.2470,moisture_differential
30.887259999999998,29.268482,2.317463e+00,0.0195,tile_30.8740_29.2470,moisture_differential
30.889443999999997,29.268482,2.323857e+00,0.0211,tile_30.8740_29.2470,moisture_differential
30.889547999999998,29.268482,2.650100e+00,0.1007,tile_30.8740_29.2470,moisture_differential
30.897036,29.268482,2.587573e+00,0.0854,tile_30.8740_29.2470,moisture_differential
30.89922,29.268482,2.261654e+00,0.0059,tile_30.8740_29.2470,moisture_differential
30.903484,29.268482,2.396374e+00,0.0388,tile_30.8740_29.2470,moisture_differential
30.905044,29.268482,2.261180e+00,0.0058,tile_30.8740_29.2470,moisture_differential
30.914924,29.268482,2.261258e+00,0.0058,tile_30.8740_29.2470,moisture_differential
30.916172,29.268482,2.384681e+00,0.0359,tile_30.8740_29.2470,moisture_differential
30.91638,29.268482,2.425224e+00,0.0458,tile_30.8740_29.2470,moisture_differential
30.916691999999998,29.268482,2.407394e+00,0.0415,tile_30.8740_29.2470,moisture_differential
30.9169,29.268482,2.572831e+00,0.0818,tile_30.8740_29.2470,moisture_differential
30.917108,29.268482,2.569164e+00,0.0809,tile_30.8740_29.2470,moisture_differential
30.917212,29.268482,2.396428e+00,0.0388,tile_30.8740_29.2470,moisture_differential
30.921371999999998,29.268482,2.380392e+00,0.0349,tile_30.8740_29.2470,moisture_differential
30.921892,29.268482,2.301410e+00,0.0156,tile_30.8740_29.2470,moisture_differential
30.921996,29.268482,2.857119e+00,0.1512,tile_30.8740_29.2470,moisture_differential
30.922099999999997,29.268482,2.702664e+00,0.1135,tile_30.8740_29.2470,moisture_differential
30.92522,29.268482,2.433653e+00,0.0479,tile_30.8740_29.2470,moisture_differential
30.925324,29.268482,2.483168e+00,0.0600,tile_30.8740_29.2470,moisture_differential
30.925428,29.268482,2.463127e+00,0.0551,tile_30.8740_29.2470,moisture_differential
30.874571999999997,29.26839,2.244489e+00,0.0017,tile_30.8740_29.2470,moisture_differential
30.874675999999997,29.26839,2.270430e+00,0.0081,tile_30.8740_29.2470,moisture_differential
30.885492,29.26839,2.431646e+00,0.0474,tile_30.8740_29.2470,moisture_differential
30.893083999999998,29.26839,2.269341e+00,0.0078,tile_30.8740_29.2470,moisture_differential
30.897036,29.26839,2.480642e+00,0.0594,tile_30.8740_29.2470,moisture_differential
30.89922,29.26839,2.368798e+00,0.0321,tile_30.8740_29.2470,moisture_differential
30.905044,29.26839,2.468909e+00,0.0565,tile_30.8740_29.2470,moisture_differential
30.905147999999997,29.26839,2.246360e+00,0.0022,tile_30.8740_29.2470,moisture_differential
30.915651999999998,29.26839,2.318467e+00,0.0198,tile_30.8740_29.2470,moisture_differential
30.916172,29.26839,2.334503e+00,0.0237,tile_30.8740_29.2470,moisture_differential
30.91638,29.26839,2.628726e+00,0.0955,tile_30.8740_29.2470,moisture_differential
30.916691999999998,29.26839,2.882272e+00,0.1573,tile_30.8740_29.2470,moisture_differential
30.917212,29.26839,2.557675e+00,0.0781,tile_30.8740_29.2470,moisture_differential
30.921684,29.26839,2.382913e+00,0.0355,tile_30.8740_29.2470,moisture_differential
30.922099999999997,29.26839,2.460639e+00,0.0545,tile_30.8740_29.2470,moisture_differential
30.922515999999998,29.26839,2.750990e+00,0.1253,tile_30.8740_29.2470,moisture_differential
30.923347999999997,29.26839,2.382736e+00,0.0355,tile_30.8740_29.2470,moisture_differential
30.925324,29.26839,2.305921e+00,0.0167,tile_30.8740_29.2470,moisture_differential
30.925428,29.26839,2.475883e+00,0.0582,tile_30.8740_29.2470,moisture_differential
30.874571999999997,29.268297999999998,2.791300e+00,0.1351,tile_30.8740_29.2470,moisture_differential
30.874675999999997,29.268297999999998,2.338420e+00,0.0247,tile_30.8740_29.2470,moisture_differential
30.885596,29.268297999999998,2.331282e+00,0.0229,tile_30.8740_29.2470,moisture_differential
30.889756,29.268297999999998,2.605454e+00,0.0898,tile_30.8740_29.2470,moisture_differential
30.894955999999997,29.268297999999998,2.342762e+00,0.0257,tile_30.8740_29.2470,moisture_differential
30.905251999999997,29.268297999999998,2.423979e+00,0.0455,tile_30.8740_29.2470,moisture_differential
30.905459999999998,29.268297999999998,2.795061e+00,0.1361,tile_30.8740_29.2470,moisture_differential
30.905564,29.268297999999998,2.665013e+00,0.1043,tile_30.8740_29.2470,moisture_differential
30.916172,29.268297999999998,2.244768e+00,0.0018,tile_30.8740_29.2470,moisture_differential
30.91638,29.268297999999998,2.296688e+00,0.0145,tile_30.8740_29.2470,moisture_differential
30.916483999999997,29.268297999999998,2.277531e+00,0.0098,tile_30.8740_29.2470,moisture_differential
30.916587999999997,29.268297999999998,2.359482e+00,0.0298,tile_30.8740_29.2470,moisture_differential
30.916691999999998,29.268297999999998,2.610764e+00,0.0911,tile_30.8740_29.2470,moisture_differential
30.918979999999998,29.268297999999998,2.302808e+00,0.0160,tile_30.8740_29.2470,moisture_differential
30.919811999999997,29.268297999999998,2.367148e+00,0.0317,tile_30.8740_29.2470,moisture_differential
30.921684,29.268297999999998,2.436789e+00,0.0487,tile_30.8740_29.2470,moisture_differential
30.921788,29.268297999999998,2.324094e+00,0.0212,tile_30.8740_29.2470,moisture_differential
30.924387999999997,29.268297999999998,2.495987e+00,0.0631,tile_30.8740_29.2470,moisture_differential
30.874468,29.268206,2.822891e+00,0.1428,tile_30.8740_29.2470,moisture_differential
30.874571999999997,29.268206,2.969993e+00,0.1787,tile_30.8740_29.2470,moisture_differential
30.874675999999997,29.268206,2.679075e+00,0.1078,tile_30.8740_29.2470,moisture_differential
30.87842,29.268206,2.456718e+00,0.0535,tile_30.8740_29.2470,moisture_differential
30.883619999999997,29.268206,2.337877e+00,0.0245,tile_30.8740_29.2470,moisture_differential
30.889756,29.268206,2.585271e+00,0.0849,tile_30.8740_29.2470,moisture_differential
30.88986,29.268206,2.849661e+00,0.1494,tile_30.8740_29.2470,moisture_differential
30.894955999999997,29.268206,2.318885e+00,0.0199,tile_30.8740_29.2470,moisture_differential
30.905355999999998,29.268206,2.336835e+00,0.0243,tile_30.8740_29.2470,moisture_differential
30.905459999999998,29.268206,2.956127e+00,0.1753,tile_30.8740_29.2470,moisture_differential
30.905564,29.268206,2.383339e+00,0.0356,tile_30.8740_29.2470,moisture_differential
30.915964,29.268206,2.357184e+00,0.0292,tile_30.8740_29.2470,moisture_differential
30.916587999999997,29.268206,2.575125e+00,0.0824,tile_30.8740_29.2470,moisture_differential
30.918148,29.268206,2.366145e+00,0.0314,tile_30.8740_29.2470,moisture_differential
30.918875999999997,29.268206,2.267342e+00,0.0073,tile_30.8740_29.2470,moisture_differential
30.923764,29.268206,2.327347e+00,0.0220,tile_30.8740_29.2470,moisture_differential
30.923868,29.268206,2.243434e+00,0.0015,tile_30.8740_29.2470,moisture_differential
30.924387999999997,29.268206,2.241695e+00,0.0011,tile_30.8740_29.2470,moisture_differential
30.924491999999997,29.268206,2.494230e+00,0.0627,tile_30.8740_29.2470,moisture_differential
30.874571999999997,29.268114,2.312652e+00,0.0184,tile_30.8740_29.2470,moisture_differential
30.874675999999997,29.268114,2.397787e+00,0.0391,tile_30.8740_29.2470,moisture_differential
30.874779999999998,29.268114,2.420217e+00,0.0446,tile_30.8740_29.2470,moisture_differential
30.878107999999997,29.268114,3.374414e+00,0.2774,tile_30.8740_29.2470,moisture_differential
30.878211999999998,29.268114,3.320144e+00,0.2641,tile_30.8740_29.2470,moisture_differential
30.878315999999998,29.268114,2.623118e+00,0.0941,tile_30.8740_29.2470,moisture_differential
30.878524,29.268114,2.456694e+00,0.0535,tile_30.8740_29.2470,moisture_differential
30.889756,29.268114,2.443582e+00,0.0503,tile_30.8740_29.2470,moisture_differential
30.89714,29.268114,2.367844e+00,0.0318,tile_30.8740_29.2470,moisture_differential
30.898076,29.268114,2.263334e+00,0.0063,tile_30.8740_29.2470,moisture_differential
30.89818,29.268114,2.458280e+00,0.0539,tile_30.8740_29.2470,moisture_differential
30.900156,29.268114,2.268973e+00,0.0077,tile_30.8740_29.2470,moisture_differential
30.901196,29.268114,2.345849e+00,0.0265,tile_30.8740_29.2470,moisture_differential
30.901508,29.268114,2.316144e+00,0.0192,tile_30.8740_29.2470,moisture_differential
30.916276,29.268114,2.850807e+00,0.1497,tile_30.8740_29.2470,moisture_differential
30.917004,29.268114,2.631933e+00,0.0963,tile_30.8740_29.2470,moisture_differential
30.918148,29.268114,2.299887e+00,0.0153,tile_30.8740_29.2470,moisture_differential
30.9195,29.268114,2.241362e+00,0.0010,tile_30.8740_29.2470,moisture_differential
30.920955999999997,29.268114,2.288775e+00,0.0125,tile_30.8740_29.2470,moisture_differential
30.922099999999997,29.268114,2.370393e+00,0.0325,tile_30.8740_29.2470,moisture_differential
30.923036,29.268114,3.476240e+00,0.3022,tile_30.8740_29.2470,moisture_differential
30.923659999999998,29.268114,2.289628e+00,0.0128,tile_30.8740_29.2470,moisture_differential
30.923764,29.268114,2.263507e+00,0.0064,tile_30.8740_29.2470,moisture_differential
30.923868,29.268114,2.372120e+00,0.0329,tile_30.8740_29.2470,moisture_differential
30.878003999999997,29.268022,2.612399e+00,0.0915,tile_30.8740_29.2470,moisture_differential
30.878107999999997,29.268022,3.263048e+00,0.2502,tile_30.8740_29.2470,moisture_differential
30.878211999999998,29.268022,3.569034e+00,0.3249,tile_30.8740_29.2470,moisture_differential
30.878315999999998,29.268022,3.388180e+00,0.2807,tile_30.8740_29.2470,moisture_differential
30.905564,29.268022,2.480732e+00,0.0594,tile_30.8740_29.2470,moisture_differential
30.916276,29.268022,2.856697e+00,0.1511,tile_30.8740_29.2470,moisture_differential
30.91638,29.268022,2.419642e+00,0.0445,tile_30.8740_29.2470,moisture_differential
30.916483999999997,29.268022,2.506536e+00,0.0657,tile_30.8740_29.2470,moisture_differential
30.918148,29.268022,2.461178e+00,0.0546,tile_30.8740_29.2470,moisture_differential
30.918252,29.268022,2.291994e+00,0.0133,tile_30.8740_29.2470,moisture_differential
30.922203999999997,29.268022,2.419341e+00,0.0444,tile_30.8740_29.2470,moisture_differential
30.923243999999997,29.268022,2.292467e+00,0.0134,tile_30.8740_29.2470,moisture_differential
30.923347999999997,29.268022,2.379919e+00,0.0348,tile_30.8740_29.2470,moisture_differential
30.923868,29.268022,2.366819e+00,0.0316,tile_30.8740_29.2470,moisture_differential
30.924699999999998,29.268022,2.468520e+00,0.0564,tile_30.8740_29.2470,moisture_differential
30.924803999999998,29.268022,2.334293e+00,0.0237,tile_30.8740_29.2470,moisture_differential
30.874779999999998,29.26793,2.354221e+00,0.0285,tile_30.8740_29.2470,moisture_differential
30.878003999999997,29.26793,2.517969e+00,0.0685,tile_30.8740_29.2470,moisture_differential
30.878107999999997,29.26793,3.081702e+00,0.2060,tile_30.8740_29.2470,moisture_differential
30.878211999999998,29.26793,3.515717e+00,0.3119,tile_30.8740_29.2470,moisture_differential
30.878315999999998,29.26793,2.646046e+00,0.0997,tile_30.8740_29.2470,moisture_differential
30.880916,29.26793,2.768651e+00,0.1296,tile_30.8740_29.2470,moisture_differential
30.898804,29.26793,2.606834e+00,0.0901,tile_30.8740_29.2470,moisture_differential
30.905564,29.26793,2.398968e+00,0.0394,tile_30.8740_29.2470,moisture_differential
30.909827999999997,29.26793,2.377581e+00,0.0342,tile_30.8740_29.2470,moisture_differential
30.911179999999998,29.26793,2.380089e+00,0.0348,tile_30.8740_29.2470,moisture_differential
30.913884,29.26793,2.403925e+00,0.0406,tile_30.8740_29.2470,moisture_differential
30.913988,29.26793,2.643640e+00,0.0991,tile_30.8740_29.2470,moisture_differential
30.916276,29.26793,2.338631e+00,0.0247,tile_30.8740_29.2470,moisture_differential
30.91638,29.26793,2.383270e+00,0.0356,tile_30.8740_29.2470,moisture_differential
30.916483999999997,29.26793,2.413832e+00,0.0431,tile_30.8740_29.2470,moisture_differential
30.917835999999998,29.26793,2.348295e+00,0.0271,tile_30.8740_29.2470,moisture_differential
30.917939999999998,29.26793,2.458342e+00,0.0539,tile_30.8740_29.2470,moisture_differential
30.918044,29.26793,2.326374e+00,0.0217,tile_30.8740_29.2470,moisture_differential
30.919811999999997,29.26793,2.532144e+00,0.0719,tile_30.8740_29.2470,moisture_differential
30.921163999999997,29.26793,2.257735e+00,0.0050,tile_30.8740_29.2470,moisture_differential
30.921267999999998,29.26793,2.997800e+00,0.1855,tile_30.8740_29.2470,moisture_differential
30.924284,29.26793,2.679309e+00,0.1078,tile_30.8740_29.2470,moisture_differential
30.92522,29.26793,2.290188e+00,0.0129,tile_30.8740_29.2470,moisture_differential
30.878107999999997,29.267838,2.964845e+00,0.1775,tile_30.8740_29.2470,moisture_differential
30.878211999999998,29.267838,3.227763e+00,0.2416,tile_30.8740_29.2470,moisture_differential
30.880812,29.267838,2.788388e+00,0.1344,tile_30.8740_29.2470,moisture_differential
30.882579999999997,29.267838,2.368565e+00,0.0320,tile_30.8740_29.2470,moisture_differential
30.89558,29.267838,2.344763e+00,0.0262,tile_30.8740_29.2470,moisture_differential
30.896411999999998,29.267838,2.294712e+00,0.0140,tile_30.8740_29.2470,moisture_differential
30.898804,29.267838,2.313789e+00,0.0187,tile_30.8740_29.2470,moisture_differential
30.898908,29.267838,2.239451e+00,0.0005,tile_30.8740_29.2470,moisture_differential
30.909827999999997,29.267838,2.286045e+00,0.0119,tile_30.8740_29.2470,moisture_differential
30.920019999999997,29.267838,2.284480e+00,0.0115,tile_30.8740_29.2470,moisture_differential
30.921163999999997,29.267838,2.309150e+00,0.0175,tile_30.8740_29.2470,moisture_differential
30.921267999999998,29.267838,2.288493e+00,0.0125,tile_30.8740_29.2470,moisture_differential
30.924076,29.267838,2.359351e+00,0.0298,tile_30.8740_29.2470,moisture_differential
30.924284,29.267838,2.372869e+00,0.0331,tile_30.8740_29.2470,moisture_differential
30.924387999999997,29.267838,2.286386e+00,0.0120,tile_30.8740_29.2470,moisture_differential
30.925116,29.267838,2.430523e+00,0.0471,tile_30.8740_29.2470,moisture_differential
30.92522,29.267838,2.635171e+00,0.0970,tile_30.8740_29.2470,moisture_differential
30.887051999999997,29.267746,2.640077e+00,0.0982,tile_30.8740_29.2470,moisture_differential
30.9169,29.267746,2.269213e+00,0.0078,tile_30.8740_29.2470,moisture_differential
30.918148,29.267746,2.660639e+00,0.1033,tile_30.8740_29.2470,moisture_differential
30.918252,29.267746,2.624845e+00,0.0945,tile_30.8740_29.2470,moisture_differential
30.918564,29.267746,2.254233e+00,0.0041,tile_30.8740_29.2470,moisture_differential
30.920436,29.267746,2.239303e+00,0.0005,tile_30.8740_29.2470,moisture_differential
30.881852,29.267654,3.007186e+00,0.1878,tile_30.8740_29.2470,moisture_differential
30.881956,29.267654,2.977398e+00,0.1805,tile_30.8740_29.2470,moisture_differential
30.88466,29.267654,2.630805e+00,0.0960,tile_30.8740_29.2470,moisture_differential
30.901508,29.267654,2.368922e+00,0.0321,tile_30.8740_29.2470,moisture_differential
30.906603999999998,29.267654,2.473274e+00,0.0576,tile_30.8740_29.2470,moisture_differential
30.91742,29.267654,2.705267e+00,0.1141,tile_30.8740_29.2470,moisture_differential
30.917523999999997,29.267654,2.514981e+00,0.0677,tile_30.8740_29.2470,moisture_differential
30.917627999999997,29.267654,2.303997e+00,0.0163,tile_30.8740_29.2470,moisture_differential
30.918148,29.267654,2.336745e+00,0.0243,tile_30.8740_29.2470,moisture_differential
30.918252,29.267654,2.410561e+00,0.0423,tile_30.8740_29.2470,moisture_differential
30.918667999999997,29.267654,2.453877e+00,0.0528,tile_30.8740_29.2470,moisture_differential
30.923555999999998,29.267654,2.261314e+00,0.0058,tile_30.8740_29.2470,moisture_differential
30.92522,29.267654,2.373773e+00,0.0333,tile_30.8740_29.2470,moisture_differential
30.878211999999998,29.267561999999998,2.513217e+00,0.0673,tile_30.8740_29.2470,moisture_differential
30.881747999999998,29.267561999999998,2.730914e+00,0.1204,tile_30.8740_29.2470,moisture_differential
30.881852,29.267561999999998,4.153117e+00,0.4673,tile_30.8740_29.2470,moisture_differential
30.881956,29.267561999999998,4.118221e+00,0.4588,tile_30.8740_29.2470,moisture_differential
30.88206,29.267561999999998,2.567003e+00,0.0804,tile_30.8740_29.2470,moisture_differential
30.882164,29.267561999999998,2.532058e+00,0.0719,tile_30.8740_29.2470,moisture_differential
30.884556,29.267561999999998,2.413938e+00,0.0431,tile_30.8740_29.2470,moisture_differential
30.88466,29.267561999999998,2.405815e+00,0.0411,tile_30.8740_29.2470,moisture_differential
30.884763999999997,29.267561999999998,2.253572e+00,0.0040,tile_30.8740_29.2470,moisture_differential
30.896099999999997,29.267561999999998,2.658009e+00,0.1026,tile_30.8740_29.2470,moisture_differential
30.914924,29.267561999999998,2.306011e+00,0.0168,tile_30.8740_29.2470,moisture_differential
30.915028,29.267561999999998,2.289852e+00,0.0128,tile_30.8740_29.2470,moisture_differential
30.917316,29.267561999999998,2.243262e+00,0.0014,tile_30.8740_29.2470,moisture_differential
30.91742,29.267561999999998,2.470429e+00,0.0569,tile_30.8740_29.2470,moisture_differential
30.917523999999997,29.267561999999998,2.599381e+00,0.0883,tile_30.8740_29.2470,moisture_differential
30.917627999999997,29.267561999999998,2.479620e+00,0.0591,tile_30.8740_29.2470,moisture_differential
30.917835999999998,29.267561999999998,2.350499e+00,0.0276,tile_30.8740_29.2470,moisture_differential
30.918148,29.267561999999998,2.530014e+00,0.0714,tile_30.8740_29.2470,moisture_differential
30.918252,29.267561999999998,2.305418e+00,0.0166,tile_30.8740_29.2470,moisture_differential
30.91846,29.267561999999998,2.338595e+00,0.0247,tile_30.8740_29.2470,moisture_differential
30.918875999999997,29.267561999999998,2.438399e+00,0.0490,tile_30.8740_29.2470,moisture_differential
30.920955999999997,29.267561999999998,2.535857e+00,0.0728,tile_30.8740_29.2470,moisture_differential
30.921267999999998,29.267561999999998,2.435799e+00,0.0484,tile_30.8740_29.2470,moisture_differential
30.92522,29.267561999999998,2.336339e+00,0.0242,tile_30.8740_29.2470,moisture_differential
30.874571999999997,29.26747,2.286796e+00,0.0121,tile_30.8740_29.2470,moisture_differential
30.878211999999998,29.26747,2.411176e+00,0.0424,tile_30.8740_29.2470,moisture_differential
30.878315999999998,29.26747,2.269120e+00,0.0078,tile_30.8740_29.2470,moisture_differential
30.87998,29.26747,2.368523e+00,0.0320,tile_30.8740_29.2470,moisture_differential
30.881747999999998,29.26747,2.489701e+00,0.0616,tile_30.8740_29.2470,moisture_differential
30.881852,29.26747,3.960888e+00,0.4205,tile_30.8740_29.2470,moisture_differential
30.881956,29.26747,4.477932e+00,0.5466,tile_30.8740_29.2470,moisture_differential
30.88206,29.26747,2.955171e+00,0.1751,tile_30.8740_29.2470,moisture_differential
30.884556,29.26747,2.631033e+00,0.0960,tile_30.8740_29.2470,moisture_differential
30.88466,29.26747,2.631187e+00,0.0961,tile_30.8740_29.2470,moisture_differential
30.895788,29.26747,2.293377e+00,0.0137,tile_30.8740_29.2470,moisture_differential
30.895996,29.26747,2.534197e+00,0.0724,tile_30.8740_29.2470,moisture_differential
30.913363999999998,29.26747,2.268419e+00,0.0076,tile_30.8740_29.2470,moisture_differential
30.913467999999998,29.26747,2.290379e+00,0.0129,tile_30.8740_29.2470,moisture_differential
30.917835999999998,29.26747,2.343690e+00,0.0259,tile_30.8740_29.2470,moisture_differential
30.918148,29.26747,2.532445e+00,0.0720,tile_30.8740_29.2470,moisture_differential
30.918252,29.26747,2.439038e+00,0.0492,tile_30.8740_29.2470,moisture_differential
30.918564,29.26747,2.575904e+00,0.0826,tile_30.8740_29.2470,moisture_differential
30.920019999999997,29.26747,2.388060e+00,0.0368,tile_30.8740_29.2470,moisture_differential
30.920123999999998,29.26747,2.532980e+00,0.0721,tile_30.8740_29.2470,moisture_differential
30.920852,29.26747,2.455599e+00,0.0532,tile_30.8740_29.2470,moisture_differential
30.920955999999997,29.26747,2.651069e+00,0.1009,tile_30.8740_29.2470,moisture_differential
30.92158,29.26747,2.423009e+00,0.0453,tile_30.8740_29.2470,moisture_differential
30.922099999999997,29.26747,2.264941e+00,0.0067,tile_30.8740_29.2470,moisture_differential
30.925739999999998,29.26747,2.300440e+00,0.0154,tile_30.8740_29.2470,moisture_differential
30.874468,29.267378,2.391800e+00,0.0377,tile_30.8740_29.2470,moisture_differential
30.874571999999997,29.267378,2.627045e+00,0.0951,tile_30.8740_29.2470,moisture_differential
30.880188,29.267378,2.453109e+00,0.0526,tile_30.8740_29.2470,moisture_differential
30.881956,29.267378,3.196664e+00,0.2340,tile_30.8740_29.2470,moisture_differential
30.88206,29.267378,2.666626e+00,0.1047,tile_30.8740_29.2470,moisture_differential
30.8831,29.267378,2.504454e+00,0.0652,tile_30.8740_29.2470,moisture_differential
30.884452,29.267378,2.356005e+00,0.0289,tile_30.8740_29.2470,moisture_differential
30.884556,29.267378,2.984736e+00,0.1823,tile_30.8740_29.2470,moisture_differential
30.88466,29.267378,2.567510e+00,0.0805,tile_30.8740_29.2470,moisture_differential
30.900675999999997,29.267378,2.359168e+00,0.0297,tile_30.8740_29.2470,moisture_differential
30.90702,29.267378,3.079105e+00,0.2053,tile_30.8740_29.2470,moisture_differential
30.910971999999997,29.267378,2.355843e+00,0.0289,tile_30.8740_29.2470,moisture_differential
30.919292,29.267378,2.299732e+00,0.0152,tile_30.8740_29.2470,moisture_differential
30.919604,29.267378,2.463997e+00,0.0553,tile_30.8740_29.2470,moisture_differential
30.920019999999997,29.267378,2.549314e+00,0.0761,tile_30.8740_29.2470,moisture_differential
30.920123999999998,29.267378,2.263615e+00,0.0064,tile_30.8740_29.2470,moisture_differential
30.920332,29.267378,2.443758e+00,0.0504,tile_30.8740_29.2470,moisture_differential
30.921684,29.267378,2.458149e+00,0.0539,tile_30.8740_29.2470,moisture_differential
30.923451999999997,29.267378,2.946509e+00,0.1730,tile_30.8740_29.2470,moisture_differential
30.924803999999998,29.267378,2.710033e+00,0.1153,tile_30.8740_29.2470,moisture_differential
30.924908,29.267378,2.572755e+00,0.0818,tile_30.8740_29.2470,moisture_differential
30.882996,29.267286,2.252112e+00,0.0036,tile_30.8740_29.2470,moisture_differential
30.883204,29.267286,2.436153e+00,0.0485,tile_30.8740_29.2470,moisture_differential
30.884556,29.267286,2.842812e+00,0.1477,tile_30.8740_29.2470,moisture_differential
30.88466,29.267286,2.315491e+00,0.0191,tile_30.8740_29.2470,moisture_differential
30.90702,29.267286,2.374309e+00,0.0334,tile_30.8740_29.2470,moisture_differential
30.918356,29.267286,2.464545e+00,0.0554,tile_30.8740_29.2470,moisture_differential
30.91846,29.267286,2.461023e+00,0.0546,tile_30.8740_29.2470,moisture_differential
30.918875999999997,29.267286,2.260434e+00,0.0056,tile_30.8740_29.2470,moisture_differential
30.920123999999998,29.267286,2.528841e+00,0.0711,tile_30.8740_29.2470,moisture_differential
30.924908,29.267286,2.369747e+00,0.0323,tile_30.8740_29.2470,moisture_differential
30.877796,29.267194,2.397171e+00,0.0390,tile_30.8740_29.2470,moisture_differential
30.88102,29.267194,2.316030e+00,0.0192,tile_30.8740_29.2470,moisture_differential
30.882892,29.267194,2.320419e+00,0.0203,tile_30.8740_29.2470,moisture_differential
30.882996,29.267194,2.259759e+00,0.0055,tile_30.8740_29.2470,moisture_differential
30.884452,29.267194,2.263708e+00,0.0064,tile_30.8740_29.2470,moisture_differential
30.884556,29.267194,3.177894e+00,0.2294,tile_30.8740_29.2470,moisture_differential
30.88466,29.267194,2.434427e+00,0.0481,tile_30.8740_29.2470,moisture_differential
30.891212,29.267194,2.377686e+00,0.0342,tile_30.8740_29.2470,moisture_differential
30.896828,29.267194,2.262608e+00,0.0062,tile_30.8740_29.2470,moisture_differential
30.900883999999998,29.267194,2.419674e+00,0.0445,tile_30.8740_29.2470,moisture_differential
30.906395999999997,29.267194,2.439661e+00,0.0494,tile_30.8740_29.2470,moisture_differential
30.906499999999998,29.267194,2.301738e+00,0.0157,tile_30.8740_29.2470,moisture_differential
30.918356,29.267194,2.515944e+00,0.0680,tile_30.8740_29.2470,moisture_differential
30.920852,29.267194,2.363281e+00,0.0307,tile_30.8740_29.2470,moisture_differential
30.921059999999997,29.267194,2.739838e+00,0.1226,tile_30.8740_29.2470,moisture_differential
30.92262,29.267194,2.531588e+00,0.0718,tile_30.8740_29.2470,moisture_differential
30.879772,29.267102,2.307393e+00,0.0171,tile_30.8740_29.2470,moisture_differential
30.879876,29.267102,2.614329e+00,0.0920,tile_30.8740_29.2470,moisture_differential
30.882164,29.267102,2.352820e+00,0.0282,tile_30.8740_29.2470,moisture_differential
30.884452,29.267102,2.383892e+00,0.0358,tile_30.8740_29.2470,moisture_differential
30.884556,29.267102,3.342605e+00,0.2696,tile_30.8740_29.2470,moisture_differential
30.88466,29.267102,2.999493e+00,0.1859,tile_30.8740_29.2470,moisture_differential
30.90702,29.267102,2.389591e+00,0.0371,tile_30.8740_29.2470,moisture_differential
30.918252,29.267102,2.335316e+00,0.0239,tile_30.8740_29.2470,moisture_differential
30.918564,29.267102,2.290832e+00,0.0130,tile_30.8740_29.2470,moisture_differential
30.918667999999997,29.267102,2.494067e+00,0.0626,tile_30.8740_29.2470,moisture_differential
30.918771999999997,29.267102,2.507755e+00,0.0660,tile_30.8740_29.2470,moisture_differential
30.919396,29.267102,2.270157e+00,0.0080,tile_30.8740_29.2470,moisture_differential
30.920436,29.267102,2.395616e+00,0.0386,tile_30.8740_29.2470,moisture_differential
30.922515999999998,29.267102,2.338756e+00,0.0247,tile_30.8740_29.2470,moisture_differential
30.922828,29.267102,2.685845e+00,0.1094,tile_30.8740_29.2470,moisture_differential
30.924491999999997,29.267102,2.647678e+00,0.1001,tile_30.8740_29.2470,moisture_differential
30.879772,29.26701,2.399747e+00,0.0396,tile_30.8740_29.2470,moisture_differential
30.879876,29.26701,2.749151e+00,0.1249,tile_30.8740_29.2470,moisture_differential
30.884452,29.26701,2.639830e+00,0.0982,tile_30.8740_29.2470,moisture_differential
30.884556,29.26701,4.035276e+00,0.4386,tile_30.8740_29.2470,moisture_differential
30.88466,29.26701,3.544242e+00,0.3188,tile_30.8740_29.2470,moisture_differential
30.884763999999997,29.26701,3.572523e+00,0.3257,tile_30.8740_29.2470,moisture_differential
30.884867999999997,29.26701,3.256657e+00,0.2487,tile_30.8740_29.2470,moisture_differential
30.884971999999998,29.26701,2.585206e+00,0.0849,tile_30.8740_29.2470,moisture_differential
30.905147999999997,29.26701,2.541157e+00,0.0741,tile_30.8740_29.2470,moisture_differential
30.908268,29.26701,2.559678e+00,0.0786,tile_30.8740_29.2470,moisture_differential
30.918044,29.26701,2.291873e+00,0.0133,tile_30.8740_29.2470,moisture_differential
30.918667999999997,29.26701,2.510685e+00,0.0667,tile_30.8740_29.2470,moisture_differential
30.920852,29.26701,2.586172e+00,0.0851,tile_30.8740_29.2470,moisture_differential
30.922724,29.26701,2.442929e+00,0.0502,tile_30.8740_29.2470,moisture_differential
30.880812,29.266918,2.272941e+00,0.0087,tile_30.8740_29.2470,moisture_differential
30.884556,29.266918,4.345981e+00,0.5144,tile_30.8740_29.2470,moisture_differential
30.88466,29.266918,4.205350e+00,0.4801,tile_30.8740_29.2470,moisture_differential
30.884763999999997,29.266918,3.802122e+00,0.3817,tile_30.8740_29.2470,moisture_differential
30.884867999999997,29.266918,3.585655e+00,0.3289,tile_30.8740_29.2470,moisture_differential
30.884971999999998,29.266918,2.823755e+00,0.1431,tile_30.8740_29.2470,moisture_differential
30.8935,29.266918,2.493860e+00,0.0626,tile_30.8740_29.2470,moisture_differential
30.896932,29.266918,2.578108e+00,0.0831,tile_30.8740_29.2470,moisture_differential
30.914507999999998,29.266918,2.246546e+00,0.0022,tile_30.8740_29.2470,moisture_differential
30.918044,29.266918,2.800985e+00,0.1375,tile_30.8740_29.2470,moisture_differential
30.919292,29.266918,2.297499e+00,0.0147,tile_30.8740_29.2470,moisture_differential
30.921788,29.266918,2.305556e+00,0.0166,tile_30.8740_29.2470,moisture_differential
30.923659999999998,29.266918,2.338839e+00,0.0248,tile_30.8740_29.2470,moisture_differential
30.924387999999997,29.266918,2.449845e+00,0.0518,tile_30.8740_29.2470,moisture_differential
30.924491999999997,29.266918,2.504788e+00,0.0652,tile_30.8740_29.2470,moisture_differential
30.924595999999998,29.266918,2.273715e+00,0.0089,tile_30.8740_29.2470,moisture_differential
30.925428,29.266918,2.396502e+00,0.0388,tile_30.8740_29.2470,moisture_differential
30.874675999999997,29.266826,2.404139e+00,0.0407,tile_30.8740_29.2470,moisture_differential
30.879772,29.266826,2.530131e+00,0.0714,tile_30.8740_29.2470,moisture_differential
30.880708,29.266826,2.317492e+00,0.0196,tile_30.8740_29.2470,moisture_differential
30.880812,29.266826,2.368042e+00,0.0319,tile_30.8740_29.2470,moisture_differential
30.884556,29.266826,4.614709e+00,0.5799,tile_30.8740_29.2470,moisture_differential
30.88466,29.266826,4.499776e+00,0.5519,tile_30.8740_29.2470,moisture_differential
30.884763999999997,29.266826,4.107959e+00,0.4563,tile_30.8740_29.2470,moisture_differential
30.884867999999997,29.266826,3.852404e+00,0.3940,tile_30.8740_29.2470,moisture_differential
30.884971999999998,29.266826,2.498189e+00,0.0636,tile_30.8740_29.2470,moisture_differential
30.900468,29.266826,2.319314e+00,0.0200,tile_30.8740_29.2470,moisture_differential
30.913363999999998,29.266826,2.302938e+00,0.0160,tile_30.8740_29.2470,moisture_differential
30.917627999999997,29.266826,2.426826e+00,0.0462,tile_30.8740_29.2470,moisture_differential
30.918044,29.266826,2.611924e+00,0.0914,tile_30.8740_29.2470,moisture_differential
30.921267999999998,29.266826,2.608435e+00,0.0905,tile_30.8740_29.2470,moisture_differential
30.92522,29.266826,2.278990e+00,0.0102,tile_30.8740_29.2470,moisture_differential
30.925324,29.266826,2.909707e+00,0.1640,tile_30.8740_29.2470,moisture_differential
30.925635999999997,29.266826,2.330674e+00,0.0228,tile_30.8740_29.2470,moisture_differential
30.87894,29.266734,2.573313e+00,0.0820,tile_30.8740_29.2470,moisture_differential
30.879044,29.266734,2.808562e+00,0.1393,tile_30.8740_29.2470,moisture_differential
30.880812,29.266734,2.449387e+00,0.0517,tile_30.8740_29.2470,moisture_differential
30.884556,29.266734,3.902285e+00,0.4062,tile_30.8740_29.2470,moisture_differential
30.88466,29.266734,5.077357e+00,0.6928,tile_30.8740_29.2470,moisture_differential
30.884763999999997,29.266734,4.693641e+00,0.5992,tile_30.8740_29.2470,moisture_differential
30.884867999999997,29.266734,3.695363e+00,0.3557,tile_30.8740_29.2470,moisture_differential
30.884971999999998,29.266734,2.586126e+00,0.0851,tile_30.8740_29.2470,moisture_differential
30.895059999999997,29.266734,2.294704e+00,0.0140,tile_30.8740_29.2470,moisture_differential
30.896932,29.266734,2.355540e+00,0.0288,tile_30.8740_29.2470,moisture_differential
30.897451999999998,29.266734,2.293572e+00,0.0137,tile_30.8740_29.2470,moisture_differential
30.898284,29.266734,2.297094e+00,0.0146,tile_30.8740_29.2470,moisture_differential
30.917627999999997,29.266734,2.807264e+00,0.1390,tile_30.8740_29.2470,moisture_differential
30.917731999999997,29.266734,2.443715e+00,0.0503,tile_30.8740_29.2470,moisture_differential
30.925116,29.266734,2.358614e+00,0.0296,tile_30.8740_29.2470,moisture_differential
30.87894,29.266642,2.396816e+00,0.0389,tile_30.8740_29.2470,moisture_differential
30.880812,29.266642,2.482568e+00,0.0598,tile_30.8740_29.2470,moisture_differential
30.884556,29.266642,2.261925e+00,0.0060,tile_30.8740_29.2470,moisture_differential
30.88466,29.266642,3.438404e+00,0.2930,tile_30.8740_29.2470,moisture_differential
30.884763999999997,29.266642,3.219692e+00,0.2396,tile_30.8740_29.2470,moisture_differential
30.887259999999998,29.266642,2.453349e+00,0.0527,tile_30.8740_29.2470,moisture_differential
30.897036,29.266642,2.444982e+00,0.0507,tile_30.8740_29.2470,moisture_differential
30.899012,29.266642,2.506210e+00,0.0656,tile_30.8740_29.2470,moisture_differential
30.907124,29.266642,2.628265e+00,0.0954,tile_30.8740_29.2470,moisture_differential
30.907228,29.266642,2.249473e+00,0.0030,tile_30.8740_29.2470,moisture_differential
30.91846,29.266642,2.445997e+00,0.0509,tile_30.8740_29.2470,moisture_differential
30.920227999999998,29.266642,2.412890e+00,0.0428,tile_30.8740_29.2470,moisture_differential
30.920332,29.266642,2.305330e+00,0.0166,tile_30.8740_29.2470,moisture_differential
30.92418,29.266642,2.469226e+00,0.0566,tile_30.8740_29.2470,moisture_differential
30.924595999999998,29.266642,2.804563e+00,0.1384,tile_30.8740_29.2470,moisture_differential
30.876444,29.26655,2.327598e+00,0.0220,tile_30.8740_29.2470,moisture_differential
30.884244,29.26655,2.290381e+00,0.0129,tile_30.8740_29.2470,moisture_differential
30.898284,29.26655,2.265029e+00,0.0068,tile_30.8740_29.2470,moisture_differential
30.907124,29.26655,2.382839e+00,0.0355,tile_30.8740_29.2470,moisture_differential
30.920227999999998,29.26655,2.342060e+00,0.0255,tile_30.8740_29.2470,moisture_differential
30.920332,29.26655,2.420804e+00,0.0448,tile_30.8740_29.2470,moisture_differential
30.922411999999998,29.26655,2.370268e+00,0.0324,tile_30.8740_29.2470,moisture_differential
30.922828,29.26655,2.679545e+00,0.1079,tile_30.8740_29.2470,moisture_differential
30.923036,29.26655,2.706677e+00,0.1145,tile_30.8740_29.2470,moisture_differential
30.92314,29.26655,2.613041e+00,0.0917,tile_30.8740_29.2470,moisture_differential
30.924595999999998,29.26655,2.304288e+00,0.0163,tile_30.8740_29.2470,moisture_differential
30.924803999999998,29.26655,2.259571e+00,0.0054,tile_30.8740_29.2470,moisture_differential
30.882164,29.266458,2.365909e+00,0.0314,tile_30.8740_29.2470,moisture_differential
30.898284,29.266458,2.316289e+00,0.0193,tile_30.8740_29.2470,moisture_differential
30.899116,29.266458,2.338673e+00,0.0247,tile_30.8740_29.2470,moisture_differential
30.89922,29.266458,2.422156e+00,0.0451,tile_30.8740_29.2470,moisture_differential
30.91846,29.266458,2.379045e+00,0.0346,tile_30.8740_29.2470,moisture_differential
30.918564,29.266458,2.588038e+00,0.0856,tile_30.8740_29.2470,moisture_differential
30.918875999999997,29.266458,2.762204e+00,0.1280,tile_30.8740_29.2470,moisture_differential
30.923243999999997,29.266458,2.381157e+00,0.0351,tile_30.8740_29.2470,moisture_differential
30.923764,29.266458,2.248555e+00,0.0027,tile_30.8740_29.2470,moisture_differential
30.924595999999998,29.266458,2.239193e+00,0.0005,tile_30.8740_29.2470,moisture_differential
30.924699999999998,29.266458,2.565058e+00,0.0799,tile_30.8740_29.2470,moisture_differential
30.925947999999998,29.266458,2.240792e+00,0.0008,tile_30.8740_29.2470,moisture_differential
30.88206,29.266365999999998,2.321582e+00,0.0206,tile_30.8740_29.2470,moisture_differential
30.899116,29.266365999999998,2.429377e+00,0.0468,tile_30.8740_29.2470,moisture_differential
30.89922,29.266365999999998,2.313673e+00,0.0186,tile_30.8740_29.2470,moisture_differential
30.907332,29.266365999999998,2.445753e+00,0.0508,tile_30.8740_29.2470,moisture_differential
30.907435999999997,29.266365999999998,2.366476e+00,0.0315,tile_30.8740_29.2470,moisture_differential
30.918252,29.266365999999998,2.382843e+00,0.0355,tile_30.8740_29.2470,moisture_differential
30.918356,29.266365999999998,2.675884e+00,0.1070,tile_30.8740_29.2470,moisture_differential
30.91846,29.266365999999998,2.492566e+00,0.0623,tile_30.8740_29.2470,moisture_differential
30.918564,29.266365999999998,2.461016e+00,0.0546,tile_30.8740_29.2470,moisture_differential
30.918979999999998,29.266365999999998,2.339797e+00,0.0250,tile_30.8740_29.2470,moisture_differential
30.92054,29.266365999999998,2.528520e+00,0.0710,tile_30.8740_29.2470,moisture_differential
30.921996,29.266365999999998,2.513723e+00,0.0674,tile_30.8740_29.2470,moisture_differential
30.92262,29.266365999999998,2.299599e+00,0.0152,tile_30.8740_29.2470,moisture_differential
30.925116,29.266365999999998,2.453044e+00,0.0526,tile_30.8740_29.2470,moisture_differential
30.879564,29.266274,2.314375e+00,0.0188,tile_30.8740_29.2470,moisture_differential
30.885907999999997,29.266274,2.306219e+00,0.0168,tile_30.8740_29.2470,moisture_differential
30.906084,29.266274,2.297556e+00,0.0147,tile_30.8740_29.2470,moisture_differential
30.909204,29.266274,2.725196e+00,0.1190,tile_30.8740_29.2470,moisture_differential
30.909308,29.266274,2.378283e+00,0.0344,tile_30.8740_29.2470,moisture_differential
30.918356,29.266274,3.102955e+00,0.2112,tile_30.8740_29.2470,moisture_differential
30.91846,29.266274,2.378140e+00,0.0343,tile_30.8740_29.2470,moisture_differential
30.918564,29.266274,2.417492e+00,0.0439,tile_30.8740_29.2470,moisture_differential
30.920019999999997,29.266274,2.378951e+00,0.0345,tile_30.8740_29.2470,moisture_differential
30.922203999999997,29.266274,2.989141e+00,0.1834,tile_30.8740_29.2470,moisture_differential
30.922411999999998,29.266274,2.379272e+00,0.0346,tile_30.8740_29.2470,moisture_differential
30.924491999999997,29.266274,2.293508e+00,0.0137,tile_30.8740_29.2470,moisture_differential
30.881747999999998,29.266182,2.267176e+00,0.0073,tile_30.8740_29.2470,moisture_differential
30.882579999999997,29.266182,2.486851e+00,0.0609,tile_30.8740_29.2470,moisture_differential
30.889028,29.266182,2.403634e+00,0.0406,tile_30.8740_29.2470,moisture_differential
30.88986,29.266182,2.482620e+00,0.0598,tile_30.8740_29.2470,moisture_differential
30.914716,29.266182,2.333439e+00,0.0234,tile_30.8740_29.2470,moisture_differential
30.91482,29.266182,2.503547e+00,0.0649,tile_30.8740_29.2470,moisture_differential
30.918252,29.266182,2.569086e+00,0.0809,tile_30.8740_29.2470,moisture_differential
30.918356,29.266182,2.459574e+00,0.0542,tile_30.8740_29.2470,moisture_differential
30.918564,29.266182,2.647754e+00,0.1001,tile_30.8740_29.2470,moisture_differential
30.92054,29.266182,2.249439e+00,0.0030,tile_30.8740_29.2470,moisture_differential
30.922203999999997,29.266182,2.775264e+00,0.1312,tile_30.8740_29.2470,moisture_differential
30.922307999999997,29.266182,2.371204e+00,0.0327,tile_30.8740_29.2470,moisture_differential
30.922411999999998,29.266182,2.328617e+00,0.0223,tile_30.8740_29.2470,moisture_differential
30.92262,29.266182,2.271272e+00,0.0083,tile_30.8740_29.2470,moisture_differential
30.923764,29.266182,2.391377e+00,0.0376,tile_30.8740_29.2470,moisture_differential
30.923868,29.266182,2.267083e+00,0.0073,tile_30.8740_29.2470,moisture_differential
30.923972,29.266182,2.619627e+00,0.0933,tile_30.8740_29.2470,moisture_differential
30.924908,29.266182,2.241508e+00,0.0010,tile_30.8740_29.2470,moisture_differential
30.925428,29.266182,2.316202e+00,0.0192,tile_30.8740_29.2470,moisture_differential
30.875923999999998,29.26609,2.283656e+00,0.0113,tile_30.8740_29.2470,moisture_differential
30.88986,29.26609,2.352278e+00,0.0280,tile_30.8740_29.2470,moisture_differential
30.896099999999997,29.26609,2.826128e+00,0.1436,tile_30.8740_29.2470,moisture_differential
30.896203999999997,29.26609,2.745194e+00,0.1239,tile_30.8740_29.2470,moisture_differential
30.89922,29.26609,2.348577e+00,0.0271,tile_30.8740_29.2470,moisture_differential
30.918356,29.26609,2.377494e+00,0.0342,tile_30.8740_29.2470,moisture_differential
30.919292,29.26609,2.748208e+00,0.1246,tile_30.8740_29.2470,moisture_differential
30.92314,29.26609,2.644457e+00,0.0993,tile_30.8740_29.2470,moisture_differential
30.923243999999997,29.26609,2.279900e+00,0.0104,tile_30.8740_29.2470,moisture_differential
30.923868,29.26609,2.449031e+00,0.0516,tile_30.8740_29.2470,moisture_differential
30.924595999999998,29.26609,2.567400e+00,0.0805,tile_30.8740_29.2470,moisture_differential
30.924699999999998,29.26609,2.337837e+00,0.0245,tile_30.8740_29.2470,moisture_differential
30.889756,29.265998,2.357945e+00,0.0294,tile_30.8740_29.2470,moisture_differential
30.88986,29.265998,2.594596e+00,0.0872,tile_30.8740_29.2470,moisture_differential
30.896203999999997,29.265998,2.789097e+00,0.1346,tile_30.8740_29.2470,moisture_differential
30.896932,29.265998,2.251369e+00,0.0034,tile_30.8740_29.2470,moisture_differential
30.897243999999997,29.265998,2.531267e+00,0.0717,tile_30.8740_29.2470,moisture_differential
30.917835999999998,29.265998,2.406586e+00,0.0413,tile_30.8740_29.2470,moisture_differential
30.917939999999998,29.265998,2.249780e+00,0.0030,tile_30.8740_29.2470,moisture_differential
30.918148,29.265998,2.382203e+00,0.0353,tile_30.8740_29.2470,moisture_differential
30.918771999999997,29.265998,2.735561e+00,0.1215,tile_30.8740_29.2470,moisture_differential
30.918875999999997,29.265998,2.399633e+00,0.0396,tile_30.8740_29.2470,moisture_differential
30.919188,29.265998,2.309661e+00,0.0176,tile_30.8740_29.2470,moisture_differential
30.919708,29.265998,2.299205e+00,0.0151,tile_30.8740_29.2470,moisture_differential
30.922099999999997,29.265998,2.692014e+00,0.1109,tile_30.8740_29.2470,moisture_differential
30.92262,29.265998,2.366833e+00,0.0316,tile_30.8740_29.2470,moisture_differential
30.922932,29.265998,2.517483e+00,0.0683,tile_30.8740_29.2470,moisture_differential
30.923347999999997,29.265998,2.266500e+00,0.0071,tile_30.8740_29.2470,moisture_differential
30.923868,29.265998,2.268839e+00,0.0077,tile_30.8740_29.2470,moisture_differential
30.924491999999997,29.265998,2.252121e+00,0.0036,tile_30.8740_29.2470,moisture_differential
30.924595999999998,29.265998,2.266508e+00,0.0071,tile_30.8740_29.2470,moisture_differential
30.924699999999998,29.265998,2.349767e+00,0.0274,tile_30.8740_29.2470,moisture_differential
30.892252,29.265906,2.263696e+00,0.0064,tile_30.8740_29.2470,moisture_differential
30.89662,29.265906,2.341164e+00,0.0253,tile_30.8740_29.2470,moisture_differential
30.896932,29.265906,2.275246e+00,0.0092,tile_30.8740_29.2470,moisture_differential
30.897036,29.265906,2.270197e+00,0.0080,tile_30.8740_29.2470,moisture_differential
30.899428,29.265906,2.294602e+00,0.0140,tile_30.8740_29.2470,moisture_differential
30.899531999999997,29.265906,2.253255e+00,0.0039,tile_30.8740_29.2470,moisture_differential
30.899635999999997,29.265906,2.272881e+00,0.0087,tile_30.8740_29.2470,moisture_differential
30.906499999999998,29.265906,2.299180e+00,0.0151,tile_30.8740_29.2470,moisture_differential
30.906708,29.265906,2.480077e+00,0.0592,tile_30.8740_29.2470,moisture_differential
30.906812,29.265906,2.703397e+00,0.1137,tile_30.8740_29.2470,moisture_differential
30.917835999999998,29.265906,2.739252e+00,0.1224,tile_30.8740_29.2470,moisture_differential
30.917939999999998,29.265906,2.304602e+00,0.0164,tile_30.8740_29.2470,moisture_differential
30.918771999999997,29.265906,2.293138e+00,0.0136,tile_30.8740_29.2470,moisture_differential
30.918875999999997,29.265906,2.455462e+00,0.0532,tile_30.8740_29.2470,moisture_differential
30.922932,29.265906,2.570283e+00,0.0812,tile_30.8740_29.2470,moisture_differential
30.923036,29.265906,3.276788e+00,0.2536,tile_30.8740_29.2470,moisture_differential
30.923347999999997,29.265906,2.459785e+00,0.0543,tile_30.8740_29.2470,moisture_differential
30.924491999999997,29.265906,2.292125e+00,0.0134,tile_30.8740_29.2470,moisture_differential
30.924595999999998,29.265906,2.662452e+00,0.1037,tile_30.8740_29.2470,moisture_differential
30.924699999999998,29.265906,2.753196e+00,0.1258,tile_30.8740_29.2470,moisture_differential
30.886115999999998,29.265814,2.412879e+00,0.0428,tile_30.8740_29.2470,moisture_differential
30.896307999999998,29.265814,2.531599e+00,0.0718,tile_30.8740_29.2470,moisture_differential
30.897036,29.265814,2.273581e+00,0.0088,tile_30.8740_29.2470,moisture_differential
30.898387999999997,29.265814,2.358657e+00,0.0296,tile_30.8740_29.2470,moisture_differential
30.89922,29.265814,2.277205e+00,0.0097,tile_30.8740_29.2470,moisture_differential
30.899324,29.265814,2.520640e+00,0.0691,tile_30.8740_29.2470,moisture_differential
30.906084,29.265814,2.423432e+00,0.0454,tile_30.8740_29.2470,moisture_differential
30.906188,29.265814,2.816782e+00,0.1414,tile_30.8740_29.2470,moisture_differential
30.906499999999998,29.265814,2.680566e+00,0.1081,tile_30.8740_29.2470,moisture_differential
30.906603999999998,29.265814,2.722005e+00,0.1182,tile_30.8740_29.2470,moisture_differential
30.906708,29.265814,3.133217e+00,0.2185,tile_30.8740_29.2470,moisture_differential
30.906812,29.265814,2.845402e+00,0.1483,tile_30.8740_29.2470,moisture_differential
30.906916,29.265814,2.315765e+00,0.0191,tile_30.8740_29.2470,moisture_differential
30.90702,29.265814,2.387274e+00,0.0366,tile_30.8740_29.2470,moisture_differential
30.907435999999997,29.265814,2.283582e+00,0.0113,tile_30.8740_29.2470,moisture_differential
30.917627999999997,29.265814,2.593612e+00,0.0869,tile_30.8740_29.2470,moisture_differential
30.919396,29.265814,2.561186e+00,0.0790,tile_30.8740_29.2470,moisture_differential
30.9195,29.265814,2.305707e+00,0.0167,tile_30.8740_29.2470,moisture_differential
30.919604,29.265814,2.516416e+00,0.0681,tile_30.8740_29.2470,moisture_differential
30.921892,29.265814,2.406472e+00,0.0413,tile_30.8740_29.2470,moisture_differential
30.922099999999997,29.265814,2.290398e+00,0.0129,tile_30.8740_29.2470,moisture_differential
30.922515999999998,29.265814,2.328299e+00,0.0222,tile_30.8740_29.2470,moisture_differential
30.922932,29.265814,2.667717e+00,0.1050,tile_30.8740_29.2470,moisture_differential
30.923036,29.265814,2.779688e+00,0.1323,tile_30.8740_29.2470,moisture_differential
30.92314,29.265814,2.392967e+00,0.0380,tile_30.8740_29.2470,moisture_differential
30.923243999999997,29.265814,2.406716e+00,0.0413,tile_30.8740_29.2470,moisture_differential
30.924387999999997,29.265814,2.248411e+00,0.0027,tile_30.8740_29.2470,moisture_differential
30.924491999999997,29.265814,2.602592e+00,0.0891,tile_30.8740_29.2470,moisture_differential
30.924595999999998,29.265814,2.905543e+00,0.1630,tile_30.8740_29.2470,moisture_differential
30.888612,29.265722,2.385808e+00,0.0362,tile_30.8740_29.2470,moisture_differential
30.89714,29.265722,2.292626e+00,0.0135,tile_30.8740_29.2470,moisture_differential
30.898076,29.265722,2.259773e+00,0.0055,tile_30.8740_29.2470,moisture_differential
30.899324,29.265722,2.288950e+00,0.0126,tile_30.8740_29.2470,moisture_differential
30.906188,29.265722,2.568367e+00,0.0808,tile_30.8740_29.2470,moisture_differential
30.906291999999997,29.265722,3.420559e+00,0.2886,tile_30.8740_29.2470,moisture_differential
30.906395999999997,29.265722,2.485863e+00,0.0606,tile_30.8740_29.2470,moisture_differential
30.906499999999998,29.265722,3.368629e+00,0.2760,tile_30.8740_29.2470,moisture_differential
30.906603999999998,29.265722,3.108982e+00,0.2126,tile_30.8740_29.2470,moisture_differential
30.906708,29.265722,2.750991e+00,0.1253,tile_30.8740_29.2470,moisture_differential
30.906812,29.265722,2.812917e+00,0.1404,tile_30.8740_29.2470,moisture_differential
30.906916,29.265722,2.345817e+00,0.0265,tile_30.8740_29.2470,moisture_differential
30.90702,29.265722,2.326848e+00,0.0218,tile_30.8740_29.2470,moisture_differential
30.907956,29.265722,2.307390e+00,0.0171,tile_30.8740_29.2470,moisture_differential
30.917835999999998,29.265722,2.453380e+00,0.0527,tile_30.8740_29.2470,moisture_differential
30.919396,29.265722,2.555560e+00,0.0776,tile_30.8740_29.2470,moisture_differential
30.9195,29.265722,2.652174e+00,0.1012,tile_30.8740_29.2470,moisture_differential
30.919604,29.265722,2.275214e+00,0.0092,tile_30.8740_29.2470,moisture_differential
30.919708,29.265722,2.293722e+00,0.0138,tile_30.8740_29.2470,moisture_differential
30.921892,29.265722,2.329919e+00,0.0226,tile_30.8740_29.2470,moisture_differential
30.92262,29.265722,2.249599e+00,0.0030,tile_30.8740_29.2470,moisture_differential
30.922724,29.265722,2.713044e+00,0.1160,tile_30.8740_29.2470,moisture_differential
30.922828,29.265722,2.841498e+00,0.1474,tile_30.8740_29.2470,moisture_differential
30.922932,29.265722,2.478964e+00,0.0589,tile_30.8740_29.2470,moisture_differential
30.923036,29.265722,2.795028e+00,0.1360,tile_30.8740_29.2470,moisture_differential
30.92314,29.265722,2.571452e+00,0.0815,tile_30.8740_29.2470,moisture_differential
30.923243999999997,29.265722,2.470777e+00,0.0569,tile_30.8740_29.2470,moisture_differential
30.923347999999997,29.265722,2.381732e+00,0.0352,tile_30.8740_29.2470,moisture_differential
30.924491999999997,29.265722,2.424685e+00,0.0457,tile_30.8740_29.2470,moisture_differential
30.925843999999998,29.265722,2.323991e+00,0.0211,tile_30.8740_29.2470,moisture_differential
30.8831,29.265629999999998,2.422958e+00,0.0453,tile_30.8740_29.2470,moisture_differential
30.896099999999997,29.265629999999998,2.500060e+00,0.0641,tile_30.8740_29.2470,moisture_differential
30.896203999999997,29.265629999999998,2.257883e+00,0.0050,tile_30.8740_29.2470,moisture_differential
30.897243999999997,29.265629999999998,2.387711e+00,0.0367,tile_30.8740_29.2470,moisture_differential
30.897347999999997,29.265629999999998,2.279730e+00,0.0103,tile_30.8740_29.2470,moisture_differential
30.897972,29.265629999999998,2.951991e+00,0.1743,tile_30.8740_29.2470,moisture_differential
30.900364,29.265629999999998,2.339244e+00,0.0249,tile_30.8740_29.2470,moisture_differential
30.905668,29.265629999999998,2.462546e+00,0.0549,tile_30.8740_29.2470,moisture_differential
30.906084,29.265629999999998,2.354482e+00,0.0286,tile_30.8740_29.2470,moisture_differential
30.906188,29.265629999999998,2.789159e+00,0.1346,tile_30.8740_29.2470,moisture_differential
30.906291999999997,29.265629999999998,2.704321e+00,0.1139,tile_30.8740_29.2470,moisture_differential
30.906395999999997,29.265629999999998,2.380113e+00,0.0348,tile_30.8740_29.2470,moisture_differential
30.906499999999998,29.265629999999998,3.295181e+00,0.2581,tile_30.8740_29.2470,moisture_differential
30.906603999999998,29.265629999999998,3.334635e+00,0.2677,tile_30.8740_29.2470,moisture_differential
30.906708,29.265629999999998,2.512622e+00,0.0672,tile_30.8740_29.2470,moisture_differential
30.90806,29.265629999999998,2.523847e+00,0.0699,tile_30.8740_29.2470,moisture_differential
30.918044,29.265629999999998,2.361694e+00,0.0303,tile_30.8740_29.2470,moisture_differential
30.919915999999997,29.265629999999998,2.312258e+00,0.0183,tile_30.8740_29.2470,moisture_differential
30.920332,29.265629999999998,2.304442e+00,0.0164,tile_30.8740_29.2470,moisture_differential
30.922203999999997,29.265629999999998,2.357446e+00,0.0293,tile_30.8740_29.2470,moisture_differential
30.922724,29.265629999999998,2.860273e+00,0.1520,tile_30.8740_29.2470,moisture_differential
30.922828,29.265629999999998,2.689904e+00,0.1104,tile_30.8740_29.2470,moisture_differential
30.922932,29.265629999999998,2.393142e+00,0.0380,tile_30.8740_29.2470,moisture_differential
30.923036,29.265629999999998,2.666644e+00,0.1047,tile_30.8740_29.2470,moisture_differential
30.92314,29.265629999999998,2.261896e+00,0.0060,tile_30.8740_29.2470,moisture_differential
30.924699999999998,29.265629999999998,2.252674e+00,0.0037,tile_30.8740_29.2470,moisture_differential
30.924803999999998,29.265629999999998,2.541054e+00,0.0741,tile_30.8740_29.2470,moisture_differential
30.92522,29.265629999999998,2.640876e+00,0.0984,tile_30.8740_29.2470,moisture_differential
30.925947999999998,29.265629999999998,2.369331e+00,0.0322,tile_30.8740_29.2470,moisture_differential
30.896203999999997,29.265538,2.685392e+00,0.1093,tile_30.8740_29.2470,moisture_differential
30.897243999999997,29.265538,2.286787e+00,0.0121,tile_30.8740_29.2470,moisture_differential
30.897972,29.265538,2.592615e+00,0.0867,tile_30.8740_29.2470,moisture_differential
30.899116,29.265538,2.284489e+00,0.0115,tile_30.8740_29.2470,moisture_differential
30.899739999999998,29.265538,2.386855e+00,0.0365,tile_30.8740_29.2470,moisture_differential
30.905564,29.265538,2.242124e+00,0.0012,tile_30.8740_29.2470,moisture_differential
30.905668,29.265538,2.620699e+00,0.0935,tile_30.8740_29.2470,moisture_differential
30.90598,29.265538,2.781089e+00,0.1326,tile_30.8740_29.2470,moisture_differential
30.906084,29.265538,2.702518e+00,0.1135,tile_30.8740_29.2470,moisture_differential
30.906291999999997,29.265538,2.373588e+00,0.0332,tile_30.8740_29.2470,moisture_differential
30.906395999999997,29.265538,3.171772e+00,0.2280,tile_30.8740_29.2470,moisture_differential
30.906499999999998,29.265538,3.762027e+00,0.3719,tile_30.8740_29.2470,moisture_differential
30.906603999999998,29.265538,3.906194e+00,0.4071,tile_30.8740_29.2470,moisture_differential
30.90806,29.265538,2.525054e+00,0.0702,tile_30.8740_29.2470,moisture_differential
30.908164,29.265538,2.602030e+00,0.0890,tile_30.8740_29.2470,moisture_differential
30.908268,29.265538,2.543950e+00,0.0748,tile_30.8740_29.2470,moisture_differential
30.915132,29.265538,2.364544e+00,0.0310,tile_30.8740_29.2470,moisture_differential
30.915236,29.265538,2.381570e+00,0.0352,tile_30.8740_29.2470,moisture_differential
30.91742,29.265538,2.266896e+00,0.0072,tile_30.8740_29.2470,moisture_differential
30.917523999999997,29.265538,2.463789e+00,0.0552,tile_30.8740_29.2470,moisture_differential
30.918667999999997,29.265538,2.546437e+00,0.0754,tile_30.8740_29.2470,moisture_differential
30.922203999999997,29.265538,2.552110e+00,0.0768,tile_30.8740_29.2470,moisture_differential
30.922411999999998,29.265538,2.331282e+00,0.0229,tile_30.8740_29.2470,moisture_differential
30.922932,29.265538,2.677607e+00,0.1074,tile_30.8740_29.2470,moisture_differential
30.923036,29.265538,2.525301e+00,0.0702,tile_30.8740_29.2470,moisture_differential
30.923555999999998,29.265538,2.388293e+00,0.0368,tile_30.8740_29.2470,moisture_differential
30.923659999999998,29.265538,2.352827e+00,0.0282,tile_30.8740_29.2470,moisture_differential
30.924595999999998,29.265538,2.322783e+00,0.0208,tile_30.8740_29.2470,moisture_differential
30.924699999999998,29.265538,2.682449e+00,0.1086,tile_30.8740_29.2470,moisture_differential
30.924803999999998,29.265538,2.816143e+00,0.1412,tile_30.8740_29.2470,moisture_differential
30.925428,29.265538,2.391040e+00,0.0375,tile_30.8740_29.2470,moisture_differential
30.925531999999997,29.265538,2.436949e+00,0.0487,tile_30.8740_29.2470,moisture_differential
30.896203999999997,29.265446,2.464346e+00,0.0554,tile_30.8740_29.2470,moisture_differential
30.897972,29.265446,2.275985e+00,0.0094,tile_30.8740_29.2470,moisture_differential
30.899012,29.265446,2.668836e+00,0.1053,tile_30.8740_29.2470,moisture_differential
30.899116,29.265446,2.313966e+00,0.0187,tile_30.8740_29.2470,moisture_differential
30.904003999999997,29.265446,2.393946e+00,0.0382,tile_30.8740_29.2470,moisture_differential
30.904107999999997,29.265446,2.272367e+00,0.0085,tile_30.8740_29.2470,moisture_differential
30.905564,29.265446,2.437142e+00,0.0487,tile_30.8740_29.2470,moisture_differential
30.90598,29.265446,3.575740e+00,0.3265,tile_30.8740_29.2470,moisture_differential
30.906084,29.265446,2.769216e+00,0.1297,tile_30.8740_29.2470,moisture_differential
30.906188,29.265446,2.682541e+00,0.1086,tile_30.8740_29.2470,moisture_differential
30.906395999999997,29.265446,2.899403e+00,0.1615,tile_30.8740_29.2470,moisture_differential
30.906499999999998,29.265446,3.254359e+00,0.2481,tile_30.8740_29.2470,moisture_differential
30.906603999999998,29.265446,3.567607e+00,0.3245,tile_30.8740_29.2470,moisture_differential
30.906708,29.265446,2.325246e+00,0.0214,tile_30.8740_29.2470,moisture_differential
30.906916,29.265446,2.516182e+00,0.0680,tile_30.8740_29.2470,moisture_differential
30.915236,29.265446,2.395745e+00,0.0386,tile_30.8740_29.2470,moisture_differential
30.917731999999997,29.265446,2.392006e+00,0.0377,tile_30.8740_29.2470,moisture_differential
30.92054,29.265446,2.282999e+00,0.0111,tile_30.8740_29.2470,moisture_differential
30.920644,29.265446,2.310035e+00,0.0177,tile_30.8740_29.2470,moisture_differential
30.921684,29.265446,2.321007e+00,0.0204,tile_30.8740_29.2470,moisture_differential
30.922099999999997,29.265446,2.493508e+00,0.0625,tile_30.8740_29.2470,moisture_differential
30.922203999999997,29.265446,2.269428e+00,0.0078,tile_30.8740_29.2470,moisture_differential
30.922515999999998,29.265446,2.616334e+00,0.0925,tile_30.8740_29.2470,moisture_differential
30.92262,29.265446,2.299827e+00,0.0152,tile_30.8740_29.2470,moisture_differential
30.92314,29.265446,2.601222e+00,0.0888,tile_30.8740_29.2470,moisture_differential
30.923243999999997,29.265446,2.584607e+00,0.0847,tile_30.8740_29.2470,moisture_differential
30.924387999999997,29.265446,2.270220e+00,0.0080,tile_30.8740_29.2470,moisture_differential
30.924803999999998,29.265446,3.069491e+00,0.2030,tile_30.8740_29.2470,moisture_differential
30.925428,29.265446,2.869382e+00,0.1542,tile_30.8740_29.2470,moisture_differential
30.925739999999998,29.265446,2.421561e+00,0.0449,tile_30.8740_29.2470,moisture_differential
30.876652,29.265354,2.370980e+00,0.0326,tile_30.8740_29.2470,moisture_differential
30.894436,29.265354,2.476900e+00,0.0584,tile_30.8740_29.2470,moisture_differential
30.896099999999997,29.265354,2.509737e+00,0.0665,tile_30.8740_29.2470,moisture_differential
30.896203999999997,29.265354,2.540900e+00,0.0741,tile_30.8740_29.2470,moisture_differential
30.89714,29.265354,2.429572e+00,0.0469,tile_30.8740_29.2470,moisture_differential
30.897764,29.265354,2.249129e+00,0.0029,tile_30.8740_29.2470,moisture_differential
30.897868,29.265354,2.611447e+00,0.0913,tile_30.8740_29.2470,moisture_differential
30.897972,29.265354,2.453254e+00,0.0527,tile_30.8740_29.2470,moisture_differential
30.899012,29.265354,2.501808e+00,0.0645,tile_30.8740_29.2470,moisture_differential
30.899531999999997,29.265354,2.363608e+00,0.0308,tile_30.8740_29.2470,moisture_differential
30.899635999999997,29.265354,2.676265e+00,0.1071,tile_30.8740_29.2470,moisture_differential
30.9013,29.265354,2.416174e+00,0.0436,tile_30.8740_29.2470,moisture_differential
30.901404,29.265354,2.266832e+00,0.0072,tile_30.8740_29.2470,moisture_differential
30.904003999999997,29.265354,2.623910e+00,0.0943,tile_30.8740_29.2470,moisture_differential
30.904107999999997,29.265354,2.831554e+00,0.1450,tile_30.8740_29.2470,moisture_differential
30.904211999999998,29.265354,2.291860e+00,0.0133,tile_30.8740_29.2470,moisture_differential
30.905668,29.265354,2.928584e+00,0.1686,tile_30.8740_29.2470,moisture_differential
30.905772,29.265354,3.406909e+00,0.2853,tile_30.8740_29.2470,moisture_differential
30.905876,29.265354,3.202868e+00,0.2355,tile_30.8740_29.2470,moisture_differential
30.90598,29.265354,3.776350e+00,0.3754,tile_30.8740_29.2470,moisture_differential
30.906084,29.265354,3.730849e+00,0.3643,tile_30.8740_29.2470,moisture_differential
30.906188,29.265354,2.767849e+00,0.1294,tile_30.8740_29.2470,moisture_differential
30.906499999999998,29.265354,2.411832e+00,0.0426,tile_30.8740_29.2470,moisture_differential
30.906603999999998,29.265354,2.358967e+00,0.0297,tile_30.8740_29.2470,moisture_differential
30.906812,29.265354,2.599523e+00,0.0884,tile_30.8740_29.2470,moisture_differential
30.906916,29.265354,2.447620e+00,0.0513,tile_30.8740_29.2470,moisture_differential
30.907124,29.265354,2.596269e+00,0.0876,tile_30.8740_29.2470,moisture_differential
30.907643999999998,29.265354,2.568788e+00,0.0809,tile_30.8740_29.2470,moisture_differential
30.907747999999998,29.265354,2.865112e+00,0.1531,tile_30.8740_29.2470,moisture_differential
30.907852,29.265354,2.714990e+00,0.1165,tile_30.8740_29.2470,moisture_differential
30.907956,29.265354,2.439588e+00,0.0493,tile_30.8740_29.2470,moisture_differential
30.908372,29.265354,2.257584e+00,0.0049,tile_30.8740_29.2470,moisture_differential
30.917627999999997,29.265354,2.610175e+00,0.0910,tile_30.8740_29.2470,moisture_differential
30.917731999999997,29.265354,2.572667e+00,0.0818,tile_30.8740_29.2470,moisture_differential
30.921788,29.265354,2.597858e+00,0.0879,tile_30.8740_29.2470,moisture_differential
30.922515999999998,29.265354,2.540144e+00,0.0739,tile_30.8740_29.2470,moisture_differential
30.92262,29.265354,2.901065e+00,0.1619,tile_30.8740_29.2470,moisture_differential
30.922724,29.265354,2.260350e+00,0.0056,tile_30.8740_29.2470,moisture_differential
30.923451999999997,29.265354,2.305776e+00,0.0167,tile_30.8740_29.2470,moisture_differential
30.923555999999998,29.265354,2.509353e+00,0.0664,tile_30.8740_29.2470,moisture_differential
30.923659999999998,29.265354,2.370788e+00,0.0326,tile_30.8740_29.2470,moisture_differential
30.924595999999998,29.265354,2.332533e+00,0.0232,tile_30.8740_29.2470,moisture_differential
30.924699999999998,29.265354,2.533348e+00,0.0722,tile_30.8740_29.2470,moisture_differential
30.925324,29.265354,2.484633e+00,0.0603,tile_30.8740_29.2470,moisture_differential
30.925428,29.265354,3.153333e+00,0.2235,tile_30.8740_29.2470,moisture_differential
30.87894,29.265262,2.296618e+00,0.0145,tile_30.8740_29.2470,moisture_differential
30.888612,29.265262,2.264158e+00,0.0065,tile_30.8740_29.2470,moisture_differential
30.891316,29.265262,2.333559e+00,0.0235,tile_30.8740_29.2470,moisture_differential
30.894436,29.265262,2.814866e+00,0.1409,tile_30.8740_29.2470,moisture_differential
30.897036,29.265262,2.521555e+00,0.0693,tile_30.8740_29.2470,moisture_differential
30.89714,29.265262,2.377780e+00,0.0343,tile_30.8740_29.2470,moisture_differential
30.897868,29.265262,2.820965e+00,0.1424,tile_30.8740_29.2470,moisture_differential
30.897972,29.265262,2.777370e+00,0.1317,tile_30.8740_29.2470,moisture_differential
30.899531999999997,29.265262,2.273451e+00,0.0088,tile_30.8740_29.2470,moisture_differential
30.904211999999998,29.265262,2.260356e+00,0.0056,tile_30.8740_29.2470,moisture_differential
30.905668,29.265262,3.007707e+00,0.1879,tile_30.8740_29.2470,moisture_differential
30.905772,29.265262,3.354821e+00,0.2726,tile_30.8740_29.2470,moisture_differential
30.905876,29.265262,3.074158e+00,0.2041,tile_30.8740_29.2470,moisture_differential
30.90598,29.265262,3.376342e+00,0.2779,tile_30.8740_29.2470,moisture_differential
30.906084,29.265262,3.210049e+00,0.2373,tile_30.8740_29.2470,moisture_differential
30.906188,29.265262,2.271704e+00,0.0084,tile_30.8740_29.2470,moisture_differential
30.907643999999998,29.265262,2.516721e+00,0.0682,tile_30.8740_29.2470,moisture_differential
30.907747999999998,29.265262,2.842262e+00,0.1476,tile_30.8740_29.2470,moisture_differential
30.907852,29.265262,2.481201e+00,0.0595,tile_30.8740_29.2470,moisture_differential
30.91742,29.265262,2.311048e+00,0.0180,tile_30.8740_29.2470,moisture_differential
30.917523999999997,29.265262,2.909137e+00,0.1639,tile_30.8740_29.2470,moisture_differential
30.917627999999997,29.265262,2.637454e+00,0.0976,tile_30.8740_29.2470,moisture_differential
30.917731999999997,29.265262,2.762747e+00,0.1282,tile_30.8740_29.2470,moisture_differential
30.920436,29.265262,2.285120e+00,0.0117,tile_30.8740_29.2470,moisture_differential
30.922099999999997,29.265262,2.459160e+00,0.0541,tile_30.8740_29.2470,moisture_differential
30.922411999999998,29.265262,2.290390e+00,0.0129,tile_30.8740_29.2470,moisture_differential
30.922515999999998,29.265262,2.759690e+00,0.1274,tile_30.8740_29.2470,moisture_differential
30.92262,29.265262,3.036027e+00,0.1948,tile_30.8740_29.2470,moisture_differential
30.923036,29.265262,2.504510e+00,0.0652,tile_30.8740_29.2470,moisture_differential
30.92314,29.265262,2.499557e+00,0.0640,tile_30.8740_29.2470,moisture_differential
30.923243999999997,29.265262,2.283337e+00,0.0112,tile_30.8740_29.2470,moisture_differential
30.923347999999997,29.265262,2.287187e+00,0.0122,tile_30.8740_29.2470,moisture_differential
30.923451999999997,29.265262,2.615172e+00,0.0922,tile_30.8740_29.2470,moisture_differential
30.924076,29.265262,2.443431e+00,0.0503,tile_30.8740_29.2470,moisture_differential
30.924387999999997,29.265262,2.427218e+00,0.0463,tile_30.8740_29.2470,moisture_differential
30.924491999999997,29.265262,2.428949e+00,0.0467,tile_30.8740_29.2470,moisture_differential
30.924595999999998,29.265262,2.256945e+00,0.0048,tile_30.8740_29.2470,moisture_differential
30.924699999999998,29.265262,2.367271e+00,0.0317,tile_30.8740_29.2470,moisture_differential
30.925324,29.265262,2.376832e+00,0.0340,tile_30.8740_29.2470,moisture_differential
30.925739999999998,29.265262,2.296360e+00,0.0144,tile_30.8740_29.2470,moisture_differential
30.887259999999998,29.26517,2.288324e+00,0.0124,tile_30.8740_29.2470,moisture_differential
30.888716,29.26517,2.347819e+00,0.0270,tile_30.8740_29.2470,moisture_differential
30.88882,29.26517,2.695451e+00,0.1118,tile_30.8740_29.2470,moisture_differential
30.893708,29.26517,2.341857e+00,0.0255,tile_30.8740_29.2470,moisture_differential
30.897972,29.26517,2.527024e+00,0.0707,tile_30.8740_29.2470,moisture_differential
30.898076,29.26517,2.525818e+00,0.0704,tile_30.8740_29.2470,moisture_differential
30.901819999999997,29.26517,2.268479e+00,0.0076,tile_30.8740_29.2470,moisture_differential
30.905251999999997,29.26517,2.323468e+00,0.0210,tile_30.8740_29.2470,moisture_differential
30.905668,29.26517,2.401127e+00,0.0400,tile_30.8740_29.2470,moisture_differential
30.905772,29.26517,2.899421e+00,0.1615,tile_30.8740_29.2470,moisture_differential
30.905876,29.26517,2.650263e+00,0.1007,tile_30.8740_29.2470,moisture_differential
30.90598,29.26517,2.639852e+00,0.0982,tile_30.8740_29.2470,moisture_differential
30.906084,29.26517,2.744494e+00,0.1237,tile_30.8740_29.2470,moisture_differential
30.90702,29.26517,2.380077e+00,0.0348,tile_30.8740_29.2470,moisture_differential
30.907747999999998,29.26517,2.512655e+00,0.0672,tile_30.8740_29.2470,moisture_differential
30.907852,29.26517,2.631324e+00,0.0961,tile_30.8740_29.2470,moisture_differential
30.909827999999997,29.26517,2.333796e+00,0.0235,tile_30.8740_29.2470,moisture_differential
30.91742,29.26517,2.633624e+00,0.0967,tile_30.8740_29.2470,moisture_differential
30.917523999999997,29.26517,2.288107e+00,0.0124,tile_30.8740_29.2470,moisture_differential
30.917627999999997,29.26517,2.435370e+00,0.0483,tile_30.8740_29.2470,moisture_differential
30.917835999999998,29.26517,2.705277e+00,0.1142,tile_30.8740_29.2470,moisture_differential
30.922099999999997,29.26517,2.394231e+00,0.0383,tile_30.8740_29.2470,moisture_differential
30.922411999999998,29.26517,2.406149e+00,0.0412,tile_30.8740_29.2470,moisture_differential
30.922515999999998,29.26517,2.698884e+00,0.1126,tile_30.8740_29.2470,moisture_differential
30.922828,29.26517,2.324757e+00,0.0213,tile_30.8740_29.2470,moisture_differential
30.922932,29.26517,2.389535e+00,0.0371,tile_30.8740_29.2470,moisture_differential
30.923036,29.26517,2.475891e+00,0.0582,tile_30.8740_29.2470,moisture_differential
30.923451999999997,29.26517,2.291498e+00,0.0132,tile_30.8740_29.2470,moisture_differential
30.924284,29.26517,2.364366e+00,0.0310,tile_30.8740_29.2470,moisture_differential
30.924387999999997,29.26517,2.583299e+00,0.0844,tile_30.8740_29.2470,moisture_differential
30.924491999999997,29.26517,2.630126e+00,0.0958,tile_30.8740_29.2470,moisture_differential
30.925116,29.26517,2.523123e+00,0.0697,tile_30.8740_29.2470,moisture_differential
30.888507999999998,29.265078,2.237505e+00,0.0000,tile_30.8740_29.2470,moisture_differential
30.88882,29.265078,2.249275e+00,0.0029,tile_30.8740_29.2470,moisture_differential
30.890795999999998,29.265078,2.269752e+00,0.0079,tile_30.8740_29.2470,moisture_differential
30.8909,29.265078,2.540233e+00,0.0739,tile_30.8740_29.2470,moisture_differential
30.891523999999997,29.265078,2.442990e+00,0.0502,tile_30.8740_29.2470,moisture_differential
30.893708,29.265078,2.238087e+00,0.0002,tile_30.8740_29.2470,moisture_differential
30.905251999999997,29.265078,2.342942e+00,0.0258,tile_30.8740_29.2470,moisture_differential
30.905772,29.265078,2.722504e+00,0.1184,tile_30.8740_29.2470,moisture_differential
30.905876,29.265078,2.551097e+00,0.0765,tile_30.8740_29.2470,moisture_differential
30.906499999999998,29.265078,2.667017e+00,0.1048,tile_30.8740_29.2470,moisture_differential
30.907435999999997,29.265078,2.362440e+00,0.0305,tile_30.8740_29.2470,moisture_differential
30.907852,29.265078,2.643002e+00,0.0990,tile_30.8740_29.2470,moisture_differential
30.907956,29.265078,2.459638e+00,0.0542,tile_30.8740_29.2470,moisture_differential
30.908787999999998,29.265078,2.458816e+00,0.0540,tile_30.8740_29.2470,moisture_differential
30.922411999999998,29.265078,2.327059e+00,0.0219,tile_30.8740_29.2470,moisture_differential
30.92262,29.265078,2.239826e+00,0.0006,tile_30.8740_29.2470,moisture_differential
30.922724,29.265078,2.624742e+00,0.0945,tile_30.8740_29.2470,moisture_differential
30.922828,29.265078,2.360922e+00,0.0301,tile_30.8740_29.2470,moisture_differential
30.923347999999997,29.265078,2.365479e+00,0.0313,tile_30.8740_29.2470,moisture_differential
30.924284,29.265078,2.394026e+00,0.0382,tile_30.8740_29.2470,moisture_differential
30.924387999999997,29.265078,2.532507e+00,0.0720,tile_30.8740_29.2470,moisture_differential
30.924491999999997,29.265078,2.724539e+00,0.1189,tile_30.8740_29.2470,moisture_differential
30.924595999999998,29.265078,2.763511e+00,0.1284,tile_30.8740_29.2470,moisture_differential
30.924908,29.265078,2.712636e+00,0.1159,tile_30.8740_29.2470,moisture_differential
30.925012,29.265078,2.493933e+00,0.0626,tile_30.8740_29.2470,moisture_differential
30.925635999999997,29.265078,2.268024e+00,0.0075,tile_30.8740_29.2470,moisture_differential
30.876963999999997,29.264986,2.243393e+00,0.0015,tile_30.8740_29.2470,moisture_differential
30.87842,29.264986,2.361246e+00,0.0302,tile_30.8740_29.2470,moisture_differential
30.886219999999998,29.264986,2.347504e+00,0.0269,tile_30.8740_29.2470,moisture_differential
30.894436,29.264986,2.262239e+00,0.0061,tile_30.8740_29.2470,moisture_differential
30.89454,29.264986,2.901533e+00,0.1620,tile_30.8740_29.2470,moisture_differential
30.894644,29.264986,2.597296e+00,0.0878,tile_30.8740_29.2470,moisture_differential
30.899324,29.264986,2.376962e+00,0.0341,tile_30.8740_29.2470,moisture_differential
30.899428,29.264986,2.578891e+00,0.0833,tile_30.8740_29.2470,moisture_differential
30.899531999999997,29.264986,2.341594e+00,0.0254,tile_30.8740_29.2470,moisture_differential
30.899635999999997,29.264986,2.359189e+00,0.0297,tile_30.8740_29.2470,moisture_differential
30.905772,29.264986,2.538439e+00,0.0735,tile_30.8740_29.2470,moisture_differential
30.905876,29.264986,2.396301e+00,0.0388,tile_30.8740_29.2470,moisture_differential
30.906188,29.264986,2.294040e+00,0.0138,tile_30.8740_29.2470,moisture_differential
30.906395999999997,29.264986,2.319127e+00,0.0200,tile_30.8740_29.2470,moisture_differential
30.906499999999998,29.264986,2.279392e+00,0.0103,tile_30.8740_29.2470,moisture_differential
30.906603999999998,29.264986,2.364451e+00,0.0310,tile_30.8740_29.2470,moisture_differential
30.906708,29.264986,2.848699e+00,0.1491,tile_30.8740_29.2470,moisture_differential
30.907747999999998,29.264986,2.564179e+00,0.0797,tile_30.8740_29.2470,moisture_differential
30.907852,29.264986,2.531374e+00,0.0717,tile_30.8740_29.2470,moisture_differential
30.907956,29.264986,2.452817e+00,0.0526,tile_30.8740_29.2470,moisture_differential
30.908787999999998,29.264986,2.392645e+00,0.0379,tile_30.8740_29.2470,moisture_differential
30.91274,29.264986,2.434503e+00,0.0481,tile_30.8740_29.2470,moisture_differential
30.918564,29.264986,2.670037e+00,0.1056,tile_30.8740_29.2470,moisture_differential
30.918979999999998,29.264986,2.338081e+00,0.0246,tile_30.8740_29.2470,moisture_differential
30.922724,29.264986,2.397643e+00,0.0391,tile_30.8740_29.2470,moisture_differential
30.922828,29.264986,2.267358e+00,0.0073,tile_30.8740_29.2470,moisture_differential
30.924284,29.264986,2.456359e+00,0.0534,tile_30.8740_29.2470,moisture_differential
30.924595999999998,29.264986,2.653806e+00,0.1016,tile_30.8740_29.2470,moisture_differential
30.924803999999998,29.264986,2.282513e+00,0.0110,tile_30.8740_29.2470,moisture_differential
30.924908,29.264986,2.443800e+00,0.0504,tile_30.8740_29.2470,moisture_differential
30.925012,29.264986,2.418849e+00,0.0443,tile_30.8740_29.2470,moisture_differential
30.876963999999997,29.264893999999998,2.298367e+00,0.0149,tile_30.8740_29.2470,moisture_differential
30.882683999999998,29.264893999999998,2.257674e+00,0.0050,tile_30.8740_29.2470,moisture_differential
30.886219999999998,29.264893999999998,2.364644e+00,0.0311,tile_30.8740_29.2470,moisture_differential
30.886324,29.264893999999998,2.338286e+00,0.0246,tile_30.8740_29.2470,moisture_differential
30.894436,29.264893999999998,2.317580e+00,0.0196,tile_30.8740_29.2470,moisture_differential
30.89454,29.264893999999998,2.850879e+00,0.1497,tile_30.8740_29.2470,moisture_differential
30.894644,29.264893999999998,2.657777e+00,0.1026,tile_30.8740_29.2470,moisture_differential
30.894748,29.264893999999998,2.313807e+00,0.0187,tile_30.8740_29.2470,moisture_differential
30.906084,29.264893999999998,2.257627e+00,0.0049,tile_30.8740_29.2470,moisture_differential
30.906188,29.264893999999998,2.486063e+00,0.0607,tile_30.8740_29.2470,moisture_differential
30.906708,29.264893999999998,2.258290e+00,0.0051,tile_30.8740_29.2470,moisture_differential
30.907124,29.264893999999998,2.312347e+00,0.0183,tile_30.8740_29.2470,moisture_differential
30.907956,29.264893999999998,2.371599e+00,0.0328,tile_30.8740_29.2470,moisture_differential
30.91846,29.264893999999998,2.458626e+00,0.0540,tile_30.8740_29.2470,moisture_differential
30.918564,29.264893999999998,2.255249e+00,0.0044,tile_30.8740_29.2470,moisture_differential
30.919083999999998,29.264893999999998,2.358665e+00,0.0296,tile_30.8740_29.2470,moisture_differential
30.921996,29.264893999999998,2.746232e+00,0.1241,tile_30.8740_29.2470,moisture_differential
30.922099999999997,29.264893999999998,2.341889e+00,0.0255,tile_30.8740_29.2470,moisture_differential
30.922411999999998,29.264893999999998,2.658466e+00,0.1027,tile_30.8740_29.2470,moisture_differential
30.92314,29.264893999999998,2.592979e+00,0.0868,tile_30.8740_29.2470,moisture_differential
30.923972,29.264893999999998,2.287899e+00,0.0123,tile_30.8740_29.2470,moisture_differential
30.924908,29.264893999999998,2.315093e+00,0.0190,tile_30.8740_29.2470,moisture_differential
30.925012,29.264893999999998,2.262386e+00,0.0061,tile_30.8740_29.2470,moisture_differential
30.925635999999997,29.264893999999998,2.306410e+00,0.0169,tile_30.8740_29.2470,moisture_differential
30.878524,29.264802,2.284553e+00,0.0115,tile_30.8740_29.2470,moisture_differential
30.882683999999998,29.264802,2.341422e+00,0.0254,tile_30.8740_29.2470,moisture_differential
30.894019999999998,29.264802,2.485841e+00,0.0606,tile_30.8740_29.2470,moisture_differential
30.906291999999997,29.264802,2.539201e+00,0.0736,tile_30.8740_29.2470,moisture_differential
30.906395999999997,29.264802,2.264647e+00,0.0067,tile_30.8740_29.2470,moisture_differential
30.906499999999998,29.264802,2.758958e+00,0.1272,tile_30.8740_29.2470,moisture_differential
30.917731999999997,29.264802,2.781926e+00,0.1329,tile_30.8740_29.2470,moisture_differential
30.91846,29.264802,2.564322e+00,0.0798,tile_30.8740_29.2470,moisture_differential
30.918564,29.264802,2.370447e+00,0.0325,tile_30.8740_29.2470,moisture_differential
30.919708,29.264802,2.308111e+00,0.0173,tile_30.8740_29.2470,moisture_differential
30.919811999999997,29.264802,2.565430e+00,0.0800,tile_30.8740_29.2470,moisture_differential
30.922307999999997,29.264802,2.617437e+00,0.0927,tile_30.8740_29.2470,moisture_differential
30.922411999999998,29.264802,3.144758e+00,0.2214,tile_30.8740_29.2470,moisture_differential
30.922515999999998,29.264802,2.509943e+00,0.0665,tile_30.8740_29.2470,moisture_differential
30.922932,29.264802,2.463484e+00,0.0552,tile_30.8740_29.2470,moisture_differential
30.923036,29.264802,2.718693e+00,0.1174,tile_30.8740_29.2470,moisture_differential
30.92314,29.264802,2.583123e+00,0.0844,tile_30.8740_29.2470,moisture_differential
30.923243999999997,29.264802,2.662480e+00,0.1037,tile_30.8740_29.2470,moisture_differential
30.923451999999997,29.264802,2.497572e+00,0.0635,tile_30.8740_29.2470,moisture_differential
30.923555999999998,29.264802,2.281308e+00,0.0107,tile_30.8740_29.2470,moisture_differential
30.923868,29.264802,2.666332e+00,0.1047,tile_30.8740_29.2470,moisture_differential
30.924491999999997,29.264802,2.243655e+00,0.0015,tile_30.8740_29.2470,moisture_differential
30.924803999999998,29.264802,2.340477e+00,0.0252,tile_30.8740_29.2470,moisture_differential
30.924908,29.264802,2.899531e+00,0.1615,tile_30.8740_29.2470,moisture_differential
30.925012,29.264802,2.729428e+00,0.1200,tile_30.8740_29.2470,moisture_differential
30.925116,29.264802,2.447003e+00,0.0511,tile_30.8740_29.2470,moisture_differential
30.887468,29.26471,2.736898e+00,0.1219,tile_30.8740_29.2470,moisture_differential
30.901923999999998,29.26471,2.281446e+00,0.0108,tile_30.8740_29.2470,moisture_differential
30.90598,29.26471,2.856504e+00,0.1510,tile_30.8740_29.2470,moisture_differential
30.906395999999997,29.26471,2.793162e+00,0.1356,tile_30.8740_29.2470,moisture_differential
30.906499999999998,29.26471,3.136826e+00,0.2194,tile_30.8740_29.2470,moisture_differential
30.916483999999997,29.26471,2.238880e+00,0.0004,tile_30.8740_29.2470,moisture_differential
30.9169,29.26471,2.329274e+00,0.0224,tile_30.8740_29.2470,moisture_differential
30.919708,29.26471,2.507085e+00,0.0658,tile_30.8740_29.2470,moisture_differential
30.919811999999997,29.26471,2.787514e+00,0.1342,tile_30.8740_29.2470,moisture_differential
30.922203999999997,29.26471,2.246564e+00,0.0023,tile_30.8740_29.2470,moisture_differential
30.922515999999998,29.26471,2.631659e+00,0.0962,tile_30.8740_29.2470,moisture_differential
30.922724,29.26471,3.006367e+00,0.1876,tile_30.8740_29.2470,moisture_differential
30.922828,29.26471,2.690361e+00,0.1105,tile_30.8740_29.2470,moisture_differential
30.922932,29.26471,2.547871e+00,0.0758,tile_30.8740_29.2470,moisture_differential
30.923036,29.26471,2.796502e+00,0.1364,tile_30.8740_29.2470,moisture_differential
30.92314,29.26471,3.331967e+00,0.2670,tile_30.8740_29.2470,moisture_differential
30.923347999999997,29.26471,2.295608e+00,0.0142,tile_30.8740_29.2470,moisture_differential
30.923555999999998,29.26471,2.782472e+00,0.1330,tile_30.8740_29.2470,moisture_differential
30.923764,29.26471,2.276934e+00,0.0097,tile_30.8740_29.2470,moisture_differential
30.923972,29.26471,2.320235e+00,0.0202,tile_30.8740_29.2470,moisture_differential
30.924076,29.26471,2.621987e+00,0.0938,tile_30.8740_29.2470,moisture_differential
30.924595999999998,29.26471,2.371563e+00,0.0327,tile_30.8740_29.2470,moisture_differential
30.924699999999998,29.26471,2.742474e+00,0.1232,tile_30.8740_29.2470,moisture_differential
30.924803999999998,29.26471,2.701945e+00,0.1133,tile_30.8740_29.2470,moisture_differential
30.924908,29.26471,3.489264e+00,0.3054,tile_30.8740_29.2470,moisture_differential
30.925012,29.26471,2.776852e+00,0.1316,tile_30.8740_29.2470,moisture_differential
30.925116,29.26471,2.638204e+00,0.0978,tile_30.8740_29.2470,moisture_differential
30.925635999999997,29.26471,2.555398e+00,0.0776,tile_30.8740_29.2470,moisture_differential
30.925739999999998,29.26471,2.423193e+00,0.0453,tile_30.8740_29.2470,moisture_differential
30.880916,29.264618,2.249084e+00,0.0029,tile_30.8740_29.2470,moisture_differential
30.887468,29.264618,2.418717e+00,0.0442,tile_30.8740_29.2470,moisture_differential
30.890691999999998,29.264618,2.239509e+00,0.0005,tile_30.8740_29.2470,moisture_differential
30.905876,29.264618,2.399951e+00,0.0397,tile_30.8740_29.2470,moisture_differential
30.90598,29.264618,3.135674e+00,0.2191,tile_30.8740_29.2470,moisture_differential
30.906084,29.264618,2.985007e+00,0.1824,tile_30.8740_29.2470,moisture_differential
30.906188,29.264618,2.521498e+00,0.0693,tile_30.8740_29.2470,moisture_differential
30.907332,29.264618,2.431228e+00,0.0473,tile_30.8740_29.2470,moisture_differential
30.908268,29.264618,2.564103e+00,0.0797,tile_30.8740_29.2470,moisture_differential
30.918148,29.264618,2.325654e+00,0.0215,tile_30.8740_29.2470,moisture_differential
30.919811999999997,29.264618,2.502934e+00,0.0648,tile_30.8740_29.2470,moisture_differential
30.922411999999998,29.264618,2.501948e+00,0.0646,tile_30.8740_29.2470,moisture_differential
30.922515999999998,29.264618,2.416085e+00,0.0436,tile_30.8740_29.2470,moisture_differential
30.92262,29.264618,2.495994e+00,0.0631,tile_30.8740_29.2470,moisture_differential
30.922724,29.264618,2.842579e+00,0.1476,tile_30.8740_29.2470,moisture_differential
30.922828,29.264618,2.645059e+00,0.0995,tile_30.8740_29.2470,moisture_differential
30.922932,29.264618,2.254120e+00,0.0041,tile_30.8740_29.2470,moisture_differential
30.92314,29.264618,2.537933e+00,0.0733,tile_30.8740_29.2470,moisture_differential
30.923347999999997,29.264618,2.762233e+00,0.1280,tile_30.8740_29.2470,moisture_differential
30.923555999999998,29.264618,2.293946e+00,0.0138,tile_30.8740_29.2470,moisture_differential
30.923659999999998,29.264618,2.363165e+00,0.0307,tile_30.8740_29.2470,moisture_differential
30.924076,29.264618,2.612227e+00,0.0915,tile_30.8740_29.2470,moisture_differential
30.92418,29.264618,2.252398e+00,0.0037,tile_30.8740_29.2470,moisture_differential
30.924595999999998,29.264618,2.260701e+00,0.0057,tile_30.8740_29.2470,moisture_differential
30.924699999999998,29.264618,2.472144e+00,0.0573,tile_30.8740_29.2470,moisture_differential
30.924803999999998,29.264618,2.900341e+00,0.1617,tile_30.8740_29.2470,moisture_differential
30.924908,29.264618,2.482551e+00,0.0598,tile_30.8740_29.2470,moisture_differential
30.925012,29.264618,2.472100e+00,0.0573,tile_30.8740_29.2470,moisture_differential
30.925116,29.264618,2.367097e+00,0.0317,tile_30.8740_29.2470,moisture_differential
30.925428,29.264618,2.316396e+00,0.0193,tile_30.8740_29.2470,moisture_differential
30.925531999999997,29.264618,2.599873e+00,0.0884,tile_30.8740_29.2470,moisture_differential
30.925739999999998,29.264618,2.373562e+00,0.0332,tile_30.8740_29.2470,moisture_differential
30.882164,29.264526,2.814038e+00,0.1407,tile_30.8740_29.2470,moisture_differential
30.882579999999997,29.264526,2.270655e+00,0.0081,tile_30.8740_29.2470,moisture_differential
30.89142,29.264526,2.398606e+00,0.0393,tile_30.8740_29.2470,moisture_differential
30.8935,29.264526,2.308169e+00,0.0173,tile_30.8740_29.2470,moisture_differential
30.90598,29.264526,2.767562e+00,0.1293,tile_30.8740_29.2470,moisture_differential
30.906084,29.264526,3.060762e+00,0.2009,tile_30.8740_29.2470,moisture_differential
30.906188,29.264526,2.692097e+00,0.1109,tile_30.8740_29.2470,moisture_differential
30.906499999999998,29.264526,2.597410e+00,0.0878,tile_30.8740_29.2470,moisture_differential
30.907332,29.264526,2.821331e+00,0.1425,tile_30.8740_29.2470,moisture_differential
30.907643999999998,29.264526,2.725448e+00,0.1191,tile_30.8740_29.2470,moisture_differential
30.918564,29.264526,2.452531e+00,0.0525,tile_30.8740_29.2470,moisture_differential
30.920019999999997,29.264526,2.633043e+00,0.0965,tile_30.8740_29.2470,moisture_differential
30.922515999999998,29.264526,2.785794e+00,0.1338,tile_30.8740_29.2470,moisture_differential
30.92262,29.264526,2.676897e+00,0.1072,tile_30.8740_29.2470,moisture_differential
30.922724,29.264526,2.282274e+00,0.0110,tile_30.8740_29.2470,moisture_differential
30.92314,29.264526,2.283783e+00,0.0113,tile_30.8740_29.2470,moisture_differential
30.923243999999997,29.264526,3.238691e+00,0.2443,tile_30.8740_29.2470,moisture_differential
30.923347999999997,29.264526,2.437632e+00,0.0489,tile_30.8740_29.2470,moisture_differential
30.924076,29.264526,2.797558e+00,0.1367,tile_30.8740_29.2470,moisture_differential
30.925012,29.264526,2.816237e+00,0.1412,tile_30.8740_29.2470,moisture_differential
30.925116,29.264526,2.475962e+00,0.0582,tile_30.8740_29.2470,moisture_differential
30.925531999999997,29.264526,2.308222e+00,0.0173,tile_30.8740_29.2470,moisture_differential
30.925635999999997,29.264526,2.386337e+00,0.0363,tile_30.8740_29.2470,moisture_differential
30.925739999999998,29.264526,2.325500e+00,0.0215,tile_30.8740_29.2470,moisture_differential
30.925843999999998,29.264526,2.350470e+00,0.0276,tile_30.8740_29.2470,moisture_differential
30.925947999999998,29.264526,2.418870e+00,0.0443,tile_30.8740_29.2470,moisture_differential
30.89142,29.264434,2.297984e+00,0.0148,tile_30.8740_29.2470,moisture_differential
30.901819999999997,29.264434,2.788691e+00,0.1345,tile_30.8740_29.2470,moisture_differential
30.905876,29.264434,2.264389e+00,0.0066,tile_30.8740_29.2470,moisture_differential
30.90598,29.264434,2.674915e+00,0.1067,tile_30.8740_29.2470,moisture_differential
30.906084,29.264434,2.646984e+00,0.0999,tile_30.8740_29.2470,moisture_differential
30.906188,29.264434,2.552963e+00,0.0770,tile_30.8740_29.2470,moisture_differential
30.906291999999997,29.264434,2.590499e+00,0.0862,tile_30.8740_29.2470,moisture_differential
30.906395999999997,29.264434,2.793443e+00,0.1357,tile_30.8740_29.2470,moisture_differential
30.906499999999998,29.264434,2.936204e+00,0.1705,tile_30.8740_29.2470,moisture_differential
30.906603999999998,29.264434,2.258947e+00,0.0053,tile_30.8740_29.2470,moisture_differential
30.907747999999998,29.264434,2.650618e+00,0.1008,tile_30.8740_29.2470,moisture_differential
30.909204,29.264434,2.273301e+00,0.0088,tile_30.8740_29.2470,moisture_differential
30.915651999999998,29.264434,2.440905e+00,0.0497,tile_30.8740_29.2470,moisture_differential
30.916068,29.264434,2.362069e+00,0.0304,tile_30.8740_29.2470,moisture_differential
30.918564,29.264434,2.323016e+00,0.0209,tile_30.8740_29.2470,moisture_differential
30.919915999999997,29.264434,2.271014e+00,0.0082,tile_30.8740_29.2470,moisture_differential
30.92054,29.264434,2.267349e+00,0.0073,tile_30.8740_29.2470,moisture_differential
30.920644,29.264434,2.410219e+00,0.0422,tile_30.8740_29.2470,moisture_differential
30.921059999999997,29.264434,2.743482e+00,0.1235,tile_30.8740_29.2470,moisture_differential
30.921163999999997,29.264434,2.431062e+00,0.0473,tile_30.8740_29.2470,moisture_differential
30.922411999999998,29.264434,2.261576e+00,0.0059,tile_30.8740_29.2470,moisture_differential
30.922515999999998,29.264434,2.580902e+00,0.0838,tile_30.8740_29.2470,moisture_differential
30.92262,29.264434,2.412495e+00,0.0427,tile_30.8740_29.2470,moisture_differential
30.923243999999997,29.264434,2.549174e+00,0.0761,tile_30.8740_29.2470,moisture_differential
30.923972,29.264434,2.358894e+00,0.0297,tile_30.8740_29.2470,moisture_differential
30.924387999999997,29.264434,2.405059e+00,0.0409,tile_30.8740_29.2470,moisture_differential
30.924491999999997,29.264434,2.578078e+00,0.0831,tile_30.8740_29.2470,moisture_differential
30.924595999999998,29.264434,2.407815e+00,0.0416,tile_30.8740_29.2470,moisture_differential
30.925012,29.264434,2.768949e+00,0.1297,tile_30.8740_29.2470,moisture_differential
30.925116,29.264434,2.252923e+00,0.0038,tile_30.8740_29.2470,moisture_differential
30.925843999999998,29.264434,2.788224e+00,0.1344,tile_30.8740_29.2470,moisture_differential
30.925947999999998,29.264434,2.356424e+00,0.0291,tile_30.8740_29.2470,moisture_differential
30.898284,29.264342,2.590443e+00,0.0861,tile_30.8740_29.2470,moisture_differential
30.901819999999997,29.264342,2.349306e+00,0.0273,tile_30.8740_29.2470,moisture_differential
30.90598,29.264342,2.427072e+00,0.0463,tile_30.8740_29.2470,moisture_differential
30.906395999999997,29.264342,2.557188e+00,0.0780,tile_30.8740_29.2470,moisture_differential
30.910035999999998,29.264342,2.294618e+00,0.0140,tile_30.8740_29.2470,moisture_differential
30.915651999999998,29.264342,2.521938e+00,0.0694,tile_30.8740_29.2470,moisture_differential
30.915756,29.264342,2.313701e+00,0.0186,tile_30.8740_29.2470,moisture_differential
30.915964,29.264342,2.777254e+00,0.1317,tile_30.8740_29.2470,moisture_differential
30.916068,29.264342,3.174794e+00,0.2287,tile_30.8740_29.2470,moisture_differential
30.916172,29.264342,2.392389e+00,0.0378,tile_30.8740_29.2470,moisture_differential
30.917835999999998,29.264342,2.287396e+00,0.0122,tile_30.8740_29.2470,moisture_differential
30.920436,29.264342,2.429776e+00,0.0469,tile_30.8740_29.2470,moisture_differential
30.92054,29.264342,2.253713e+00,0.0040,tile_30.8740_29.2470,moisture_differential
30.920955999999997,29.264342,2.320628e+00,0.0203,tile_30.8740_29.2470,moisture_differential
30.922411999999998,29.264342,2.840293e+00,0.1471,tile_30.8740_29.2470,moisture_differential
30.922515999999998,29.264342,2.360438e+00,0.0300,tile_30.8740_29.2470,moisture_differential
30.924284,29.264342,2.421038e+00,0.0448,tile_30.8740_29.2470,moisture_differential
30.924387999999997,29.264342,2.753919e+00,0.1260,tile_30.8740_29.2470,moisture_differential
30.924491999999997,29.264342,2.696576e+00,0.1120,tile_30.8740_29.2470,moisture_differential
30.92522,29.264342,2.780723e+00,0.1326,tile_30.8740_29.2470,moisture_differential
30.891316,29.26425,2.339078e+00,0.0248,tile_30.8740_29.2470,moisture_differential
30.892875999999998,29.26425,2.429463e+00,0.0469,tile_30.8740_29.2470,moisture_differential
30.908164,29.26425,2.290912e+00,0.0131,tile_30.8740_29.2470,moisture_differential
30.916068,29.26425,2.504481e+00,0.0652,tile_30.8740_29.2470,moisture_differential
30.916172,29.26425,2.691272e+00,0.1107,tile_30.8740_29.2470,moisture_differential
30.919811999999997,29.26425,2.535968e+00,0.0728,tile_30.8740_29.2470,moisture_differential
30.920436,29.26425,2.375383e+00,0.0337,tile_30.8740_29.2470,moisture_differential
30.923451999999997,29.26425,2.472580e+00,0.0574,tile_30.8740_29.2470,moisture_differential
30.923764,29.26425,2.639546e+00,0.0981,tile_30.8740_29.2470,moisture_differential
30.924284,29.26425,2.346761e+00,0.0267,tile_30.8740_29.2470,moisture_differential
30.924387999999997,29.26425,2.613901e+00,0.0919,tile_30.8740_29.2470,moisture_differential
30.924491999999997,29.26425,2.670606e+00,0.1057,tile_30.8740_29.2470,moisture_differential
30.924595999999998,29.26425,2.706427e+00,0.1144,tile_30.8740_29.2470,moisture_differential
30.925324,29.26425,2.353658e+00,0.0284,tile_30.8740_29.2470,moisture_differential
30.886115999999998,29.264158,2.400960e+00,0.0399,tile_30.8740_29.2470,moisture_differential
30.905876,29.264158,2.330466e+00,0.0227,tile_30.8740_29.2470,moisture_differential
30.906916,29.264158,2.633230e+00,0.0966,tile_30.8740_29.2470,moisture_differential
30.908164,29.264158,2.361677e+00,0.0303,tile_30.8740_29.2470,moisture_differential
30.915443999999997,29.264158,2.501754e+00,0.0645,tile_30.8740_29.2470,moisture_differential
30.915547999999998,29.264158,2.241087e+00,0.0009,tile_30.8740_29.2470,moisture_differential
30.91586,29.264158,2.293166e+00,0.0136,tile_30.8740_29.2470,moisture_differential
30.916068,29.264158,2.337561e+00,0.0244,tile_30.8740_29.2470,moisture_differential
30.916483999999997,29.264158,2.561717e+00,0.0791,tile_30.8740_29.2470,moisture_differential
30.916587999999997,29.264158,2.240387e+00,0.0007,tile_30.8740_29.2470,moisture_differential
30.917627999999997,29.264158,2.509934e+00,0.0665,tile_30.8740_29.2470,moisture_differential
30.923243999999997,29.264158,2.351405e+00,0.0278,tile_30.8740_29.2470,moisture_differential
30.923347999999997,29.264158,2.711753e+00,0.1157,tile_30.8740_29.2470,moisture_differential
30.923659999999998,29.264158,2.741584e+00,0.1230,tile_30.8740_29.2470,moisture_differential
30.923764,29.264158,2.385061e+00,0.0360,tile_30.8740_29.2470,moisture_differential
30.92418,29.264158,2.492585e+00,0.0623,tile_30.8740_29.2470,moisture_differential
30.924387999999997,29.264158,2.877072e+00,0.1561,tile_30.8740_29.2470,moisture_differential
30.924491999999997,29.264158,2.920817e+00,0.1667,tile_30.8740_29.2470,moisture_differential
30.924595999999998,29.264158,2.452428e+00,0.0525,tile_30.8740_29.2470,moisture_differential
30.925324,29.264158,2.317451e+00,0.0195,tile_30.8740_29.2470,moisture_differential
30.892875999999998,29.264066,2.328256e+00,0.0222,tile_30.8740_29.2470,moisture_differential
30.90702,29.264066,2.277775e+00,0.0099,tile_30.8740_29.2470,moisture_differential
30.915443999999997,29.264066,2.632708e+00,0.0964,tile_30.8740_29.2470,moisture_differential
30.915964,29.264066,2.237375e+00,0.0000,tile_30.8740_29.2470,moisture_differential
30.916587999999997,29.264066,2.569250e+00,0.0810,tile_30.8740_29.2470,moisture_differential
30.919811999999997,29.264066,2.492108e+00,0.0622,tile_30.8740_29.2470,moisture_differential
30.919915999999997,29.264066,2.447898e+00,0.0514,tile_30.8740_29.2470,moisture_differential
30.920644,29.264066,2.447873e+00,0.0514,tile_30.8740_29.2470,moisture_differential
30.920748,29.264066,2.412358e+00,0.0427,tile_30.8740_29.2470,moisture_differential
30.920852,29.264066,2.468695e+00,0.0564,tile_30.8740_29.2470,moisture_differential
30.92314,29.264066,2.413297e+00,0.0429,tile_30.8740_29.2470,moisture_differential
30.923243999999997,29.264066,2.551525e+00,0.0766,tile_30.8740_29.2470,moisture_differential
30.923347999999997,29.264066,2.603311e+00,0.0893,tile_30.8740_29.2470,moisture_differential
30.92418,29.264066,2.468725e+00,0.0564,tile_30.8740_29.2470,moisture_differential
30.924284,29.264066,2.772777e+00,0.1306,tile_30.8740_29.2470,moisture_differential
30.924387999999997,29.264066,2.417860e+00,0.0440,tile_30.8740_29.2470,moisture_differential
30.924491999999997,29.264066,2.530145e+00,0.0714,tile_30.8740_29.2470,moisture_differential
30.924595999999998,29.264066,2.298062e+00,0.0148,tile_30.8740_29.2470,moisture_differential
30.925739999999998,29.264066,2.344076e+00,0.0260,tile_30.8740_29.2470,moisture_differential
30.925843999999998,29.264066,2.332113e+00,0.0231,tile_30.8740_29.2470,moisture_differential
30.898076,29.263974,2.312401e+00,0.0183,tile_30.8740_29.2470,moisture_differential
30.906084,29.263974,2.361138e+00,0.0302,tile_30.8740_29.2470,moisture_differential
30.909723999999997,29.263974,2.395299e+00,0.0385,tile_30.8740_29.2470,moisture_differential
30.909827999999997,29.263974,2.913700e+00,0.1650,tile_30.8740_29.2470,moisture_differential
30.915236,29.263974,2.262775e+00,0.0062,tile_30.8740_29.2470,moisture_differential
30.915339999999997,29.263974,2.563650e+00,0.0796,tile_30.8740_29.2470,moisture_differential
30.915443999999997,29.263974,2.688541e+00,0.1101,tile_30.8740_29.2470,moisture_differential
30.916172,29.263974,2.271489e+00,0.0083,tile_30.8740_29.2470,moisture_differential
30.916276,29.263974,2.385534e+00,0.0362,tile_30.8740_29.2470,moisture_differential
30.916587999999997,29.263974,2.995995e+00,0.1851,tile_30.8740_29.2470,moisture_differential
30.916691999999998,29.263974,2.403942e+00,0.0406,tile_30.8740_29.2470,moisture_differential
30.916795999999998,29.263974,2.603965e+00,0.0894,tile_30.8740_29.2470,moisture_differential
30.9169,29.263974,2.792847e+00,0.1355,tile_30.8740_29.2470,moisture_differential
30.920644,29.263974,2.413186e+00,0.0429,tile_30.8740_29.2470,moisture_differential
30.920748,29.263974,2.322417e+00,0.0208,tile_30.8740_29.2470,moisture_differential
30.920852,29.263974,2.679131e+00,0.1078,tile_30.8740_29.2470,moisture_differential
30.922724,29.263974,2.295261e+00,0.0141,tile_30.8740_29.2470,moisture_differential
30.92314,29.263974,2.890305e+00,0.1593,tile_30.8740_29.2470,moisture_differential
30.923243999999997,29.263974,2.860704e+00,0.1521,tile_30.8740_29.2470,moisture_differential
30.923347999999997,29.263974,2.519293e+00,0.0688,tile_30.8740_29.2470,moisture_differential
30.923451999999997,29.263974,2.346323e+00,0.0266,tile_30.8740_29.2470,moisture_differential
30.923555999999998,29.263974,2.505029e+00,0.0653,tile_30.8740_29.2470,moisture_differential
30.924284,29.263974,3.004672e+00,0.1872,tile_30.8740_29.2470,moisture_differential
30.92522,29.263974,2.620106e+00,0.0934,tile_30.8740_29.2470,moisture_differential
30.925843999999998,29.263974,2.525113e+00,0.0702,tile_30.8740_29.2470,moisture_differential
30.900052,29.263882,2.378728e+00,0.0345,tile_30.8740_29.2470,moisture_differential
30.905044,29.263882,2.336546e+00,0.0242,tile_30.8740_29.2470,moisture_differential
30.906188,29.263882,2.712474e+00,0.1159,tile_30.8740_29.2470,moisture_differential
30.909619999999997,29.263882,2.259893e+00,0.0055,tile_30.8740_29.2470,moisture_differential
30.909723999999997,29.263882,2.861221e+00,0.1522,tile_30.8740_29.2470,moisture_differential
30.909827999999997,29.263882,3.317801e+00,0.2636,tile_30.8740_29.2470,moisture_differential
30.912844,29.263882,2.294189e+00,0.0139,tile_30.8740_29.2470,moisture_differential
30.915339999999997,29.263882,2.510630e+00,0.0667,tile_30.8740_29.2470,moisture_differential
30.915964,29.263882,2.394729e+00,0.0384,tile_30.8740_29.2470,moisture_differential
30.916483999999997,29.263882,2.291971e+00,0.0133,tile_30.8740_29.2470,moisture_differential
30.916587999999997,29.263882,2.896270e+00,0.1607,tile_30.8740_29.2470,moisture_differential
30.916691999999998,29.263882,2.753084e+00,0.1258,tile_30.8740_29.2470,moisture_differential
30.916795999999998,29.263882,2.859743e+00,0.1518,tile_30.8740_29.2470,moisture_differential
30.9169,29.263882,3.198423e+00,0.2345,tile_30.8740_29.2470,moisture_differential
30.917004,29.263882,2.251923e+00,0.0036,tile_30.8740_29.2470,moisture_differential
30.917108,29.263882,2.610329e+00,0.0910,tile_30.8740_29.2470,moisture_differential
30.92054,29.263882,2.251443e+00,0.0034,tile_30.8740_29.2470,moisture_differential
30.920644,29.263882,2.250535e+00,0.0032,tile_30.8740_29.2470,moisture_differential
30.922724,29.263882,2.927099e+00,0.1683,tile_30.8740_29.2470,moisture_differential
30.922828,29.263882,2.506061e+00,0.0656,tile_30.8740_29.2470,moisture_differential
30.92314,29.263882,2.604523e+00,0.0896,tile_30.8740_29.2470,moisture_differential
30.923243999999997,29.263882,2.675527e+00,0.1069,tile_30.8740_29.2470,moisture_differential
30.923347999999997,29.263882,2.455285e+00,0.0532,tile_30.8740_29.2470,moisture_differential
30.923451999999997,29.263882,2.966672e+00,0.1779,tile_30.8740_29.2470,moisture_differential
30.923555999999998,29.263882,2.871594e+00,0.1547,tile_30.8740_29.2470,moisture_differential
30.923868,29.263882,2.265907e+00,0.0070,tile_30.8740_29.2470,moisture_differential
30.924284,29.263882,2.589597e+00,0.0859,tile_30.8740_29.2470,moisture_differential
30.924387999999997,29.263882,2.352540e+00,0.0281,tile_30.8740_29.2470,moisture_differential
30.925116,29.263882,2.305499e+00,0.0166,tile_30.8740_29.2470,moisture_differential
30.925428,29.263882,2.286493e+00,0.0120,tile_30.8740_29.2470,moisture_differential
30.925531999999997,29.263882,2.264195e+00,0.0066,tile_30.8740_29.2470,moisture_differential
30.925739999999998,29.263882,2.266838e+00,0.0072,tile_30.8740_29.2470,moisture_differential
30.881332,29.26379,2.238354e+00,0.0002,tile_30.8740_29.2470,moisture_differential
30.891316,29.26379,2.423965e+00,0.0455,tile_30.8740_29.2470,moisture_differential
30.900052,29.26379,2.387860e+00,0.0367,tile_30.8740_29.2470,moisture_differential
30.901508,29.26379,2.470811e+00,0.0570,tile_30.8740_29.2470,moisture_differential
30.905147999999997,29.26379,2.292091e+00,0.0134,tile_30.8740_29.2470,moisture_differential
30.909723999999997,29.26379,2.753166e+00,0.1258,tile_30.8740_29.2470,moisture_differential
30.909827999999997,29.26379,2.585546e+00,0.0849,tile_30.8740_29.2470,moisture_differential
30.913676,29.26379,2.313751e+00,0.0186,tile_30.8740_29.2470,moisture_differential
30.915443999999997,29.26379,2.294478e+00,0.0139,tile_30.8740_29.2470,moisture_differential
30.91586,29.26379,2.473718e+00,0.0577,tile_30.8740_29.2470,moisture_differential
30.915964,29.26379,3.335213e+00,0.2678,tile_30.8740_29.2470,moisture_differential
30.916068,29.26379,2.969451e+00,0.1786,tile_30.8740_29.2470,moisture_differential
30.916691999999998,29.26379,2.539048e+00,0.0736,tile_30.8740_29.2470,moisture_differential
30.916795999999998,29.26379,2.820146e+00,0.1422,tile_30.8740_29.2470,moisture_differential
30.9169,29.26379,2.730346e+00,0.1203,tile_30.8740_29.2470,moisture_differential
30.917004,29.26379,2.514452e+00,0.0676,tile_30.8740_29.2470,moisture_differential
30.917212,29.26379,2.531322e+00,0.0717,tile_30.8740_29.2470,moisture_differential
30.922724,29.26379,2.454527e+00,0.0530,tile_30.8740_29.2470,moisture_differential
30.922828,29.26379,2.327902e+00,0.0221,tile_30.8740_29.2470,moisture_differential
30.923347999999997,29.26379,2.414680e+00,0.0433,tile_30.8740_29.2470,moisture_differential
30.923451999999997,29.26379,2.935243e+00,0.1703,tile_30.8740_29.2470,moisture_differential
30.923555999999998,29.26379,2.584079e+00,0.0846,tile_30.8740_29.2470,moisture_differential
30.923868,29.26379,2.432510e+00,0.0476,tile_30.8740_29.2470,moisture_differential
30.924284,29.26379,2.355403e+00,0.0288,tile_30.8740_29.2470,moisture_differential
30.925531999999997,29.26379,2.782293e+00,0.1329,tile_30.8740_29.2470,moisture_differential
30.925635999999997,29.26379,2.676556e+00,0.1071,tile_30.8740_29.2470,moisture_differential
30.876652,29.263697999999998,2.543566e+00,0.0747,tile_30.8740_29.2470,moisture_differential
30.876756,29.263697999999998,2.343188e+00,0.0258,tile_30.8740_29.2470,moisture_differential
30.883412,29.263697999999998,2.323239e+00,0.0210,tile_30.8740_29.2470,moisture_differential
30.901404,29.263697999999998,2.245377e+00,0.0020,tile_30.8740_29.2470,moisture_differential
30.909723999999997,29.263697999999998,2.961609e+00,0.1767,tile_30.8740_29.2470,moisture_differential
30.909827999999997,29.263697999999998,2.656175e+00,0.1022,tile_30.8740_29.2470,moisture_differential
30.909931999999998,29.263697999999998,2.486625e+00,0.0608,tile_30.8740_29.2470,moisture_differential
30.913363999999998,29.263697999999998,2.304249e+00,0.0163,tile_30.8740_29.2470,moisture_differential
30.913676,29.263697999999998,3.017211e+00,0.1902,tile_30.8740_29.2470,moisture_differential
30.91378,29.263697999999998,2.527593e+00,0.0708,tile_30.8740_29.2470,moisture_differential
30.915547999999998,29.263697999999998,2.259400e+00,0.0054,tile_30.8740_29.2470,moisture_differential
30.915756,29.263697999999998,2.309297e+00,0.0176,tile_30.8740_29.2470,moisture_differential
30.91586,29.263697999999998,2.992802e+00,0.1843,tile_30.8740_29.2470,moisture_differential
30.915964,29.263697999999998,2.769965e+00,0.1299,tile_30.8740_29.2470,moisture_differential
30.916068,29.263697999999998,2.379065e+00,0.0346,tile_30.8740_29.2470,moisture_differential
30.919292,29.263697999999998,2.345333e+00,0.0263,tile_30.8740_29.2470,moisture_differential
30.919396,29.263697999999998,2.463121e+00,0.0551,tile_30.8740_29.2470,moisture_differential
30.922724,29.263697999999998,2.343239e+00,0.0258,tile_30.8740_29.2470,moisture_differential
30.923972,29.263697999999998,2.305072e+00,0.0165,tile_30.8740_29.2470,moisture_differential
30.92418,29.263697999999998,2.270786e+00,0.0082,tile_30.8740_29.2470,moisture_differential
30.924284,29.263697999999998,2.643293e+00,0.0990,tile_30.8740_29.2470,moisture_differential
30.924387999999997,29.263697999999998,2.606943e+00,0.0902,tile_30.8740_29.2470,moisture_differential
30.924491999999997,29.263697999999998,2.297159e+00,0.0146,tile_30.8740_29.2470,moisture_differential
30.924595999999998,29.263697999999998,2.417461e+00,0.0439,tile_30.8740_29.2470,moisture_differential
30.924699999999998,29.263697999999998,2.490654e+00,0.0618,tile_30.8740_29.2470,moisture_differential
30.925324,29.263697999999998,2.401109e+00,0.0400,tile_30.8740_29.2470,moisture_differential
30.925428,29.263697999999998,2.856871e+00,0.1511,tile_30.8740_29.2470,moisture_differential
30.925531999999997,29.263697999999998,2.893340e+00,0.1600,tile_30.8740_29.2470,moisture_differential
30.925635999999997,29.263697999999998,3.107396e+00,0.2122,tile_30.8740_29.2470,moisture_differential
30.876756,29.263606,2.292547e+00,0.0135,tile_30.8740_29.2470,moisture_differential
30.88414,29.263606,2.278238e+00,0.0100,tile_30.8740_29.2470,moisture_differential
30.888299999999997,29.263606,2.333223e+00,0.0234,tile_30.8740_29.2470,moisture_differential
30.909723999999997,29.263606,3.055637e+00,0.1996,tile_30.8740_29.2470,moisture_differential
30.909827999999997,29.263606,3.229011e+00,0.2419,tile_30.8740_29.2470,moisture_differential
30.909931999999998,29.263606,3.511200e+00,0.3108,tile_30.8740_29.2470,moisture_differential
30.910035999999998,29.263606,2.350370e+00,0.0276,tile_30.8740_29.2470,moisture_differential
30.913676,29.263606,2.736449e+00,0.1218,tile_30.8740_29.2470,moisture_differential
30.91378,29.263606,2.344815e+00,0.0262,tile_30.8740_29.2470,moisture_differential
30.915964,29.263606,2.923222e+00,0.1673,tile_30.8740_29.2470,moisture_differential
30.9195,29.263606,2.702331e+00,0.1134,tile_30.8740_29.2470,moisture_differential
30.923972,29.263606,2.315177e+00,0.0190,tile_30.8740_29.2470,moisture_differential
30.924076,29.263606,2.807607e+00,0.1391,tile_30.8740_29.2470,moisture_differential
30.924284,29.263606,2.621665e+00,0.0938,tile_30.8740_29.2470,moisture_differential
30.924387999999997,29.263606,2.601325e+00,0.0888,tile_30.8740_29.2470,moisture_differential
30.92522,29.263606,2.396827e+00,0.0389,tile_30.8740_29.2470,moisture_differential
30.925324,29.263606,2.290567e+00,0.0130,tile_30.8740_29.2470,moisture_differential
30.925428,29.263606,2.691400e+00,0.1108,tile_30.8740_29.2470,moisture_differential
30.925531999999997,29.263606,2.725273e+00,0.1190,tile_30.8740_29.2470,moisture_differential
30.925635999999997,29.263606,2.439742e+00,0.0494,tile_30.8740_29.2470,moisture_differential
30.883827999999998,29.263514,2.385286e+00,0.0361,tile_30.8740_29.2470,moisture_differential
30.886428,29.263514,2.392825e+00,0.0379,tile_30.8740_29.2470,moisture_differential
30.88882,29.263514,2.336876e+00,0.0243,tile_30.8740_29.2470,moisture_differential
30.898491999999997,29.263514,2.304968e+00,0.0165,tile_30.8740_29.2470,moisture_differential
30.905772,29.263514,2.244957e+00,0.0019,tile_30.8740_29.2470,moisture_differential
30.909931999999998,29.263514,2.356045e+00,0.0290,tile_30.8740_29.2470,moisture_differential
30.912532,29.263514,2.383781e+00,0.0357,tile_30.8740_29.2470,moisture_differential
30.912636,29.263514,2.378975e+00,0.0346,tile_30.8740_29.2470,moisture_differential
30.9195,29.263514,2.691289e+00,0.1107,tile_30.8740_29.2470,moisture_differential
30.920227999999998,29.263514,2.428686e+00,0.0467,tile_30.8740_29.2470,moisture_differential
30.920332,29.263514,2.716703e+00,0.1169,tile_30.8740_29.2470,moisture_differential
30.921267999999998,29.263514,2.723656e+00,0.1186,tile_30.8740_29.2470,moisture_differential
30.921371999999998,29.263514,2.582617e+00,0.0842,tile_30.8740_29.2470,moisture_differential
30.921476,29.263514,2.702057e+00,0.1134,tile_30.8740_29.2470,moisture_differential
30.92418,29.263514,2.639021e+00,0.0980,tile_30.8740_29.2470,moisture_differential
30.924284,29.263514,2.795560e+00,0.1362,tile_30.8740_29.2470,moisture_differential
30.924387999999997,29.263514,2.331608e+00,0.0230,tile_30.8740_29.2470,moisture_differential
30.925012,29.263514,2.341762e+00,0.0255,tile_30.8740_29.2470,moisture_differential
30.925531999999997,29.263514,2.803602e+00,0.1381,tile_30.8740_29.2470,moisture_differential
30.886428,29.263422,2.313389e+00,0.0186,tile_30.8740_29.2470,moisture_differential
30.917108,29.263422,2.355827e+00,0.0289,tile_30.8740_29.2470,moisture_differential
30.920019999999997,29.263422,2.251624e+00,0.0035,tile_30.8740_29.2470,moisture_differential
30.920123999999998,29.263422,2.628758e+00,0.0955,tile_30.8740_29.2470,moisture_differential
30.920227999999998,29.263422,2.757503e+00,0.1269,tile_30.8740_29.2470,moisture_differential
30.920332,29.263422,2.574244e+00,0.0822,tile_30.8740_29.2470,moisture_differential
30.920436,29.263422,2.366331e+00,0.0315,tile_30.8740_29.2470,moisture_differential
30.921476,29.263422,2.331912e+00,0.0231,tile_30.8740_29.2470,moisture_differential
30.922828,29.263422,2.471584e+00,0.0571,tile_30.8740_29.2470,moisture_differential
30.923972,29.263422,3.018546e+00,0.1906,tile_30.8740_29.2470,moisture_differential
30.924076,29.263422,2.795871e+00,0.1363,tile_30.8740_29.2470,moisture_differential
30.92418,29.263422,3.334190e+00,0.2676,tile_30.8740_29.2470,moisture_differential
30.924284,29.263422,2.758522e+00,0.1271,tile_30.8740_29.2470,moisture_differential
30.924387999999997,29.263422,2.921100e+00,0.1668,tile_30.8740_29.2470,moisture_differential
30.925116,29.263422,2.661468e+00,0.1035,tile_30.8740_29.2470,moisture_differential
30.92522,29.263422,2.675851e+00,0.1070,tile_30.8740_29.2470,moisture_differential
30.877067999999998,29.26333,2.546738e+00,0.0755,tile_30.8740_29.2470,moisture_differential
30.882476,29.26333,2.286376e+00,0.0120,tile_30.8740_29.2470,moisture_differential
30.882579999999997,29.26333,2.272428e+00,0.0086,tile_30.8740_29.2470,moisture_differential
30.900571999999997,29.26333,2.403623e+00,0.0406,tile_30.8740_29.2470,moisture_differential
30.900675999999997,29.26333,2.376676e+00,0.0340,tile_30.8740_29.2470,moisture_differential
30.901196,29.26333,2.246567e+00,0.0023,tile_30.8740_29.2470,moisture_differential
30.909827999999997,29.26333,2.436160e+00,0.0485,tile_30.8740_29.2470,moisture_differential
30.909931999999998,29.26333,2.719684e+00,0.1177,tile_30.8740_29.2470,moisture_differential
30.910035999999998,29.26333,2.493562e+00,0.0625,tile_30.8740_29.2470,moisture_differential
30.913051999999997,29.26333,2.257585e+00,0.0049,tile_30.8740_29.2470,moisture_differential
30.914299999999997,29.26333,2.357233e+00,0.0292,tile_30.8740_29.2470,moisture_differential
30.917108,29.26333,2.421779e+00,0.0450,tile_30.8740_29.2470,moisture_differential
30.91846,29.26333,2.240656e+00,0.0008,tile_30.8740_29.2470,moisture_differential
30.924284,29.26333,2.883174e+00,0.1575,tile_30.8740_29.2470,moisture_differential
30.924387999999997,29.26333,2.594334e+00,0.0871,tile_30.8740_29.2470,moisture_differential
30.924595999999998,29.26333,2.255511e+00,0.0044,tile_30.8740_29.2470,moisture_differential
30.924699999999998,29.26333,2.284978e+00,0.0116,tile_30.8740_29.2470,moisture_differential
30.925116,29.26333,3.020365e+00,0.1910,tile_30.8740_29.2470,moisture_differential
30.92522,29.26333,2.688875e+00,0.1102,tile_30.8740_29.2470,moisture_differential
30.925531999999997,29.26333,2.317864e+00,0.0196,tile_30.8740_29.2470,moisture_differential
30.882476,29.263238,2.327627e+00,0.0220,tile_30.8740_29.2470,moisture_differential
30.892771999999997,29.263238,2.275431e+00,0.0093,tile_30.8740_29.2470,moisture_differential
30.894228,29.263238,2.382074e+00,0.0353,tile_30.8740_29.2470,moisture_differential
30.89766,29.263238,2.348463e+00,0.0271,tile_30.8740_29.2470,moisture_differential
30.900364,29.263238,2.353597e+00,0.0284,tile_30.8740_29.2470,moisture_differential
30.900468,29.263238,2.257049e+00,0.0048,tile_30.8740_29.2470,moisture_differential
30.909723999999997,29.263238,2.276185e+00,0.0095,tile_30.8740_29.2470,moisture_differential
30.909827999999997,29.263238,3.242169e+00,0.2451,tile_30.8740_29.2470,moisture_differential
30.909931999999998,29.263238,2.987291e+00,0.1829,tile_30.8740_29.2470,moisture_differential
30.910035999999998,29.263238,2.320091e+00,0.0202,tile_30.8740_29.2470,moisture_differential
30.917108,29.263238,2.440266e+00,0.0495,tile_30.8740_29.2470,moisture_differential
30.924284,29.263238,2.440189e+00,0.0495,tile_30.8740_29.2470,moisture_differential
30.924699999999998,29.263238,2.723130e+00,0.1185,tile_30.8740_29.2470,moisture_differential
30.924803999999998,29.263238,2.252988e+00,0.0038,tile_30.8740_29.2470,moisture_differential
30.894436,29.263146,3.674239e+00,0.3505,tile_30.8740_29.2470,moisture_differential
30.89454,29.263146,3.047567e+00,0.1977,tile_30.8740_29.2470,moisture_differential
30.894852,29.263146,2.578298e+00,0.0832,tile_30.8740_29.2470,moisture_differential
30.894955999999997,29.263146,2.339316e+00,0.0249,tile_30.8740_29.2470,moisture_differential
30.895059999999997,29.263146,2.330815e+00,0.0228,tile_30.8740_29.2470,moisture_differential
30.906603999999998,29.263146,2.345860e+00,0.0265,tile_30.8740_29.2470,moisture_differential
30.909931999999998,29.263146,2.660838e+00,0.1033,tile_30.8740_29.2470,moisture_differential
30.910035999999998,29.263146,2.255704e+00,0.0045,tile_30.8740_29.2470,moisture_differential
30.92158,29.263146,2.312471e+00,0.0183,tile_30.8740_29.2470,moisture_differential
30.923555999999998,29.263146,2.543640e+00,0.0747,tile_30.8740_29.2470,moisture_differential
30.924491999999997,29.263146,2.239837e+00,0.0006,tile_30.8740_29.2470,moisture_differential
30.924699999999998,29.263146,2.274008e+00,0.0089,tile_30.8740_29.2470,moisture_differential
30.924803999999998,29.263146,2.503933e+00,0.0650,tile_30.8740_29.2470,moisture_differential
30.925428,29.263146,2.307499e+00,0.0171,tile_30.8740_29.2470,moisture_differential
30.925739999999998,29.263146,2.310383e+00,0.0178,tile_30.8740_29.2470,moisture_differential
30.876756,29.263054,2.368197e+00,0.0319,tile_30.8740_29.2470,moisture_differential
30.893915999999997,29.263054,2.257448e+00,0.0049,tile_30.8740_29.2470,moisture_differential
30.894019999999998,29.263054,2.859370e+00,0.1517,tile_30.8740_29.2470,moisture_differential
30.894332,29.263054,3.109941e+00,0.2129,tile_30.8740_29.2470,moisture_differential
30.894436,29.263054,5.134752e+00,0.7068,tile_30.8740_29.2470,moisture_differential
30.89454,29.263054,3.928322e+00,0.4125,tile_30.8740_29.2470,moisture_differential
30.894852,29.263054,2.372001e+00,0.0329,tile_30.8740_29.2470,moisture_differential
30.894955999999997,29.263054,2.358891e+00,0.0297,tile_30.8740_29.2470,moisture_differential
30.895059999999997,29.263054,2.726780e+00,0.1194,tile_30.8740_29.2470,moisture_differential
30.909827999999997,29.263054,2.396979e+00,0.0389,tile_30.8740_29.2470,moisture_differential
30.909931999999998,29.263054,2.720855e+00,0.1180,tile_30.8740_29.2470,moisture_differential
30.910035999999998,29.263054,2.772833e+00,0.1306,tile_30.8740_29.2470,moisture_differential
30.917731999999997,29.263054,2.299970e+00,0.0153,tile_30.8740_29.2470,moisture_differential
30.919604,29.263054,2.541154e+00,0.0741,tile_30.8740_29.2470,moisture_differential
30.921788,29.263054,2.405818e+00,0.0411,tile_30.8740_29.2470,moisture_differential
30.924284,29.263054,2.341644e+00,0.0254,tile_30.8740_29.2470,moisture_differential
30.924387999999997,29.263054,3.053984e+00,0.1992,tile_30.8740_29.2470,moisture_differential
30.924491999999997,29.263054,2.532468e+00,0.0720,tile_30.8740_29.2470,moisture_differential
30.924908,29.263054,2.665481e+00,0.1044,tile_30.8740_29.2470,moisture_differential
30.893604,29.262961999999998,2.580818e+00,0.0838,tile_30.8740_29.2470,moisture_differential
30.894019999999998,29.262961999999998,3.133500e+00,0.2186,tile_30.8740_29.2470,moisture_differential
30.894123999999998,29.262961999999998,2.259024e+00,0.0053,tile_30.8740_29.2470,moisture_differential
30.894228,29.262961999999998,2.913754e+00,0.1650,tile_30.8740_29.2470,moisture_differential
30.894332,29.262961999999998,4.869470e+00,0.6421,tile_30.8740_29.2470,moisture_differential
30.894436,29.262961999999998,5.316488e+00,0.7511,tile_30.8740_29.2470,moisture_differential
30.89454,29.262961999999998,4.596994e+00,0.5756,tile_30.8740_29.2470,moisture_differential
30.895059999999997,29.262961999999998,2.350344e+00,0.0276,tile_30.8740_29.2470,moisture_differential
30.901092,29.262961999999998,2.536732e+00,0.0730,tile_30.8740_29.2470,moisture_differential
30.901196,29.262961999999998,2.503072e+00,0.0648,tile_30.8740_29.2470,moisture_differential
30.909827999999997,29.262961999999998,2.469636e+00,0.0567,tile_30.8740_29.2470,moisture_differential
30.909931999999998,29.262961999999998,2.652570e+00,0.1013,tile_30.8740_29.2470,moisture_differential
30.910035999999998,29.262961999999998,2.505844e+00,0.0655,tile_30.8740_29.2470,moisture_differential
30.916068,29.262961999999998,2.294494e+00,0.0139,tile_30.8740_29.2470,moisture_differential
30.916172,29.262961999999998,2.280428e+00,0.0105,tile_30.8740_29.2470,moisture_differential
30.916276,29.262961999999998,2.489115e+00,0.0614,tile_30.8740_29.2470,moisture_differential
30.919604,29.262961999999998,2.472597e+00,0.0574,tile_30.8740_29.2470,moisture_differential
30.919708,29.262961999999998,2.352175e+00,0.0280,tile_30.8740_29.2470,moisture_differential
30.919811999999997,29.262961999999998,2.459735e+00,0.0543,tile_30.8740_29.2470,moisture_differential
30.924387999999997,29.262961999999998,2.346058e+00,0.0265,tile_30.8740_29.2470,moisture_differential
30.924491999999997,29.262961999999998,2.404029e+00,0.0407,tile_30.8740_29.2470,moisture_differential
30.924699999999998,29.262961999999998,2.295049e+00,0.0141,tile_30.8740_29.2470,moisture_differential
30.925739999999998,29.262961999999998,2.379439e+00,0.0347,tile_30.8740_29.2470,moisture_differential
30.925843999999998,29.262961999999998,2.269829e+00,0.0079,tile_30.8740_29.2470,moisture_differential
30.882683999999998,29.26287,2.441433e+00,0.0498,tile_30.8740_29.2470,moisture_differential
30.892875999999998,29.26287,2.341512e+00,0.0254,tile_30.8740_29.2470,moisture_differential
30.894228,29.26287,3.482723e+00,0.3038,tile_30.8740_29.2470,moisture_differential
30.894332,29.26287,5.138689e+00,0.7078,tile_30.8740_29.2470,moisture_differential
30.894436,29.26287,4.717088e+00,0.6049,tile_30.8740_29.2470,moisture_differential
30.89454,29.26287,3.606884e+00,0.3341,tile_30.8740_29.2470,moisture_differential
30.898908,29.26287,2.282767e+00,0.0111,tile_30.8740_29.2470,moisture_differential
30.901092,29.26287,2.258967e+00,0.0053,tile_30.8740_29.2470,moisture_differential
30.909827999999997,29.26287,2.834779e+00,0.1457,tile_30.8740_29.2470,moisture_differential
30.909931999999998,29.26287,2.375191e+00,0.0336,tile_30.8740_29.2470,moisture_differential
30.917835999999998,29.26287,2.276529e+00,0.0096,tile_30.8740_29.2470,moisture_differential
30.918044,29.26287,2.490786e+00,0.0618,tile_30.8740_29.2470,moisture_differential
30.923868,29.26287,2.299439e+00,0.0151,tile_30.8740_29.2470,moisture_differential
30.925116,29.26287,2.587139e+00,0.0853,tile_30.8740_29.2470,moisture_differential
30.92522,29.26287,2.330228e+00,0.0227,tile_30.8740_29.2470,moisture_differential
30.925739999999998,29.26287,2.356889e+00,0.0292,tile_30.8740_29.2470,moisture_differential
30.925947999999998,29.26287,2.591355e+00,0.0864,tile_30.8740_29.2470,moisture_differential
30.882476,29.262778,2.242294e+00,0.0012,tile_30.8740_29.2470,moisture_differential
30.882579999999997,29.262778,2.503569e+00,0.0649,tile_30.8740_29.2470,moisture_differential
30.882683999999998,29.262778,2.449898e+00,0.0519,tile_30.8740_29.2470,moisture_differential
30.894332,29.262778,3.511966e+00,0.3109,tile_30.8740_29.2470,moisture_differential
30.894436,29.262778,3.018020e+00,0.1904,tile_30.8740_29.2470,moisture_differential
30.89454,29.262778,2.654071e+00,0.1017,tile_30.8740_29.2470,moisture_differential
30.917316,29.262778,2.326833e+00,0.0218,tile_30.8740_29.2470,moisture_differential
30.91742,29.262778,2.315323e+00,0.0190,tile_30.8740_29.2470,moisture_differential
30.917731999999997,29.262778,2.263187e+00,0.0063,tile_30.8740_29.2470,moisture_differential
30.918771999999997,29.262778,2.342466e+00,0.0256,tile_30.8740_29.2470,moisture_differential
30.920227999999998,29.262778,2.540222e+00,0.0739,tile_30.8740_29.2470,moisture_differential
30.924076,29.262778,2.427336e+00,0.0463,tile_30.8740_29.2470,moisture_differential
30.924284,29.262778,2.296243e+00,0.0144,tile_30.8740_29.2470,moisture_differential
30.925116,29.262778,2.426558e+00,0.0462,tile_30.8740_29.2470,moisture_differential
30.925324,29.262778,2.677398e+00,0.1074,tile_30.8740_29.2470,moisture_differential
30.925843999999998,29.262778,2.286650e+00,0.0120,tile_30.8740_29.2470,moisture_differential
30.925947999999998,29.262778,2.481731e+00,0.0596,tile_30.8740_29.2470,moisture_differential
30.881228,29.262686,2.507395e+00,0.0659,tile_30.8740_29.2470,moisture_differential
30.882579999999997,29.262686,2.580033e+00,0.0836,tile_30.8740_29.2470,moisture_differential
30.884244,29.262686,2.339327e+00,0.0249,tile_30.8740_29.2470,moisture_differential
30.893083999999998,29.262686,2.240271e+00,0.0007,tile_30.8740_29.2470,moisture_differential
30.917212,29.262686,2.376640e+00,0.0340,tile_30.8740_29.2470,moisture_differential
30.91742,29.262686,2.288642e+00,0.0125,tile_30.8740_29.2470,moisture_differential
30.920227999999998,29.262686,2.544534e+00,0.0749,tile_30.8740_29.2470,moisture_differential
30.920332,29.262686,2.495775e+00,0.0630,tile_30.8740_29.2470,moisture_differential
30.923243999999997,29.262686,2.416302e+00,0.0437,tile_30.8740_29.2470,moisture_differential
30.923347999999997,29.262686,2.435850e+00,0.0484,tile_30.8740_29.2470,moisture_differential
30.923659999999998,29.262686,2.559504e+00,0.0786,tile_30.8740_29.2470,moisture_differential
30.923764,29.262686,2.592038e+00,0.0865,tile_30.8740_29.2470,moisture_differential
30.924076,29.262686,2.318024e+00,0.0197,tile_30.8740_29.2470,moisture_differential
30.92418,29.262686,2.310892e+00,0.0179,tile_30.8740_29.2470,moisture_differential
30.924699999999998,29.262686,2.239104e+00,0.0004,tile_30.8740_29.2470,moisture_differential
30.925324,29.262686,2.427140e+00,0.0463,tile_30.8740_29.2470,moisture_differential
30.925739999999998,29.262686,2.239759e+00,0.0006,tile_30.8740_29.2470,moisture_differential
30.925843999999998,29.262686,2.612620e+00,0.0915,tile_30.8740_29.2470,moisture_differential
30.879355999999998,29.262594,2.445286e+00,0.0507,tile_30.8740_29.2470,moisture_differential
30.881228,29.262594,2.519753e+00,0.0689,tile_30.8740_29.2470,moisture_differential
30.903171999999998,29.262594,2.263953e+00,0.0065,tile_30.8740_29.2470,moisture_differential
30.906291999999997,29.262594,2.565534e+00,0.0801,tile_30.8740_29.2470,moisture_differential
30.917835999999998,29.262594,2.311226e+00,0.0180,tile_30.8740_29.2470,moisture_differential
30.923243999999997,29.262594,2.544177e+00,0.0749,tile_30.8740_29.2470,moisture_differential
30.923347999999997,29.262594,2.546240e+00,0.0754,tile_30.8740_29.2470,moisture_differential
30.92418,29.262594,2.485501e+00,0.0605,tile_30.8740_29.2470,moisture_differential
30.924284,29.262594,2.249909e+00,0.0031,tile_30.8740_29.2470,moisture_differential
30.925531999999997,29.262594,2.431755e+00,0.0474,tile_30.8740_29.2470,moisture_differential
30.925635999999997,29.262594,2.259908e+00,0.0055,tile_30.8740_29.2470,moisture_differential
30.925739999999998,29.262594,3.101765e+00,0.2109,tile_30.8740_29.2470,moisture_differential
30.925843999999998,29.262594,2.334225e+00,0.0236,tile_30.8740_29.2470,moisture_differential
30.881228,29.262502,2.251993e+00,0.0036,tile_30.8740_29.2470,moisture_differential
30.891835999999998,29.262502,2.282811e+00,0.0111,tile_30.8740_29.2470,moisture_differential
30.900364,29.262502,2.341342e+00,0.0254,tile_30.8740_29.2470,moisture_differential
30.90702,29.262502,2.398585e+00,0.0393,tile_30.8740_29.2470,moisture_differential
30.907124,29.262502,2.307087e+00,0.0170,tile_30.8740_29.2470,moisture_differential
30.915547999999998,29.262502,2.712029e+00,0.1158,tile_30.8740_29.2470,moisture_differential
30.915651999999998,29.262502,2.440086e+00,0.0495,tile_30.8740_29.2470,moisture_differential
30.92054,29.262502,2.361453e+00,0.0303,tile_30.8740_29.2470,moisture_differential
30.921059999999997,29.262502,2.274882e+00,0.0092,tile_30.8740_29.2470,moisture_differential
30.923243999999997,29.262502,2.533819e+00,0.0723,tile_30.8740_29.2470,moisture_differential
30.923347999999997,29.262502,2.337064e+00,0.0243,tile_30.8740_29.2470,moisture_differential
30.923451999999997,29.262502,2.388622e+00,0.0369,tile_30.8740_29.2470,moisture_differential
30.923555999999998,29.262502,2.567094e+00,0.0804,tile_30.8740_29.2470,moisture_differential
30.923659999999998,29.262502,2.696321e+00,0.1120,tile_30.8740_29.2470,moisture_differential
30.924076,29.262502,2.331510e+00,0.0230,tile_30.8740_29.2470,moisture_differential
30.92418,29.262502,2.492844e+00,0.0623,tile_30.8740_29.2470,moisture_differential
30.925428,29.262502,2.551405e+00,0.0766,tile_30.8740_29.2470,moisture_differential
30.925531999999997,29.262502,2.677087e+00,0.1073,tile_30.8740_29.2470,moisture_differential
30.925635999999997,29.262502,2.534530e+00,0.0725,tile_30.8740_29.2470,moisture_differential
30.925739999999998,29.262502,2.481270e+00,0.0595,tile_30.8740_29.2470,moisture_differential
30.885388,29.26241,2.260629e+00,0.0057,tile_30.8740_29.2470,moisture_differential
30.885492,29.26241,2.307327e+00,0.0171,tile_30.8740_29.2470,moisture_differential
30.8857,29.26241,2.431009e+00,0.0472,tile_30.8740_29.2470,moisture_differential
30.885907999999997,29.26241,2.282195e+00,0.0109,tile_30.8740_29.2470,moisture_differential
30.888092,29.26241,2.273915e+00,0.0089,tile_30.8740_29.2470,moisture_differential
30.909931999999998,29.26241,2.454099e+00,0.0529,tile_30.8740_29.2470,moisture_differential
30.918044,29.26241,2.553591e+00,0.0771,tile_30.8740_29.2470,moisture_differential
30.918148,29.26241,2.464078e+00,0.0553,tile_30.8740_29.2470,moisture_differential
30.918252,29.26241,2.278900e+00,0.0101,tile_30.8740_29.2470,moisture_differential
30.920644,29.26241,2.257051e+00,0.0048,tile_30.8740_29.2470,moisture_differential
30.923347999999997,29.26241,2.241971e+00,0.0011,tile_30.8740_29.2470,moisture_differential
30.923451999999997,29.26241,2.371843e+00,0.0328,tile_30.8740_29.2470,moisture_differential
30.924076,29.26241,2.629652e+00,0.0957,tile_30.8740_29.2470,moisture_differential
30.92418,29.26241,2.553749e+00,0.0772,tile_30.8740_29.2470,moisture_differential
30.924491999999997,29.26241,2.531507e+00,0.0718,tile_30.8740_29.2470,moisture_differential
30.925012,29.26241,2.372932e+00,0.0331,tile_30.8740_29.2470,moisture_differential
30.925116,29.26241,2.239522e+00,0.0005,tile_30.8740_29.2470,moisture_differential
30.925428,29.26241,2.245925e+00,0.0021,tile_30.8740_29.2470,moisture_differential
30.881124,29.262318,2.253917e+00,0.0040,tile_30.8740_29.2470,moisture_differential
30.882579999999997,29.262318,2.286905e+00,0.0121,tile_30.8740_29.2470,moisture_differential
30.88518,29.262318,2.333347e+00,0.0234,tile_30.8740_29.2470,moisture_differential
30.885388,29.262318,2.968830e+00,0.1784,tile_30.8740_29.2470,moisture_differential
30.885492,29.262318,2.797402e+00,0.1366,tile_30.8740_29.2470,moisture_differential
30.885596,29.262318,2.493148e+00,0.0624,tile_30.8740_29.2470,moisture_differential
30.8857,29.262318,2.526090e+00,0.0704,tile_30.8740_29.2470,moisture_differential
30.885804,29.262318,2.703269e+00,0.1137,tile_30.8740_29.2470,moisture_differential
30.894644,29.262318,2.297037e+00,0.0146,tile_30.8740_29.2470,moisture_differential
30.894748,29.262318,2.414897e+00,0.0433,tile_30.8740_29.2470,moisture_differential
30.909931999999998,29.262318,2.975411e+00,0.1800,tile_30.8740_29.2470,moisture_differential
30.910035999999998,29.262318,2.635789e+00,0.0972,tile_30.8740_29.2470,moisture_differential
30.91014,29.262318,2.368159e+00,0.0319,tile_30.8740_29.2470,moisture_differential
30.916587999999997,29.262318,2.691602e+00,0.1108,tile_30.8740_29.2470,moisture_differential
30.917939999999998,29.262318,2.319021e+00,0.0199,tile_30.8740_29.2470,moisture_differential
30.918148,29.262318,2.571283e+00,0.0815,tile_30.8740_29.2470,moisture_differential
30.920644,29.262318,2.922742e+00,0.1672,tile_30.8740_29.2470,moisture_differential
30.920748,29.262318,2.289952e+00,0.0128,tile_30.8740_29.2470,moisture_differential
30.920852,29.262318,2.313931e+00,0.0187,tile_30.8740_29.2470,moisture_differential
30.922724,29.262318,2.342187e+00,0.0256,tile_30.8740_29.2470,moisture_differential
30.923347999999997,29.262318,2.245439e+00,0.0020,tile_30.8740_29.2470,moisture_differential
30.924076,29.262318,2.381516e+00,0.0352,tile_30.8740_29.2470,moisture_differential
30.925012,29.262318,2.724346e+00,0.1188,tile_30.8740_29.2470,moisture_differential
30.925116,29.262318,2.436783e+00,0.0487,tile_30.8740_29.2470,moisture_differential
30.92522,29.262318,2.561394e+00,0.0791,tile_30.8740_29.2470,moisture_differential
30.882476,29.262226,2.243596e+00,0.0015,tile_30.8740_29.2470,moisture_differential
30.88518,29.262226,2.245346e+00,0.0020,tile_30.8740_29.2470,moisture_differential
30.885388,29.262226,3.079637e+00,0.2055,tile_30.8740_29.2470,moisture_differential
30.885492,29.262226,2.831473e+00,0.1449,tile_30.8740_29.2470,moisture_differential
30.885596,29.262226,2.416153e+00,0.0436,tile_30.8740_29.2470,moisture_differential
30.8857,29.262226,2.583627e+00,0.0845,tile_30.8740_29.2470,moisture_differential
30.885804,29.262226,2.313281e+00,0.0185,tile_30.8740_29.2470,moisture_differential
30.891212,29.262226,2.579773e+00,0.0835,tile_30.8740_29.2470,moisture_differential
30.897764,29.262226,2.301136e+00,0.0156,tile_30.8740_29.2470,moisture_differential
30.901612,29.262226,2.257622e+00,0.0049,tile_30.8740_29.2470,moisture_differential
30.909931999999998,29.262226,2.792522e+00,0.1354,tile_30.8740_29.2470,moisture_differential
30.910035999999998,29.262226,2.609238e+00,0.0907,tile_30.8740_29.2470,moisture_differential
30.91014,29.262226,2.634688e+00,0.0969,tile_30.8740_29.2470,moisture_differential
30.915443999999997,29.262226,2.242923e+00,0.0014,tile_30.8740_29.2470,moisture_differential
30.916068,29.262226,2.865911e+00,0.1533,tile_30.8740_29.2470,moisture_differential
30.916483999999997,29.262226,2.516693e+00,0.0681,tile_30.8740_29.2470,moisture_differential
30.916587999999997,29.262226,2.778133e+00,0.1319,tile_30.8740_29.2470,moisture_differential
30.920332,29.262226,2.319032e+00,0.0199,tile_30.8740_29.2470,moisture_differential
30.920644,29.262226,2.697759e+00,0.1123,tile_30.8740_29.2470,moisture_differential
30.920748,29.262226,2.400851e+00,0.0399,tile_30.8740_29.2470,moisture_differential
30.922932,29.262226,2.533697e+00,0.0723,tile_30.8740_29.2470,moisture_differential
30.923036,29.262226,2.239857e+00,0.0006,tile_30.8740_29.2470,moisture_differential
30.923347999999997,29.262226,2.316780e+00,0.0194,tile_30.8740_29.2470,moisture_differential
30.923972,29.262226,2.265925e+00,0.0070,tile_30.8740_29.2470,moisture_differential
30.924803999999998,29.262226,2.277100e+00,0.0097,tile_30.8740_29.2470,moisture_differential
30.925012,29.262226,2.583987e+00,0.0846,tile_30.8740_29.2470,moisture_differential
30.925116,29.262226,2.335711e+00,0.0240,tile_30.8740_29.2470,moisture_differential
30.877484,29.262134,2.241584e+00,0.0010,tile_30.8740_29.2470,moisture_differential
30.879876,29.262134,2.479813e+00,0.0592,tile_30.8740_29.2470,moisture_differential
30.885075999999998,29.262134,2.353861e+00,0.0284,tile_30.8740_29.2470,moisture_differential
30.885388,29.262134,2.499752e+00,0.0640,tile_30.8740_29.2470,moisture_differential
30.885492,29.262134,2.624447e+00,0.0944,tile_30.8740_29.2470,moisture_differential
30.885804,29.262134,2.453617e+00,0.0528,tile_30.8740_29.2470,moisture_differential
30.885907999999997,29.262134,2.261085e+00,0.0058,tile_30.8740_29.2470,moisture_differential
30.894228,29.262134,2.466869e+00,0.0560,tile_30.8740_29.2470,moisture_differential
30.894332,29.262134,2.396742e+00,0.0389,tile_30.8740_29.2470,moisture_differential
30.895476,29.262134,2.369070e+00,0.0321,tile_30.8740_29.2470,moisture_differential
30.901612,29.262134,2.361942e+00,0.0304,tile_30.8740_29.2470,moisture_differential
30.911492,29.262134,2.500836e+00,0.0643,tile_30.8740_29.2470,moisture_differential
30.915651999999998,29.262134,2.596561e+00,0.0876,tile_30.8740_29.2470,moisture_differential
30.915756,29.262134,2.376542e+00,0.0340,tile_30.8740_29.2470,moisture_differential
30.91638,29.262134,2.593880e+00,0.0870,tile_30.8740_29.2470,moisture_differential
30.916483999999997,29.262134,3.059860e+00,0.2007,tile_30.8740_29.2470,moisture_differential
30.916587999999997,29.262134,2.707610e+00,0.1147,tile_30.8740_29.2470,moisture_differential
30.916795999999998,29.262134,2.421596e+00,0.0449,tile_30.8740_29.2470,moisture_differential
30.920123999999998,29.262134,2.468508e+00,0.0564,tile_30.8740_29.2470,moisture_differential
30.920332,29.262134,2.907666e+00,0.1635,tile_30.8740_29.2470,moisture_differential
30.920436,29.262134,2.351627e+00,0.0279,tile_30.8740_29.2470,moisture_differential
30.920748,29.262134,2.476725e+00,0.0584,tile_30.8740_29.2470,moisture_differential
30.921163999999997,29.262134,2.413248e+00,0.0429,tile_30.8740_29.2470,moisture_differential
30.923347999999997,29.262134,2.414368e+00,0.0432,tile_30.8740_29.2470,moisture_differential
30.923972,29.262134,2.565184e+00,0.0800,tile_30.8740_29.2470,moisture_differential
30.924491999999997,29.262134,2.460048e+00,0.0543,tile_30.8740_29.2470,moisture_differential
30.925116,29.262134,2.462471e+00,0.0549,tile_30.8740_29.2470,moisture_differential
30.92522,29.262134,2.502064e+00,0.0646,tile_30.8740_29.2470,moisture_differential
30.925324,29.262134,2.833550e+00,0.1454,tile_30.8740_29.2470,moisture_differential
30.878107999999997,29.262042,2.420325e+00,0.0446,tile_30.8740_29.2470,moisture_differential
30.879876,29.262042,2.290074e+00,0.0129,tile_30.8740_29.2470,moisture_differential
30.881852,29.262042,2.274434e+00,0.0090,tile_30.8740_29.2470,moisture_differential
30.885075999999998,29.262042,2.253452e+00,0.0039,tile_30.8740_29.2470,moisture_differential
30.894228,29.262042,2.773213e+00,0.1307,tile_30.8740_29.2470,moisture_differential
30.894332,29.262042,2.917845e+00,0.1660,tile_30.8740_29.2470,moisture_differential
30.894436,29.262042,2.483651e+00,0.0601,tile_30.8740_29.2470,moisture_differential
30.901715999999997,29.262042,2.282370e+00,0.0110,tile_30.8740_29.2470,moisture_differential
30.904836,29.262042,2.392357e+00,0.0378,tile_30.8740_29.2470,moisture_differential
30.90494,29.262042,2.691386e+00,0.1108,tile_30.8740_29.2470,moisture_differential
30.910035999999998,29.262042,2.414972e+00,0.0433,tile_30.8740_29.2470,moisture_differential
30.915339999999997,29.262042,2.589609e+00,0.0859,tile_30.8740_29.2470,moisture_differential
30.915443999999997,29.262042,2.399507e+00,0.0396,tile_30.8740_29.2470,moisture_differential
30.915547999999998,29.262042,2.448972e+00,0.0516,tile_30.8740_29.2470,moisture_differential
30.915651999999998,29.262042,3.358734e+00,0.2736,tile_30.8740_29.2470,moisture_differential
30.915756,29.262042,2.880278e+00,0.1568,tile_30.8740_29.2470,moisture_differential
30.916276,29.262042,2.368730e+00,0.0321,tile_30.8740_29.2470,moisture_differential
30.91638,29.262042,2.817351e+00,0.1415,tile_30.8740_29.2470,moisture_differential
30.916483999999997,29.262042,3.035053e+00,0.1946,tile_30.8740_29.2470,moisture_differential
30.916587999999997,29.262042,2.789457e+00,0.1347,tile_30.8740_29.2470,moisture_differential
30.919708,29.262042,2.369553e+00,0.0323,tile_30.8740_29.2470,moisture_differential
30.920436,29.262042,2.300889e+00,0.0155,tile_30.8740_29.2470,moisture_differential
30.920852,29.262042,2.368345e+00,0.0320,tile_30.8740_29.2470,moisture_differential
30.921059999999997,29.262042,2.333810e+00,0.0235,tile_30.8740_29.2470,moisture_differential
30.925635999999997,29.262042,2.383524e+00,0.0357,tile_30.8740_29.2470,moisture_differential
30.879772,29.26195,2.332610e+00,0.0232,tile_30.8740_29.2470,moisture_differential
30.879876,29.26195,2.320716e+00,0.0203,tile_30.8740_29.2470,moisture_differential
30.894123999999998,29.26195,2.411752e+00,0.0425,tile_30.8740_29.2470,moisture_differential
30.894228,29.26195,2.722825e+00,0.1184,tile_30.8740_29.2470,moisture_differential
30.894332,29.26195,2.922892e+00,0.1672,tile_30.8740_29.2470,moisture_differential
30.901819999999997,29.26195,2.251693e+00,0.0035,tile_30.8740_29.2470,moisture_differential
30.90494,29.26195,2.250502e+00,0.0032,tile_30.8740_29.2470,moisture_differential
30.906812,29.26195,2.340239e+00,0.0251,tile_30.8740_29.2470,moisture_differential
30.907747999999998,29.26195,2.705725e+00,0.1143,tile_30.8740_29.2470,moisture_differential
30.907852,29.26195,2.579898e+00,0.0836,tile_30.8740_29.2470,moisture_differential
30.915547999999998,29.26195,2.606510e+00,0.0901,tile_30.8740_29.2470,moisture_differential
30.915651999999998,29.26195,3.155075e+00,0.2239,tile_30.8740_29.2470,moisture_differential
30.915756,29.26195,3.122545e+00,0.2159,tile_30.8740_29.2470,moisture_differential
30.91586,29.26195,2.614608e+00,0.0920,tile_30.8740_29.2470,moisture_differential
30.915964,29.26195,2.265916e+00,0.0070,tile_30.8740_29.2470,moisture_differential
30.916068,29.26195,2.908475e+00,0.1637,tile_30.8740_29.2470,moisture_differential
30.916172,29.26195,2.667061e+00,0.1048,tile_30.8740_29.2470,moisture_differential
30.916276,29.26195,2.321454e+00,0.0205,tile_30.8740_29.2470,moisture_differential
30.91638,29.26195,2.608739e+00,0.0906,tile_30.8740_29.2470,moisture_differential
30.916483999999997,29.26195,2.737708e+00,0.1221,tile_30.8740_29.2470,moisture_differential
30.916587999999997,29.26195,2.323098e+00,0.0209,tile_30.8740_29.2470,moisture_differential
30.923451999999997,29.26195,2.478716e+00,0.0589,tile_30.8740_29.2470,moisture_differential
30.925843999999998,29.26195,2.447664e+00,0.0513,tile_30.8740_29.2470,moisture_differential
30.894228,29.261858,2.710901e+00,0.1155,tile_30.8740_29.2470,moisture_differential
30.894332,29.261858,2.377474e+00,0.0342,tile_30.8740_29.2470,moisture_differential
30.904732,29.261858,2.275261e+00,0.0093,tile_30.8740_29.2470,moisture_differential
30.904836,29.261858,2.276986e+00,0.0097,tile_30.8740_29.2470,moisture_differential
30.906708,29.261858,2.600016e+00,0.0885,tile_30.8740_29.2470,moisture_differential
30.906812,29.261858,2.755583e+00,0.1264,tile_30.8740_29.2470,moisture_differential
30.906916,29.261858,2.242596e+00,0.0013,tile_30.8740_29.2470,moisture_differential
30.907332,29.261858,2.337053e+00,0.0243,tile_30.8740_29.2470,moisture_differential
30.907435999999997,29.261858,2.357879e+00,0.0294,tile_30.8740_29.2470,moisture_differential
30.907643999999998,29.261858,2.752096e+00,0.1256,tile_30.8740_29.2470,moisture_differential
30.907747999999998,29.261858,3.062538e+00,0.2013,tile_30.8740_29.2470,moisture_differential
30.907852,29.261858,3.179435e+00,0.2298,tile_30.8740_29.2470,moisture_differential
30.907956,29.261858,2.269624e+00,0.0079,tile_30.8740_29.2470,moisture_differential
30.910035999999998,29.261858,3.078870e+00,0.2053,tile_30.8740_29.2470,moisture_differential
30.91014,29.261858,2.446230e+00,0.0510,tile_30.8740_29.2470,moisture_differential
30.915547999999998,29.261858,2.259294e+00,0.0054,tile_30.8740_29.2470,moisture_differential
30.915756,29.261858,2.493653e+00,0.0625,tile_30.8740_29.2470,moisture_differential
30.91586,29.261858,2.468373e+00,0.0564,tile_30.8740_29.2470,moisture_differential
30.915964,29.261858,2.627020e+00,0.0951,tile_30.8740_29.2470,moisture_differential
30.916068,29.261858,3.058200e+00,0.2002,tile_30.8740_29.2470,moisture_differential
30.916172,29.261858,3.350996e+00,0.2717,tile_30.8740_29.2470,moisture_differential
30.91638,29.261858,2.331253e+00,0.0229,tile_30.8740_29.2470,moisture_differential
30.916483999999997,29.261858,2.519058e+00,0.0687,tile_30.8740_29.2470,moisture_differential
30.916587999999997,29.261858,2.324369e+00,0.0212,tile_30.8740_29.2470,moisture_differential
30.9169,29.261858,2.300558e+00,0.0154,tile_30.8740_29.2470,moisture_differential
30.920123999999998,29.261858,2.241480e+00,0.0010,tile_30.8740_29.2470,moisture_differential
30.920332,29.261858,2.377056e+00,0.0341,tile_30.8740_29.2470,moisture_differential
30.92054,29.261858,2.279866e+00,0.0104,tile_30.8740_29.2470,moisture_differential
30.920644,29.261858,2.423346e+00,0.0454,tile_30.8740_29.2470,moisture_differential
30.922932,29.261858,2.805202e+00,0.1385,tile_30.8740_29.2470,moisture_differential
30.923036,29.261858,2.415141e+00,0.0434,tile_30.8740_29.2470,moisture_differential
30.923555999999998,29.261858,2.319824e+00,0.0201,tile_30.8740_29.2470,moisture_differential
30.878524,29.261765999999998,2.246236e+00,0.0022,tile_30.8740_29.2470,moisture_differential
30.881643999999998,29.261765999999998,2.456591e+00,0.0535,tile_30.8740_29.2470,moisture_differential
30.892252,29.261765999999998,2.356341e+00,0.0290,tile_30.8740_29.2470,moisture_differential
30.89766,29.261765999999998,2.501985e+00,0.0646,tile_30.8740_29.2470,moisture_differential
30.906812,29.261765999999998,2.946995e+00,0.1731,tile_30.8740_29.2470,moisture_differential
30.906916,29.261765999999998,2.383832e+00,0.0357,tile_30.8740_29.2470,moisture_differential
30.907228,29.261765999999998,2.958220e+00,0.1759,tile_30.8740_29.2470,moisture_differential
30.907332,29.261765999999998,2.875472e+00,0.1557,tile_30.8740_29.2470,moisture_differential
30.907435999999997,29.261765999999998,2.701524e+00,0.1132,tile_30.8740_29.2470,moisture_differential
30.907539999999997,29.261765999999998,2.495322e+00,0.0629,tile_30.8740_29.2470,moisture_differential
30.907643999999998,29.261765999999998,2.630413e+00,0.0959,tile_30.8740_29.2470,moisture_differential
30.907747999999998,29.261765999999998,2.961103e+00,0.1766,tile_30.8740_29.2470,moisture_differential
30.907852,29.261765999999998,3.132245e+00,0.2183,tile_30.8740_29.2470,moisture_differential
30.907956,29.261765999999998,2.771093e+00,0.1302,tile_30.8740_29.2470,moisture_differential
30.909931999999998,29.261765999999998,3.045198e+00,0.1971,tile_30.8740_29.2470,moisture_differential
30.910035999999998,29.261765999999998,3.837956e+00,0.3905,tile_30.8740_29.2470,moisture_differential
30.91014,29.261765999999998,3.398821e+00,0.2833,tile_30.8740_29.2470,moisture_differential
30.910244,29.261765999999998,3.378981e+00,0.2785,tile_30.8740_29.2470,moisture_differential
30.915028,29.261765999999998,2.544175e+00,0.0749,tile_30.8740_29.2470,moisture_differential
30.915132,29.261765999999998,2.608725e+00,0.0906,tile_30.8740_29.2470,moisture_differential
30.915236,29.261765999999998,2.456108e+00,0.0534,tile_30.8740_29.2470,moisture_differential
30.915651999999998,29.261765999999998,2.846739e+00,0.1487,tile_30.8740_29.2470,moisture_differential
30.915756,29.261765999999998,2.375454e+00,0.0337,tile_30.8740_29.2470,moisture_differential
30.915964,29.261765999999998,2.641266e+00,0.0985,tile_30.8740_29.2470,moisture_differential
30.916276,29.261765999999998,2.453641e+00,0.0528,tile_30.8740_29.2470,moisture_differential
30.91638,29.261765999999998,2.555581e+00,0.0776,tile_30.8740_29.2470,moisture_differential
30.916483999999997,29.261765999999998,2.246168e+00,0.0022,tile_30.8740_29.2470,moisture_differential
30.916691999999998,29.261765999999998,2.279788e+00,0.0104,tile_30.8740_29.2470,moisture_differential
30.919396,29.261765999999998,2.266484e+00,0.0071,tile_30.8740_29.2470,moisture_differential
30.920123999999998,29.261765999999998,3.101443e+00,0.2108,tile_30.8740_29.2470,moisture_differential
30.920227999999998,29.261765999999998,2.649407e+00,0.1005,tile_30.8740_29.2470,moisture_differential
30.920748,29.261765999999998,2.479671e+00,0.0591,tile_30.8740_29.2470,moisture_differential
30.92262,29.261765999999998,2.311062e+00,0.0180,tile_30.8740_29.2470,moisture_differential
30.922724,29.261765999999998,2.542854e+00,0.0745,tile_30.8740_29.2470,moisture_differential
30.922828,29.261765999999998,2.328158e+00,0.0222,tile_30.8740_29.2470,moisture_differential
30.922932,29.261765999999998,2.504581e+00,0.0652,tile_30.8740_29.2470,moisture_differential
30.923036,29.261765999999998,2.447844e+00,0.0514,tile_30.8740_29.2470,moisture_differential
30.92314,29.261765999999998,2.615310e+00,0.0922,tile_30.8740_29.2470,moisture_differential
30.923243999999997,29.261765999999998,2.493597e+00,0.0625,tile_30.8740_29.2470,moisture_differential
30.923868,29.261765999999998,2.775036e+00,0.1312,tile_30.8740_29.2470,moisture_differential
30.925428,29.261765999999998,2.238646e+00,0.0003,tile_30.8740_29.2470,moisture_differential
30.885804,29.261674,2.593751e+00,0.0869,tile_30.8740_29.2470,moisture_differential
30.886428,29.261674,2.265704e+00,0.0069,tile_30.8740_29.2470,moisture_differential
30.906812,29.261674,2.410206e+00,0.0422,tile_30.8740_29.2470,moisture_differential
30.906916,29.261674,3.020993e+00,0.1912,tile_30.8740_29.2470,moisture_differential
30.907228,29.261674,2.990484e+00,0.1837,tile_30.8740_29.2470,moisture_differential
30.907332,29.261674,2.836328e+00,0.1461,tile_30.8740_29.2470,moisture_differential
30.907747999999998,29.261674,2.637229e+00,0.0976,tile_30.8740_29.2470,moisture_differential
30.907852,29.261674,2.824029e+00,0.1431,tile_30.8740_29.2470,moisture_differential
30.907956,29.261674,2.750715e+00,0.1252,tile_30.8740_29.2470,moisture_differential
30.910035999999998,29.261674,2.842393e+00,0.1476,tile_30.8740_29.2470,moisture_differential
30.91014,29.261674,3.042825e+00,0.1965,tile_30.8740_29.2470,moisture_differential
30.910244,29.261674,2.905203e+00,0.1629,tile_30.8740_29.2470,moisture_differential
30.910348,29.261674,2.366165e+00,0.0314,tile_30.8740_29.2470,moisture_differential
30.913884,29.261674,2.332595e+00,0.0232,tile_30.8740_29.2470,moisture_differential
30.915132,29.261674,2.435935e+00,0.0484,tile_30.8740_29.2470,moisture_differential
30.915236,29.261674,2.497017e+00,0.0633,tile_30.8740_29.2470,moisture_differential
30.915547999999998,29.261674,2.256073e+00,0.0046,tile_30.8740_29.2470,moisture_differential
30.915651999999998,29.261674,2.708868e+00,0.1150,tile_30.8740_29.2470,moisture_differential
30.915756,29.261674,2.510355e+00,0.0666,tile_30.8740_29.2470,moisture_differential
30.91586,29.261674,2.585592e+00,0.0850,tile_30.8740_29.2470,moisture_differential
30.915964,29.261674,2.558137e+00,0.0783,tile_30.8740_29.2470,moisture_differential
30.916068,29.261674,2.340537e+00,0.0252,tile_30.8740_29.2470,moisture_differential
30.916172,29.261674,2.324850e+00,0.0213,tile_30.8740_29.2470,moisture_differential
30.916276,29.261674,2.593849e+00,0.0870,tile_30.8740_29.2470,moisture_differential
30.91638,29.261674,2.457679e+00,0.0538,tile_30.8740_29.2470,moisture_differential
30.916483999999997,29.261674,2.975992e+00,0.1802,tile_30.8740_29.2470,moisture_differential
30.916587999999997,29.261674,2.614558e+00,0.0920,tile_30.8740_29.2470,moisture_differential
30.916691999999998,29.261674,2.636152e+00,0.0973,tile_30.8740_29.2470,moisture_differential
30.919188,29.261674,2.340499e+00,0.0252,tile_30.8740_29.2470,moisture_differential
30.920019999999997,29.261674,2.388703e+00,0.0369,tile_30.8740_29.2470,moisture_differential
30.920123999999998,29.261674,2.896050e+00,0.1607,tile_30.8740_29.2470,moisture_differential
30.920227999999998,29.261674,2.880569e+00,0.1569,tile_30.8740_29.2470,moisture_differential
30.920332,29.261674,2.364479e+00,0.0310,tile_30.8740_29.2470,moisture_differential
30.92054,29.261674,2.401096e+00,0.0399,tile_30.8740_29.2470,moisture_differential
30.920644,29.261674,2.336502e+00,0.0242,tile_30.8740_29.2470,moisture_differential
30.92262,29.261674,2.399076e+00,0.0395,tile_30.8740_29.2470,moisture_differential
30.923036,29.261674,2.679012e+00,0.1077,tile_30.8740_29.2470,moisture_differential
30.92314,29.261674,2.893276e+00,0.1600,tile_30.8740_29.2470,moisture_differential
30.923243999999997,29.261674,2.596357e+00,0.0876,tile_30.8740_29.2470,moisture_differential
30.923764,29.261674,2.379310e+00,0.0346,tile_30.8740_29.2470,moisture_differential
30.923868,29.261674,2.375063e+00,0.0336,tile_30.8740_29.2470,moisture_differential
30.923972,29.261674,2.600433e+00,0.0886,tile_30.8740_29.2470,moisture_differential
30.924803999999998,29.261674,2.361354e+00,0.0303,tile_30.8740_29.2470,moisture_differential
30.925843999999998,29.261674,2.424967e+00,0.0458,tile_30.8740_29.2470,moisture_differential
30.877588,29.261582,2.371482e+00,0.0327,tile_30.8740_29.2470,moisture_differential
30.886324,29.261582,2.273335e+00,0.0088,tile_30.8740_29.2470,moisture_differential
30.907228,29.261582,2.448158e+00,0.0514,tile_30.8740_29.2470,moisture_differential
30.910348,29.261582,2.283276e+00,0.0112,tile_30.8740_29.2470,moisture_differential
30.914611999999998,29.261582,2.399149e+00,0.0395,tile_30.8740_29.2470,moisture_differential
30.915651999999998,29.261582,2.301698e+00,0.0157,tile_30.8740_29.2470,moisture_differential
30.915756,29.261582,2.697107e+00,0.1122,tile_30.8740_29.2470,moisture_differential
30.91586,29.261582,2.860391e+00,0.1520,tile_30.8740_29.2470,moisture_differential
30.916068,29.261582,2.750321e+00,0.1251,tile_30.8740_29.2470,moisture_differential
30.916172,29.261582,2.602679e+00,0.0891,tile_30.8740_29.2470,moisture_differential
30.916276,29.261582,2.376293e+00,0.0339,tile_30.8740_29.2470,moisture_differential
30.916483999999997,29.261582,3.071838e+00,0.2036,tile_30.8740_29.2470,moisture_differential
30.916587999999997,29.261582,2.523969e+00,0.0699,tile_30.8740_29.2470,moisture_differential
30.916691999999998,29.261582,2.296959e+00,0.0145,tile_30.8740_29.2470,moisture_differential
30.918252,29.261582,2.488157e+00,0.0612,tile_30.8740_29.2470,moisture_differential
30.918356,29.261582,2.237502e+00,0.0000,tile_30.8740_29.2470,moisture_differential
30.918875999999997,29.261582,2.547902e+00,0.0758,tile_30.8740_29.2470,moisture_differential
30.919188,29.261582,2.506833e+00,0.0657,tile_30.8740_29.2470,moisture_differential
30.920123999999998,29.261582,2.873636e+00,0.1552,tile_30.8740_29.2470,moisture_differential
30.920227999999998,29.261582,2.893570e+00,0.1601,tile_30.8740_29.2470,moisture_differential
30.920332,29.261582,2.469337e+00,0.0566,tile_30.8740_29.2470,moisture_differential
30.920644,29.261582,2.311643e+00,0.0181,tile_30.8740_29.2470,moisture_differential
30.923243999999997,29.261582,2.487160e+00,0.0609,tile_30.8740_29.2470,moisture_differential
30.923347999999997,29.261582,2.573227e+00,0.0819,tile_30.8740_29.2470,moisture_differential
30.923451999999997,29.261582,2.330205e+00,0.0227,tile_30.8740_29.2470,moisture_differential
30.923555999999998,29.261582,2.372124e+00,0.0329,tile_30.8740_29.2470,moisture_differential
30.924076,29.261582,2.318674e+00,0.0198,tile_30.8740_29.2470,moisture_differential
30.924699999999998,29.261582,2.416381e+00,0.0437,tile_30.8740_29.2470,moisture_differential
30.924803999999998,29.261582,2.677435e+00,0.1074,tile_30.8740_29.2470,moisture_differential
30.925428,29.261582,2.407365e+00,0.0415,tile_30.8740_29.2470,moisture_differential
30.875715999999997,29.26149,2.249486e+00,0.0030,tile_30.8740_29.2470,moisture_differential
30.877588,29.26149,2.361848e+00,0.0304,tile_30.8740_29.2470,moisture_differential
30.904628,29.26149,2.530359e+00,0.0715,tile_30.8740_29.2470,moisture_differential
30.906291999999997,29.26149,2.379673e+00,0.0347,tile_30.8740_29.2470,moisture_differential
30.907956,29.26149,2.381743e+00,0.0352,tile_30.8740_29.2470,moisture_differential
30.910348,29.26149,2.369934e+00,0.0323,tile_30.8740_29.2470,moisture_differential
30.914716,29.26149,2.702748e+00,0.1135,tile_30.8740_29.2470,moisture_differential
30.91482,29.26149,2.850555e+00,0.1496,tile_30.8740_29.2470,moisture_differential
30.914924,29.26149,2.843858e+00,0.1480,tile_30.8740_29.2470,moisture_differential
30.915756,29.26149,2.341676e+00,0.0255,tile_30.8740_29.2470,moisture_differential
30.91586,29.26149,2.344425e+00,0.0261,tile_30.8740_29.2470,moisture_differential
30.915964,29.26149,2.447306e+00,0.0512,tile_30.8740_29.2470,moisture_differential
30.916068,29.26149,2.601681e+00,0.0889,tile_30.8740_29.2470,moisture_differential
30.916483999999997,29.26149,2.522856e+00,0.0697,tile_30.8740_29.2470,moisture_differential
30.916587999999997,29.26149,2.446876e+00,0.0511,tile_30.8740_29.2470,moisture_differential
30.918875999999997,29.26149,2.241644e+00,0.0011,tile_30.8740_29.2470,moisture_differential
30.918979999999998,29.26149,2.355490e+00,0.0288,tile_30.8740_29.2470,moisture_differential
30.919083999999998,29.26149,2.463756e+00,0.0552,tile_30.8740_29.2470,moisture_differential
30.919188,29.26149,2.675096e+00,0.1068,tile_30.8740_29.2470,moisture_differential
30.920227999999998,29.26149,2.656688e+00,0.1023,tile_30.8740_29.2470,moisture_differential
30.920852,29.26149,2.427678e+00,0.0464,tile_30.8740_29.2470,moisture_differential
30.921996,29.26149,2.439270e+00,0.0493,tile_30.8740_29.2470,moisture_differential
30.92262,29.26149,2.254969e+00,0.0043,tile_30.8740_29.2470,moisture_differential
30.923347999999997,29.26149,2.645846e+00,0.0997,tile_30.8740_29.2470,moisture_differential
30.923451999999997,29.26149,2.667929e+00,0.1050,tile_30.8740_29.2470,moisture_differential
30.923555999999998,29.26149,2.488596e+00,0.0613,tile_30.8740_29.2470,moisture_differential
30.923868,29.26149,2.507168e+00,0.0658,tile_30.8740_29.2470,moisture_differential
30.923972,29.26149,2.266010e+00,0.0070,tile_30.8740_29.2470,moisture_differential
30.924076,29.26149,2.295875e+00,0.0143,tile_30.8740_29.2470,moisture_differential
30.92418,29.26149,2.400776e+00,0.0399,tile_30.8740_29.2470,moisture_differential
30.924284,29.26149,2.465458e+00,0.0556,tile_30.8740_29.2470,moisture_differential
30.875612,29.261398,2.447265e+00,0.0512,tile_30.8740_29.2470,moisture_differential
30.875715999999997,29.261398,2.331012e+00,0.0229,tile_30.8740_29.2470,moisture_differential
30.876963999999997,29.261398,2.312967e+00,0.0184,tile_30.8740_29.2470,moisture_differential
30.877692,29.261398,2.393067e+00,0.0380,tile_30.8740_29.2470,moisture_differential
30.8779,29.261398,2.287410e+00,0.0122,tile_30.8740_29.2470,moisture_differential
30.878003999999997,29.261398,2.990682e+00,0.1838,tile_30.8740_29.2470,moisture_differential
30.887988,29.261398,2.239204e+00,0.0005,tile_30.8740_29.2470,moisture_differential
30.900779999999997,29.261398,2.297366e+00,0.0146,tile_30.8740_29.2470,moisture_differential
30.907228,29.261398,2.257928e+00,0.0050,tile_30.8740_29.2470,moisture_differential
30.907435999999997,29.261398,2.249256e+00,0.0029,tile_30.8740_29.2470,moisture_differential
30.914716,29.261398,2.731360e+00,0.1205,tile_30.8740_29.2470,moisture_differential
30.91482,29.261398,2.413190e+00,0.0429,tile_30.8740_29.2470,moisture_differential
30.915964,29.261398,2.319608e+00,0.0201,tile_30.8740_29.2470,moisture_differential
30.916068,29.261398,2.916635e+00,0.1657,tile_30.8740_29.2470,moisture_differential
30.916172,29.261398,2.441391e+00,0.0498,tile_30.8740_29.2470,moisture_differential
30.916483999999997,29.261398,2.266408e+00,0.0071,tile_30.8740_29.2470,moisture_differential
30.91846,29.261398,2.238515e+00,0.0003,tile_30.8740_29.2470,moisture_differential
30.918667999999997,29.261398,2.262352e+00,0.0061,tile_30.8740_29.2470,moisture_differential
30.918979999999998,29.261398,2.331781e+00,0.0230,tile_30.8740_29.2470,moisture_differential
30.919083999999998,29.261398,2.335037e+00,0.0238,tile_30.8740_29.2470,moisture_differential
30.919188,29.261398,2.597911e+00,0.0880,tile_30.8740_29.2470,moisture_differential
30.920227999999998,29.261398,2.457651e+00,0.0537,tile_30.8740_29.2470,moisture_differential
30.923243999999997,29.261398,2.510880e+00,0.0667,tile_30.8740_29.2470,moisture_differential
30.923347999999997,29.261398,2.315034e+00,0.0190,tile_30.8740_29.2470,moisture_differential
30.923868,29.261398,2.608273e+00,0.0905,tile_30.8740_29.2470,moisture_differential
30.92418,29.261398,2.481266e+00,0.0595,tile_30.8740_29.2470,moisture_differential
30.924284,29.261398,3.000273e+00,0.1861,tile_30.8740_29.2470,moisture_differential
30.924387999999997,29.261398,2.288648e+00,0.0125,tile_30.8740_29.2470,moisture_differential
30.925739999999998,29.261398,2.319587e+00,0.0201,tile_30.8740_29.2470,moisture_differential
30.925843999999998,29.261398,2.529484e+00,0.0713,tile_30.8740_29.2470,moisture_differential
30.925947999999998,29.261398,2.675845e+00,0.1070,tile_30.8740_29.2470,moisture_differential
30.875715999999997,29.261306,2.412400e+00,0.0427,tile_30.8740_29.2470,moisture_differential
30.880291999999997,29.261306,2.250511e+00,0.0032,tile_30.8740_29.2470,moisture_differential
30.882579999999997,29.261306,2.242013e+00,0.0011,tile_30.8740_29.2470,moisture_differential
30.901923999999998,29.261306,2.311616e+00,0.0181,tile_30.8740_29.2470,moisture_differential
30.907124,29.261306,2.782808e+00,0.1331,tile_30.8740_29.2470,moisture_differential
30.907228,29.261306,2.780161e+00,0.1324,tile_30.8740_29.2470,moisture_differential
30.907435999999997,29.261306,2.569143e+00,0.0809,tile_30.8740_29.2470,moisture_differential
30.907539999999997,29.261306,3.125289e+00,0.2166,tile_30.8740_29.2470,moisture_differential
30.907643999999998,29.261306,2.457169e+00,0.0536,tile_30.8740_29.2470,moisture_differential
30.914611999999998,29.261306,2.265545e+00,0.0069,tile_30.8740_29.2470,moisture_differential
30.914716,29.261306,2.399157e+00,0.0395,tile_30.8740_29.2470,moisture_differential
30.915964,29.261306,2.724748e+00,0.1189,tile_30.8740_29.2470,moisture_differential
30.916068,29.261306,2.837262e+00,0.1463,tile_30.8740_29.2470,moisture_differential
30.916172,29.261306,2.244988e+00,0.0019,tile_30.8740_29.2470,moisture_differential
30.916691999999998,29.261306,2.385003e+00,0.0360,tile_30.8740_29.2470,moisture_differential
30.916795999999998,29.261306,2.255927e+00,0.0045,tile_30.8740_29.2470,moisture_differential
30.918667999999997,29.261306,2.774119e+00,0.1309,tile_30.8740_29.2470,moisture_differential
30.918771999999997,29.261306,2.814023e+00,0.1407,tile_30.8740_29.2470,moisture_differential
30.918875999999997,29.261306,2.518182e+00,0.0685,tile_30.8740_29.2470,moisture_differential
30.918979999999998,29.261306,2.548255e+00,0.0758,tile_30.8740_29.2470,moisture_differential
30.920123999999998,29.261306,2.454490e+00,0.0530,tile_30.8740_29.2470,moisture_differential
30.920955999999997,29.261306,2.541734e+00,0.0743,tile_30.8740_29.2470,moisture_differential
30.925324,29.261306,2.324097e+00,0.0212,tile_30.8740_29.2470,moisture_differential
30.925739999999998,29.261306,2.705724e+00,0.1143,tile_30.8740_29.2470,moisture_differential
30.925843999999998,29.261306,2.758087e+00,0.1270,tile_30.8740_29.2470,moisture_differential
30.925947999999998,29.261306,2.627233e+00,0.0951,tile_30.8740_29.2470,moisture_differential
30.907124,29.261214,2.847210e+00,0.1488,tile_30.8740_29.2470,moisture_differential
30.907228,29.261214,2.678182e+00,0.1075,tile_30.8740_29.2470,moisture_differential
30.907332,29.261214,2.334039e+00,0.0236,tile_30.8740_29.2470,moisture_differential
30.907435999999997,29.261214,2.356496e+00,0.0291,tile_30.8740_29.2470,moisture_differential
30.907539999999997,29.261214,2.457408e+00,0.0537,tile_30.8740_29.2470,moisture_differential
30.907643999999998,29.261214,2.388269e+00,0.0368,tile_30.8740_29.2470,moisture_differential
30.907747999999998,29.261214,2.352025e+00,0.0280,tile_30.8740_29.2470,moisture_differential
30.909619999999997,29.261214,2.322975e+00,0.0209,tile_30.8740_29.2470,moisture_differential
30.91014,29.261214,2.397495e+00,0.0391,tile_30.8740_29.2470,moisture_differential
30.910244,29.261214,2.547154e+00,0.0756,tile_30.8740_29.2470,moisture_differential
30.91482,29.261214,2.279310e+00,0.0102,tile_30.8740_29.2470,moisture_differential
30.915339999999997,29.261214,2.354601e+00,0.0286,tile_30.8740_29.2470,moisture_differential
30.915964,29.261214,2.399737e+00,0.0396,tile_30.8740_29.2470,moisture_differential
30.916068,29.261214,2.249154e+00,0.0029,tile_30.8740_29.2470,moisture_differential
30.916172,29.261214,2.278392e+00,0.0100,tile_30.8740_29.2470,moisture_differential
30.916276,29.261214,2.761113e+00,0.1278,tile_30.8740_29.2470,moisture_differential
30.91638,29.261214,2.614725e+00,0.0921,tile_30.8740_29.2470,moisture_differential
30.916483999999997,29.261214,2.264790e+00,0.0067,tile_30.8740_29.2470,moisture_differential
30.916691999999998,29.261214,2.406955e+00,0.0414,tile_30.8740_29.2470,moisture_differential
30.916795999999998,29.261214,2.428150e+00,0.0465,tile_30.8740_29.2470,moisture_differential
30.918667999999997,29.261214,3.012896e+00,0.1892,tile_30.8740_29.2470,moisture_differential
30.918771999999997,29.261214,2.642449e+00,0.0988,tile_30.8740_29.2470,moisture_differential
30.918979999999998,29.261214,2.646656e+00,0.0999,tile_30.8740_29.2470,moisture_differential
30.919188,29.261214,2.589101e+00,0.0858,tile_30.8740_29.2470,moisture_differential
30.920436,29.261214,2.321743e+00,0.0206,tile_30.8740_29.2470,moisture_differential
30.923555999999998,29.261214,2.410712e+00,0.0423,tile_30.8740_29.2470,moisture_differential
30.924491999999997,29.261214,2.546473e+00,0.0754,tile_30.8740_29.2470,moisture_differential
30.924595999999998,29.261214,2.449502e+00,0.0518,tile_30.8740_29.2470,moisture_differential
30.924699999999998,29.261214,2.582955e+00,0.0843,tile_30.8740_29.2470,moisture_differential
30.925531999999997,29.261214,2.396321e+00,0.0388,tile_30.8740_29.2470,moisture_differential
30.925739999999998,29.261214,2.709390e+00,0.1152,tile_30.8740_29.2470,moisture_differential
30.925843999999998,29.261214,2.638793e+00,0.0979,tile_30.8740_29.2470,moisture_differential
30.876027999999998,29.261122,2.274460e+00,0.0091,tile_30.8740_29.2470,moisture_differential
30.876236,29.261122,2.464862e+00,0.0555,tile_30.8740_29.2470,moisture_differential
30.896516,29.261122,2.467924e+00,0.0563,tile_30.8740_29.2470,moisture_differential
30.907124,29.261122,2.484342e+00,0.0603,tile_30.8740_29.2470,moisture_differential
30.907228,29.261122,2.882676e+00,0.1574,tile_30.8740_29.2470,moisture_differential
30.907332,29.261122,3.138281e+00,0.2198,tile_30.8740_29.2470,moisture_differential
30.907435999999997,29.261122,2.532743e+00,0.0721,tile_30.8740_29.2470,moisture_differential
30.907539999999997,29.261122,2.314318e+00,0.0188,tile_30.8740_29.2470,moisture_differential
30.907643999999998,29.261122,2.531788e+00,0.0718,tile_30.8740_29.2470,moisture_differential
30.907747999999998,29.261122,2.276158e+00,0.0095,tile_30.8740_29.2470,moisture_differential
30.90806,29.261122,2.622383e+00,0.0939,tile_30.8740_29.2470,moisture_differential
30.910035999999998,29.261122,2.640671e+00,0.0984,tile_30.8740_29.2470,moisture_differential
30.91014,29.261122,2.612472e+00,0.0915,tile_30.8740_29.2470,moisture_differential
30.910244,29.261122,2.733381e+00,0.1210,tile_30.8740_29.2470,moisture_differential
30.914611999999998,29.261122,2.336525e+00,0.0242,tile_30.8740_29.2470,moisture_differential
30.914716,29.261122,2.822328e+00,0.1427,tile_30.8740_29.2470,moisture_differential
30.91482,29.261122,2.580363e+00,0.0837,tile_30.8740_29.2470,moisture_differential
30.914924,29.261122,2.278066e+00,0.0099,tile_30.8740_29.2470,moisture_differential
30.916276,29.261122,2.670291e+00,0.1056,tile_30.8740_29.2470,moisture_differential
30.91638,29.261122,2.752856e+00,0.1258,tile_30.8740_29.2470,moisture_differential
30.916483999999997,29.261122,2.579249e+00,0.0834,tile_30.8740_29.2470,moisture_differential
30.916587999999997,29.261122,2.409124e+00,0.0419,tile_30.8740_29.2470,moisture_differential
30.916691999999998,29.261122,2.269793e+00,0.0079,tile_30.8740_29.2470,moisture_differential
30.916795999999998,29.261122,3.076116e+00,0.2046,tile_30.8740_29.2470,moisture_differential
30.918044,29.261122,2.305908e+00,0.0167,tile_30.8740_29.2470,moisture_differential
30.91846,29.261122,2.372078e+00,0.0329,tile_30.8740_29.2470,moisture_differential
30.918564,29.261122,2.325261e+00,0.0214,tile_30.8740_29.2470,moisture_differential
30.918667999999997,29.261122,2.383085e+00,0.0356,tile_30.8740_29.2470,moisture_differential
30.918979999999998,29.261122,2.557000e+00,0.0780,tile_30.8740_29.2470,moisture_differential
30.920019999999997,29.261122,2.476046e+00,0.0582,tile_30.8740_29.2470,moisture_differential
30.920227999999998,29.261122,2.384155e+00,0.0358,tile_30.8740_29.2470,moisture_differential
30.920436,29.261122,2.360730e+00,0.0301,tile_30.8740_29.2470,moisture_differential
30.925324,29.261122,2.604309e+00,0.0895,tile_30.8740_29.2470,moisture_differential
30.88102,29.261029999999998,2.486498e+00,0.0608,tile_30.8740_29.2470,moisture_differential
30.896516,29.261029999999998,2.526005e+00,0.0704,tile_30.8740_29.2470,moisture_differential
30.901092,29.261029999999998,2.586018e+00,0.0851,tile_30.8740_29.2470,moisture_differential
30.906291999999997,29.261029999999998,2.263396e+00,0.0064,tile_30.8740_29.2470,moisture_differential
30.906395999999997,29.261029999999998,2.296333e+00,0.0144,tile_30.8740_29.2470,moisture_differential
30.907124,29.261029999999998,2.420993e+00,0.0448,tile_30.8740_29.2470,moisture_differential
30.907228,29.261029999999998,2.618976e+00,0.0931,tile_30.8740_29.2470,moisture_differential
30.907332,29.261029999999998,2.942370e+00,0.1720,tile_30.8740_29.2470,moisture_differential
30.907435999999997,29.261029999999998,2.469543e+00,0.0566,tile_30.8740_29.2470,moisture_differential
30.907539999999997,29.261029999999998,2.341847e+00,0.0255,tile_30.8740_29.2470,moisture_differential
30.907643999999998,29.261029999999998,2.542929e+00,0.0745,tile_30.8740_29.2470,moisture_differential
30.907747999999998,29.261029999999998,2.379503e+00,0.0347,tile_30.8740_29.2470,moisture_differential
30.910035999999998,29.261029999999998,2.270480e+00,0.0081,tile_30.8740_29.2470,moisture_differential
30.91014,29.261029999999998,2.608182e+00,0.0905,tile_30.8740_29.2470,moisture_differential
30.910244,29.261029999999998,2.488139e+00,0.0612,tile_30.8740_29.2470,moisture_differential
30.910348,29.261029999999998,2.375390e+00,0.0337,tile_30.8740_29.2470,moisture_differential
30.910452,29.261029999999998,2.618705e+00,0.0930,tile_30.8740_29.2470,moisture_differential
30.910556,29.261029999999998,2.240456e+00,0.0008,tile_30.8740_29.2470,moisture_differential
30.914611999999998,29.261029999999998,2.573789e+00,0.0821,tile_30.8740_29.2470,moisture_differential
30.914716,29.261029999999998,2.761876e+00,0.1280,tile_30.8740_29.2470,moisture_differential
30.91482,29.261029999999998,2.688372e+00,0.1100,tile_30.8740_29.2470,moisture_differential
30.916483999999997,29.261029999999998,2.370863e+00,0.0326,tile_30.8740_29.2470,moisture_differential
30.916587999999997,29.261029999999998,2.616193e+00,0.0924,tile_30.8740_29.2470,moisture_differential
30.916691999999998,29.261029999999998,2.450909e+00,0.0521,tile_30.8740_29.2470,moisture_differential
30.916795999999998,29.261029999999998,2.297641e+00,0.0147,tile_30.8740_29.2470,moisture_differential
30.9169,29.261029999999998,2.249620e+00,0.0030,tile_30.8740_29.2470,moisture_differential
30.919811999999997,29.261029999999998,2.356220e+00,0.0290,tile_30.8740_29.2470,moisture_differential
30.919915999999997,29.261029999999998,2.433243e+00,0.0478,tile_30.8740_29.2470,moisture_differential
30.920227999999998,29.261029999999998,2.683459e+00,0.1088,tile_30.8740_29.2470,moisture_differential
30.920332,29.261029999999998,2.348329e+00,0.0271,tile_30.8740_29.2470,moisture_differential
30.921267999999998,29.261029999999998,2.274038e+00,0.0090,tile_30.8740_29.2470,moisture_differential
30.876859999999997,29.260938,2.285704e+00,0.0118,tile_30.8740_29.2470,moisture_differential
30.896516,29.260938,2.251236e+00,0.0034,tile_30.8740_29.2470,moisture_differential
30.900987999999998,29.260938,2.299436e+00,0.0151,tile_30.8740_29.2470,moisture_differential
30.903588,29.260938,2.313354e+00,0.0185,tile_30.8740_29.2470,moisture_differential
30.906395999999997,29.260938,2.515874e+00,0.0679,tile_30.8740_29.2470,moisture_differential
30.907435999999997,29.260938,2.730362e+00,0.1203,tile_30.8740_29.2470,moisture_differential
30.907747999999998,29.260938,2.274154e+00,0.0090,tile_30.8740_29.2470,moisture_differential
30.91014,29.260938,2.555832e+00,0.0777,tile_30.8740_29.2470,moisture_differential
30.910244,29.260938,2.477446e+00,0.0586,tile_30.8740_29.2470,moisture_differential
30.910348,29.260938,2.822182e+00,0.1427,tile_30.8740_29.2470,moisture_differential
30.910452,29.260938,2.884111e+00,0.1578,tile_30.8740_29.2470,moisture_differential
30.910556,29.260938,2.401779e+00,0.0401,tile_30.8740_29.2470,moisture_differential
30.914716,29.260938,2.645822e+00,0.0996,tile_30.8740_29.2470,moisture_differential
30.91482,29.260938,2.469739e+00,0.0567,tile_30.8740_29.2470,moisture_differential
30.915547999999998,29.260938,2.407322e+00,0.0415,tile_30.8740_29.2470,moisture_differential
30.916172,29.260938,2.572420e+00,0.0817,tile_30.8740_29.2470,moisture_differential
30.916276,29.260938,2.600653e+00,0.0886,tile_30.8740_29.2470,moisture_differential
30.916587999999997,29.260938,2.257977e+00,0.0050,tile_30.8740_29.2470,moisture_differential
30.916795999999998,29.260938,2.392978e+00,0.0380,tile_30.8740_29.2470,moisture_differential
30.9169,29.260938,2.485453e+00,0.0605,tile_30.8740_29.2470,moisture_differential
30.918356,29.260938,2.629611e+00,0.0957,tile_30.8740_29.2470,moisture_differential
30.91846,29.260938,2.287068e+00,0.0121,tile_30.8740_29.2470,moisture_differential
30.918771999999997,29.260938,2.325675e+00,0.0215,tile_30.8740_29.2470,moisture_differential
30.918875999999997,29.260938,2.327550e+00,0.0220,tile_30.8740_29.2470,moisture_differential
30.877796,29.260846,2.487924e+00,0.0611,tile_30.8740_29.2470,moisture_differential
30.881539999999998,29.260846,2.471884e+00,0.0572,tile_30.8740_29.2470,moisture_differential
30.887988,29.260846,2.289095e+00,0.0126,tile_30.8740_29.2470,moisture_differential
30.91014,29.260846,2.530237e+00,0.0715,tile_30.8740_29.2470,moisture_differential
30.910244,29.260846,2.949155e+00,0.1736,tile_30.8740_29.2470,moisture_differential
30.910348,29.260846,2.279956e+00,0.0104,tile_30.8740_29.2470,moisture_differential
30.912219999999998,29.260846,2.291956e+00,0.0133,tile_30.8740_29.2470,moisture_differential
30.914092,29.260846,2.315669e+00,0.0191,tile_30.8740_29.2470,moisture_differential
30.91482,29.260846,2.274009e+00,0.0089,tile_30.8740_29.2470,moisture_differential
30.916172,29.260846,2.453020e+00,0.0526,tile_30.8740_29.2470,moisture_differential
30.916276,29.260846,2.386234e+00,0.0363,tile_30.8740_29.2470,moisture_differential
30.916691999999998,29.260846,2.254547e+00,0.0042,tile_30.8740_29.2470,moisture_differential
30.916795999999998,29.260846,2.367000e+00,0.0316,tile_30.8740_29.2470,moisture_differential
30.918148,29.260846,2.339144e+00,0.0248,tile_30.8740_29.2470,moisture_differential
30.918252,29.260846,2.282332e+00,0.0110,tile_30.8740_29.2470,moisture_differential
30.918356,29.260846,3.077334e+00,0.2049,tile_30.8740_29.2470,moisture_differential
30.91846,29.260846,2.751813e+00,0.1255,tile_30.8740_29.2470,moisture_differential
30.918564,29.260846,2.626851e+00,0.0950,tile_30.8740_29.2470,moisture_differential
30.918667999999997,29.260846,2.252462e+00,0.0037,tile_30.8740_29.2470,moisture_differential
30.918875999999997,29.260846,2.429317e+00,0.0468,tile_30.8740_29.2470,moisture_differential
30.918979999999998,29.260846,2.440605e+00,0.0496,tile_30.8740_29.2470,moisture_differential
30.919292,29.260846,2.522789e+00,0.0696,tile_30.8740_29.2470,moisture_differential
30.919396,29.260846,2.807188e+00,0.1390,tile_30.8740_29.2470,moisture_differential
30.9195,29.260846,2.952894e+00,0.1746,tile_30.8740_29.2470,moisture_differential
30.92418,29.260846,2.254972e+00,0.0043,tile_30.8740_29.2470,moisture_differential
30.924803999999998,29.260846,2.319695e+00,0.0201,tile_30.8740_29.2470,moisture_differential
30.877692,29.260754,2.663737e+00,0.1040,tile_30.8740_29.2470,moisture_differential
30.877796,29.260754,2.627631e+00,0.0952,tile_30.8740_29.2470,moisture_differential
30.878211999999998,29.260754,2.364386e+00,0.0310,tile_30.8740_29.2470,moisture_differential
30.879668,29.260754,2.342382e+00,0.0256,tile_30.8740_29.2470,moisture_differential
30.881643999999998,29.260754,2.309884e+00,0.0177,tile_30.8740_29.2470,moisture_differential
30.897347999999997,29.260754,2.248432e+00,0.0027,tile_30.8740_29.2470,moisture_differential
30.89766,29.260754,2.322879e+00,0.0209,tile_30.8740_29.2470,moisture_differential
30.900364,29.260754,2.320193e+00,0.0202,tile_30.8740_29.2470,moisture_differential
30.900779999999997,29.260754,2.253962e+00,0.0041,tile_30.8740_29.2470,moisture_differential
30.907332,29.260754,2.251879e+00,0.0035,tile_30.8740_29.2470,moisture_differential
30.91014,29.260754,2.395542e+00,0.0386,tile_30.8740_29.2470,moisture_differential
30.910244,29.260754,2.900669e+00,0.1618,tile_30.8740_29.2470,moisture_differential
30.910348,29.260754,2.421983e+00,0.0450,tile_30.8740_29.2470,moisture_differential
30.914403999999998,29.260754,2.450090e+00,0.0519,tile_30.8740_29.2470,moisture_differential
30.914507999999998,29.260754,2.248980e+00,0.0028,tile_30.8740_29.2470,moisture_differential
30.918356,29.260754,2.251803e+00,0.0035,tile_30.8740_29.2470,moisture_differential
30.918564,29.260754,2.408093e+00,0.0417,tile_30.8740_29.2470,moisture_differential
30.919292,29.260754,2.580500e+00,0.0837,tile_30.8740_29.2470,moisture_differential
30.924284,29.260754,2.257150e+00,0.0048,tile_30.8740_29.2470,moisture_differential
30.924387999999997,29.260754,2.340630e+00,0.0252,tile_30.8740_29.2470,moisture_differential
30.891316,29.260662,2.632576e+00,0.0964,tile_30.8740_29.2470,moisture_differential
30.900779999999997,29.260662,2.275589e+00,0.0093,tile_30.8740_29.2470,moisture_differential
30.909827999999997,29.260662,2.487218e+00,0.0610,tile_30.8740_29.2470,moisture_differential
30.91014,29.260662,2.477824e+00,0.0587,tile_30.8740_29.2470,moisture_differential
30.910244,29.260662,2.611144e+00,0.0912,tile_30.8740_29.2470,moisture_differential
30.910348,29.260662,2.354842e+00,0.0287,tile_30.8740_29.2470,moisture_differential
30.913155999999997,29.260662,2.775484e+00,0.1313,tile_30.8740_29.2470,moisture_differential
30.913259999999998,29.260662,2.672448e+00,0.1061,tile_30.8740_29.2470,moisture_differential
30.916068,29.260662,2.487865e+00,0.0611,tile_30.8740_29.2470,moisture_differential
30.917731999999997,29.260662,2.565534e+00,0.0801,tile_30.8740_29.2470,moisture_differential
30.918252,29.260662,2.387939e+00,0.0367,tile_30.8740_29.2470,moisture_differential
30.918979999999998,29.260662,2.369172e+00,0.0322,tile_30.8740_29.2470,moisture_differential
30.919292,29.260662,2.321352e+00,0.0205,tile_30.8740_29.2470,moisture_differential
30.919396,29.260662,2.387703e+00,0.0367,tile_30.8740_29.2470,moisture_differential
30.9195,29.260662,2.349330e+00,0.0273,tile_30.8740_29.2470,moisture_differential
30.919604,29.260662,2.302460e+00,0.0159,tile_30.8740_29.2470,moisture_differential
30.924387999999997,29.260662,3.866919e+00,0.3975,tile_30.8740_29.2470,moisture_differential
30.924491999999997,29.260662,3.176044e+00,0.2290,tile_30.8740_29.2470,moisture_differential
30.925531999999997,29.260662,2.389877e+00,0.0372,tile_30.8740_29.2470,moisture_differential
30.910244,29.26057,2.393323e+00,0.0381,tile_30.8740_29.2470,moisture_differential
30.913259999999998,29.26057,2.549589e+00,0.0762,tile_30.8740_29.2470,moisture_differential
30.913363999999998,29.26057,2.253675e+00,0.0040,tile_30.8740_29.2470,moisture_differential
30.913988,29.26057,2.370568e+00,0.0325,tile_30.8740_29.2470,moisture_differential
30.914092,29.26057,2.407223e+00,0.0414,tile_30.8740_29.2470,moisture_differential
30.9169,29.26057,2.490025e+00,0.0616,tile_30.8740_29.2470,moisture_differential
30.917627999999997,29.26057,2.508137e+00,0.0661,tile_30.8740_29.2470,moisture_differential
30.917731999999997,29.26057,2.572309e+00,0.0817,tile_30.8740_29.2470,moisture_differential
30.917835999999998,29.26057,2.633700e+00,0.0967,tile_30.8740_29.2470,moisture_differential
30.919292,29.26057,2.518350e+00,0.0686,tile_30.8740_29.2470,moisture_differential
30.919396,29.26057,2.397816e+00,0.0391,tile_30.8740_29.2470,moisture_differential
30.924284,29.26057,2.950554e+00,0.1740,tile_30.8740_29.2470,moisture_differential
30.924387999999997,29.26057,4.439144e+00,0.5371,tile_30.8740_29.2470,moisture_differential
30.924491999999997,29.26057,3.490399e+00,0.3057,tile_30.8740_29.2470,moisture_differential
30.925012,29.26057,2.428119e+00,0.0465,tile_30.8740_29.2470,moisture_differential
30.890172,29.260478,2.451274e+00,0.0522,tile_30.8740_29.2470,moisture_differential
30.890587999999997,29.260478,2.937433e+00,0.1708,tile_30.8740_29.2470,moisture_differential
30.906603999999998,29.260478,2.312368e+00,0.0183,tile_30.8740_29.2470,moisture_differential
30.91014,29.260478,2.753280e+00,0.1259,tile_30.8740_29.2470,moisture_differential
30.910244,29.260478,2.588884e+00,0.0858,tile_30.8740_29.2470,moisture_differential
30.910348,29.260478,2.311893e+00,0.0182,tile_30.8740_29.2470,moisture_differential
30.915443999999997,29.260478,2.286548e+00,0.0120,tile_30.8740_29.2470,moisture_differential
30.915964,29.260478,2.286050e+00,0.0119,tile_30.8740_29.2470,moisture_differential
30.917627999999997,29.260478,2.368717e+00,0.0320,tile_30.8740_29.2470,moisture_differential
30.917731999999997,29.260478,2.245526e+00,0.0020,tile_30.8740_29.2470,moisture_differential
30.918252,29.260478,2.377798e+00,0.0343,tile_30.8740_29.2470,moisture_differential
30.918771999999997,29.260478,2.250793e+00,0.0033,tile_30.8740_29.2470,moisture_differential
30.919292,29.260478,2.237716e+00,0.0001,tile_30.8740_29.2470,moisture_differential
30.919396,29.260478,2.265450e+00,0.0069,tile_30.8740_29.2470,moisture_differential
30.924284,29.260478,2.523667e+00,0.0698,tile_30.8740_29.2470,moisture_differential
30.924387999999997,29.260478,3.366600e+00,0.2755,tile_30.8740_29.2470,moisture_differential
30.924491999999997,29.260478,3.056839e+00,0.1999,tile_30.8740_29.2470,moisture_differential
30.924595999999998,29.260478,2.630291e+00,0.0959,tile_30.8740_29.2470,moisture_differential
30.925116,29.260478,2.449531e+00,0.0518,tile_30.8740_29.2470,moisture_differential
30.92522,29.260478,2.237633e+00,0.0001,tile_30.8740_29.2470,moisture_differential
30.876652,29.260386,2.260883e+00,0.0057,tile_30.8740_29.2470,moisture_differential
30.906916,29.260386,2.388092e+00,0.0368,tile_30.8740_29.2470,moisture_differential
30.91014,29.260386,3.049150e+00,0.1980,tile_30.8740_29.2470,moisture_differential
30.910244,29.260386,2.677948e+00,0.1075,tile_30.8740_29.2470,moisture_differential
30.915964,29.260386,2.410551e+00,0.0423,tile_30.8740_29.2470,moisture_differential
30.916068,29.260386,2.314607e+00,0.0188,tile_30.8740_29.2470,moisture_differential
30.917835999999998,29.260386,2.281644e+00,0.0108,tile_30.8740_29.2470,moisture_differential
30.918148,29.260386,2.795391e+00,0.1361,tile_30.8740_29.2470,moisture_differential
30.918252,29.260386,2.481729e+00,0.0596,tile_30.8740_29.2470,moisture_differential
30.918667999999997,29.260386,2.301923e+00,0.0158,tile_30.8740_29.2470,moisture_differential
30.919292,29.260386,2.275408e+00,0.0093,tile_30.8740_29.2470,moisture_differential
30.919396,29.260386,2.559070e+00,0.0785,tile_30.8740_29.2470,moisture_differential
30.920227999999998,29.260386,2.515368e+00,0.0678,tile_30.8740_29.2470,moisture_differential
30.924284,29.260386,2.805600e+00,0.1386,tile_30.8740_29.2470,moisture_differential
30.924387999999997,29.260386,2.541391e+00,0.0742,tile_30.8740_29.2470,moisture_differential
30.87998,29.260294,2.372599e+00,0.0330,tile_30.8740_29.2470,moisture_differential
30.906916,29.260294,2.655073e+00,0.1019,tile_30.8740_29.2470,moisture_differential
30.90702,29.260294,2.545792e+00,0.0752,tile_30.8740_29.2470,moisture_differential
30.91014,29.260294,3.460634e+00,0.2984,tile_30.8740_29.2470,moisture_differential
30.910244,29.260294,3.421847e+00,0.2890,tile_30.8740_29.2470,moisture_differential
30.910348,29.260294,3.221012e+00,0.2400,tile_30.8740_29.2470,moisture_differential
30.910452,29.260294,2.914466e+00,0.1652,tile_30.8740_29.2470,moisture_differential
30.915756,29.260294,2.586106e+00,0.0851,tile_30.8740_29.2470,moisture_differential
30.915964,29.260294,2.372396e+00,0.0329,tile_30.8740_29.2470,moisture_differential
30.916068,29.260294,2.285850e+00,0.0118,tile_30.8740_29.2470,moisture_differential
30.91638,29.260294,2.436666e+00,0.0486,tile_30.8740_29.2470,moisture_differential
30.916483999999997,29.260294,2.437661e+00,0.0489,tile_30.8740_29.2470,moisture_differential
30.917939999999998,29.260294,2.252407e+00,0.0037,tile_30.8740_29.2470,moisture_differential
30.918044,29.260294,2.889169e+00,0.1590,tile_30.8740_29.2470,moisture_differential
30.918148,29.260294,2.539727e+00,0.0738,tile_30.8740_29.2470,moisture_differential
30.918356,29.260294,2.366986e+00,0.0316,tile_30.8740_29.2470,moisture_differential
30.91846,29.260294,2.539251e+00,0.0737,tile_30.8740_29.2470,moisture_differential
30.919083999999998,29.260294,2.337744e+00,0.0245,tile_30.8740_29.2470,moisture_differential
30.922099999999997,29.260294,2.301238e+00,0.0156,tile_30.8740_29.2470,moisture_differential
30.924284,29.260294,2.550086e+00,0.0763,tile_30.8740_29.2470,moisture_differential
30.924595999999998,29.260294,2.378211e+00,0.0344,tile_30.8740_29.2470,moisture_differential
30.924803999999998,29.260294,2.255408e+00,0.0044,tile_30.8740_29.2470,moisture_differential
30.924908,29.260294,2.377920e+00,0.0343,tile_30.8740_29.2470,moisture_differential
30.925324,29.260294,2.476570e+00,0.0584,tile_30.8740_29.2470,moisture_differential
30.925947999999998,29.260294,2.268710e+00,0.0077,tile_30.8740_29.2470,moisture_differential
30.874988,29.260202,2.449013e+00,0.0516,tile_30.8740_29.2470,moisture_differential
30.875715999999997,29.260202,2.322944e+00,0.0209,tile_30.8740_29.2470,moisture_differential
30.877588,29.260202,2.351498e+00,0.0278,tile_30.8740_29.2470,moisture_differential
30.893188,29.260202,2.563772e+00,0.0796,tile_30.8740_29.2470,moisture_differential
30.900675999999997,29.260202,2.351008e+00,0.0277,tile_30.8740_29.2470,moisture_differential
30.906916,29.260202,2.350732e+00,0.0277,tile_30.8740_29.2470,moisture_differential
30.907124,29.260202,2.239204e+00,0.0005,tile_30.8740_29.2470,moisture_differential
30.910244,29.260202,3.032393e+00,0.1940,tile_30.8740_29.2470,moisture_differential
30.910348,29.260202,3.488303e+00,0.3052,tile_30.8740_29.2470,moisture_differential
30.910452,29.260202,2.615204e+00,0.0922,tile_30.8740_29.2470,moisture_differential
30.915964,29.260202,2.356262e+00,0.0290,tile_30.8740_29.2470,moisture_differential
30.916068,29.260202,2.629815e+00,0.0957,tile_30.8740_29.2470,moisture_differential
30.916483999999997,29.260202,2.572353e+00,0.0817,tile_30.8740_29.2470,moisture_differential
30.917108,29.260202,2.325676e+00,0.0216,tile_30.8740_29.2470,moisture_differential
30.918044,29.260202,2.415916e+00,0.0436,tile_30.8740_29.2470,moisture_differential
30.918148,29.260202,2.876239e+00,0.1559,tile_30.8740_29.2470,moisture_differential
30.918252,29.260202,2.474430e+00,0.0578,tile_30.8740_29.2470,moisture_differential
30.918356,29.260202,2.472006e+00,0.0572,tile_30.8740_29.2470,moisture_differential
30.91846,29.260202,2.390185e+00,0.0373,tile_30.8740_29.2470,moisture_differential
30.924491999999997,29.260202,2.435959e+00,0.0485,tile_30.8740_29.2470,moisture_differential
30.924803999999998,29.260202,2.307671e+00,0.0172,tile_30.8740_29.2470,moisture_differential
30.924908,29.260202,2.545936e+00,0.0753,tile_30.8740_29.2470,moisture_differential
30.925012,29.260202,2.550873e+00,0.0765,tile_30.8740_29.2470,moisture_differential
30.925531999999997,29.260202,2.299117e+00,0.0151,tile_30.8740_29.2470,moisture_differential
30.879355999999998,29.26011,2.253248e+00,0.0039,tile_30.8740_29.2470,moisture_differential
30.900675999999997,29.26011,2.661104e+00,0.1034,tile_30.8740_29.2470,moisture_differential
30.900779999999997,29.26011,2.505253e+00,0.0654,tile_30.8740_29.2470,moisture_differential
30.910244,29.26011,2.742242e+00,0.1232,tile_30.8740_29.2470,moisture_differential
30.910348,29.26011,3.093128e+00,0.2088,tile_30.8740_29.2470,moisture_differential
30.910452,29.26011,2.332768e+00,0.0233,tile_30.8740_29.2470,moisture_differential
30.914299999999997,29.26011,2.417779e+00,0.0440,tile_30.8740_29.2470,moisture_differential
30.915964,29.26011,2.773916e+00,0.1309,tile_30.8740_29.2470,moisture_differential
30.916068,29.26011,2.412950e+00,0.0428,tile_30.8740_29.2470,moisture_differential
30.917939999999998,29.26011,2.440948e+00,0.0497,tile_30.8740_29.2470,moisture_differential
30.924908,29.26011,2.322035e+00,0.0207,tile_30.8740_29.2470,moisture_differential
30.874052,29.260018,2.766823e+00,0.1292,tile_30.8740_29.2470,moisture_differential
30.875715999999997,29.260018,2.434387e+00,0.0481,tile_30.8740_29.2470,moisture_differential
30.878836,29.260018,2.299735e+00,0.0152,tile_30.8740_29.2470,moisture_differential
30.879876,29.260018,2.248635e+00,0.0028,tile_30.8740_29.2470,moisture_differential
30.900779999999997,29.260018,2.369364e+00,0.0322,tile_30.8740_29.2470,moisture_differential
30.900883999999998,29.260018,2.245052e+00,0.0019,tile_30.8740_29.2470,moisture_differential
30.910244,29.260018,2.332918e+00,0.0233,tile_30.8740_29.2470,moisture_differential
30.910348,29.260018,2.502197e+00,0.0646,tile_30.8740_29.2470,moisture_differential
30.91378,29.260018,2.323351e+00,0.0210,tile_30.8740_29.2470,moisture_differential
30.914403999999998,29.260018,2.255295e+00,0.0044,tile_30.8740_29.2470,moisture_differential
30.91586,29.260018,2.346170e+00,0.0265,tile_30.8740_29.2470,moisture_differential
30.916068,29.260018,2.317792e+00,0.0196,tile_30.8740_29.2470,moisture_differential
30.917004,29.260018,2.414782e+00,0.0433,tile_30.8740_29.2470,moisture_differential
30.918356,29.260018,2.523560e+00,0.0698,tile_30.8740_29.2470,moisture_differential
30.918875999999997,29.260018,2.716211e+00,0.1168,tile_30.8740_29.2470,moisture_differential
30.924076,29.260018,2.458476e+00,0.0539,tile_30.8740_29.2470,moisture_differential
30.924595999999998,29.260018,2.281127e+00,0.0107,tile_30.8740_29.2470,moisture_differential
30.924908,29.260018,2.276920e+00,0.0097,tile_30.8740_29.2470,moisture_differential
30.925428,29.260018,2.267476e+00,0.0074,tile_30.8740_29.2470,moisture_differential
30.925531999999997,29.260018,2.569379e+00,0.0810,tile_30.8740_29.2470,moisture_differential
30.925635999999997,29.260018,2.327930e+00,0.0221,tile_30.8740_29.2470,moisture_differential
30.875715999999997,29.259926,2.248137e+00,0.0026,tile_30.8740_29.2470,moisture_differential
30.877067999999998,29.259926,2.501615e+00,0.0645,tile_30.8740_29.2470,moisture_differential
30.877171999999998,29.259926,2.371800e+00,0.0328,tile_30.8740_29.2470,moisture_differential
30.878836,29.259926,2.264001e+00,0.0065,tile_30.8740_29.2470,moisture_differential
30.879772,29.259926,2.272822e+00,0.0087,tile_30.8740_29.2470,moisture_differential
30.880603999999998,29.259926,2.444535e+00,0.0505,tile_30.8740_29.2470,moisture_differential
30.880708,29.259926,2.545082e+00,0.0751,tile_30.8740_29.2470,moisture_differential
30.884556,29.259926,2.380588e+00,0.0349,tile_30.8740_29.2470,moisture_differential
30.88778,29.259926,2.269384e+00,0.0078,tile_30.8740_29.2470,moisture_differential
30.90702,29.259926,2.334973e+00,0.0238,tile_30.8740_29.2470,moisture_differential
30.91378,29.259926,2.271117e+00,0.0082,tile_30.8740_29.2470,moisture_differential
30.914924,29.259926,2.750618e+00,0.1252,tile_30.8740_29.2470,moisture_differential
30.915964,29.259926,2.289825e+00,0.0128,tile_30.8740_29.2470,moisture_differential
30.916068,29.259926,2.505269e+00,0.0654,tile_30.8740_29.2470,moisture_differential
30.916587999999997,29.259926,2.841551e+00,0.1474,tile_30.8740_29.2470,moisture_differential
30.916691999999998,29.259926,2.727341e+00,0.1195,tile_30.8740_29.2470,moisture_differential
30.916795999999998,29.259926,2.426518e+00,0.0461,tile_30.8740_29.2470,moisture_differential
30.917731999999997,29.259926,2.240125e+00,0.0007,tile_30.8740_29.2470,moisture_differential
30.918044,29.259926,2.334610e+00,0.0237,tile_30.8740_29.2470,moisture_differential
30.918252,29.259926,2.376102e+00,0.0339,tile_30.8740_29.2470,moisture_differential
30.918771999999997,29.259926,2.400268e+00,0.0397,tile_30.8740_29.2470,moisture_differential
30.920852,29.259926,2.507116e+00,0.0658,tile_30.8740_29.2470,moisture_differential
30.920955999999997,29.259926,2.254292e+00,0.0041,tile_30.8740_29.2470,moisture_differential
30.92418,29.259926,2.660851e+00,0.1033,tile_30.8740_29.2470,moisture_differential
30.924284,29.259926,2.445279e+00,0.0507,tile_30.8740_29.2470,moisture_differential
30.925116,29.259926,2.421788e+00,0.0450,tile_30.8740_29.2470,moisture_differential
30.877067999999998,29.259834,2.596547e+00,0.0876,tile_30.8740_29.2470,moisture_differential
30.877171999999998,29.259834,3.102792e+00,0.2111,tile_30.8740_29.2470,moisture_differential
30.88778,29.259834,2.391166e+00,0.0375,tile_30.8740_29.2470,moisture_differential
30.9013,29.259834,2.851418e+00,0.1498,tile_30.8740_29.2470,moisture_differential
30.914924,29.259834,2.324306e+00,0.0212,tile_30.8740_29.2470,moisture_differential
30.915028,29.259834,2.524793e+00,0.0701,tile_30.8740_29.2470,moisture_differential
30.916691999999998,29.259834,2.826496e+00,0.1437,tile_30.8740_29.2470,moisture_differential
30.916795999999998,29.259834,2.882840e+00,0.1575,tile_30.8740_29.2470,moisture_differential
30.917731999999997,29.259834,2.332010e+00,0.0231,tile_30.8740_29.2470,moisture_differential
30.918044,29.259834,2.561770e+00,0.0791,tile_30.8740_29.2470,moisture_differential
30.920955999999997,29.259834,2.267068e+00,0.0073,tile_30.8740_29.2470,moisture_differential
30.92418,29.259834,2.571950e+00,0.0816,tile_30.8740_29.2470,moisture_differential
30.924699999999998,29.259834,2.281429e+00,0.0108,tile_30.8740_29.2470,moisture_differential
30.876963999999997,29.259742,2.572581e+00,0.0818,tile_30.8740_29.2470,moisture_differential
30.877067999999998,29.259742,2.689882e+00,0.1104,tile_30.8740_29.2470,moisture_differential
30.877171999999998,29.259742,2.477779e+00,0.0587,tile_30.8740_29.2470,moisture_differential
30.877276,29.259742,2.277920e+00,0.0099,tile_30.8740_29.2470,moisture_differential
30.887676,29.259742,2.304406e+00,0.0164,tile_30.8740_29.2470,moisture_differential
30.9013,29.259742,2.360847e+00,0.0301,tile_30.8740_29.2470,moisture_differential
30.907852,29.259742,2.268036e+00,0.0075,tile_30.8740_29.2470,moisture_differential
30.910244,29.259742,2.304142e+00,0.0163,tile_30.8740_29.2470,moisture_differential
30.917835999999998,29.259742,2.286009e+00,0.0119,tile_30.8740_29.2470,moisture_differential
30.918044,29.259742,2.542506e+00,0.0744,tile_30.8740_29.2470,moisture_differential
30.924595999999998,29.259742,2.488293e+00,0.0612,tile_30.8740_29.2470,moisture_differential
30.876963999999997,29.25965,2.379433e+00,0.0347,tile_30.8740_29.2470,moisture_differential
30.877067999999998,29.25965,2.404256e+00,0.0407,tile_30.8740_29.2470,moisture_differential
30.8779,29.25965,2.518013e+00,0.0685,tile_30.8740_29.2470,moisture_differential
30.891004,29.25965,2.259915e+00,0.0055,tile_30.8740_29.2470,moisture_differential
30.897036,29.25965,2.294824e+00,0.0140,tile_30.8740_29.2470,moisture_differential
30.907956,29.25965,2.593751e+00,0.0869,tile_30.8740_29.2470,moisture_differential
30.912219999999998,29.25965,2.277377e+00,0.0098,tile_30.8740_29.2470,moisture_differential
30.913467999999998,29.25965,2.446847e+00,0.0511,tile_30.8740_29.2470,moisture_differential
30.913572,29.25965,2.450107e+00,0.0519,tile_30.8740_29.2470,moisture_differential
30.915651999999998,29.25965,2.498111e+00,0.0636,tile_30.8740_29.2470,moisture_differential
30.921267999999998,29.25965,2.301997e+00,0.0158,tile_30.8740_29.2470,moisture_differential
30.921371999999998,29.25965,2.359524e+00,0.0298,tile_30.8740_29.2470,moisture_differential
30.87426,29.259558,2.241174e+00,0.0009,tile_30.8740_29.2470,moisture_differential
30.897036,29.259558,2.539229e+00,0.0736,tile_30.8740_29.2470,moisture_differential
30.89714,29.259558,2.655484e+00,0.1020,tile_30.8740_29.2470,moisture_differential
30.9013,29.259558,2.615920e+00,0.0924,tile_30.8740_29.2470,moisture_differential
30.90806,29.259558,2.920214e+00,0.1666,tile_30.8740_29.2470,moisture_differential
30.910244,29.259558,2.284904e+00,0.0116,tile_30.8740_29.2470,moisture_differential
30.916172,29.259558,2.492217e+00,0.0622,tile_30.8740_29.2470,moisture_differential
30.916276,29.259558,2.655017e+00,0.1019,tile_30.8740_29.2470,moisture_differential
30.91638,29.259558,2.269272e+00,0.0078,tile_30.8740_29.2470,moisture_differential
30.924076,29.259558,2.239451e+00,0.0005,tile_30.8740_29.2470,moisture_differential
30.924908,29.259558,2.360036e+00,0.0299,tile_30.8740_29.2470,moisture_differential
30.900364,29.259466,2.262635e+00,0.0062,tile_30.8740_29.2470,moisture_differential
30.9013,29.259466,2.305623e+00,0.0167,tile_30.8740_29.2470,moisture_differential
30.912323999999998,29.259466,2.448259e+00,0.0515,tile_30.8740_29.2470,moisture_differential
30.912428,29.259466,2.469701e+00,0.0567,tile_30.8740_29.2470,moisture_differential
30.916276,29.259466,2.341663e+00,0.0255,tile_30.8740_29.2470,moisture_differential
30.91638,29.259466,2.517786e+00,0.0684,tile_30.8740_29.2470,moisture_differential
30.917316,29.259466,2.280494e+00,0.0105,tile_30.8740_29.2470,moisture_differential
30.923243999999997,29.259466,2.769410e+00,0.1298,tile_30.8740_29.2470,moisture_differential
30.923347999999997,29.259466,2.361586e+00,0.0303,tile_30.8740_29.2470,moisture_differential
30.923972,29.259466,2.457362e+00,0.0537,tile_30.8740_29.2470,moisture_differential
30.924076,29.259466,2.422567e+00,0.0452,tile_30.8740_29.2470,moisture_differential
30.87842,29.259374,2.288057e+00,0.0124,tile_30.8740_29.2470,moisture_differential
30.87894,29.259374,2.557732e+00,0.0782,tile_30.8740_29.2470,moisture_differential
30.88102,29.259374,2.265271e+00,0.0068,tile_30.8740_29.2470,moisture_differential
30.895059999999997,29.259374,2.702998e+00,0.1136,tile_30.8740_29.2470,moisture_differential
30.912323999999998,29.259374,2.386903e+00,0.0365,tile_30.8740_29.2470,moisture_differential
30.916172,29.259374,2.342696e+00,0.0257,tile_30.8740_29.2470,moisture_differential
30.91742,29.259374,2.492531e+00,0.0623,tile_30.8740_29.2470,moisture_differential
30.917523999999997,29.259374,2.611866e+00,0.0914,tile_30.8740_29.2470,moisture_differential
30.917627999999997,29.259374,2.415579e+00,0.0435,tile_30.8740_29.2470,moisture_differential
30.917835999999998,29.259374,2.264440e+00,0.0066,tile_30.8740_29.2470,moisture_differential
30.923243999999997,29.259374,2.610977e+00,0.0911,tile_30.8740_29.2470,moisture_differential
30.923347999999997,29.259374,2.773880e+00,0.1309,tile_30.8740_29.2470,moisture_differential
30.923972,29.259374,3.153349e+00,0.2235,tile_30.8740_29.2470,moisture_differential
30.924076,29.259374,2.428958e+00,0.0467,tile_30.8740_29.2470,moisture_differential
30.925116,29.259374,2.436656e+00,0.0486,tile_30.8740_29.2470,moisture_differential
30.92522,29.259374,2.302887e+00,0.0160,tile_30.8740_29.2470,moisture_differential
30.925324,29.259374,2.346466e+00,0.0266,tile_30.8740_29.2470,moisture_differential
30.925947999999998,29.259374,2.419280e+00,0.0444,tile_30.8740_29.2470,moisture_differential
30.878836,29.259282,2.265592e+00,0.0069,tile_30.8740_29.2470,moisture_differential
30.879044,29.259282,2.300160e+00,0.0153,tile_30.8740_29.2470,moisture_differential
30.879147999999997,29.259282,2.628311e+00,0.0954,tile_30.8740_29.2470,moisture_differential
30.893708,29.259282,3.561923e+00,0.3231,tile_30.8740_29.2470,moisture_differential
30.893811999999997,29.259282,3.305937e+00,0.2607,tile_30.8740_29.2470,moisture_differential
30.909827999999997,29.259282,2.463551e+00,0.0552,tile_30.8740_29.2470,moisture_differential
30.909931999999998,29.259282,2.696167e+00,0.1119,tile_30.8740_29.2470,moisture_differential
30.910035999999998,29.259282,2.707115e+00,0.1146,tile_30.8740_29.2470,moisture_differential
30.91274,29.259282,2.797324e+00,0.1366,tile_30.8740_29.2470,moisture_differential
30.91586,29.259282,2.394473e+00,0.0383,tile_30.8740_29.2470,moisture_differential
30.915964,29.259282,2.366446e+00,0.0315,tile_30.8740_29.2470,moisture_differential
30.916068,29.259282,2.580110e+00,0.0836,tile_30.8740_29.2470,moisture_differential
30.916172,29.259282,2.340201e+00,0.0251,tile_30.8740_29.2470,moisture_differential
30.91742,29.259282,2.634418e+00,0.0969,tile_30.8740_29.2470,moisture_differential
30.917523999999997,29.259282,2.745082e+00,0.1239,tile_30.8740_29.2470,moisture_differential
30.917627999999997,29.259282,2.352912e+00,0.0282,tile_30.8740_29.2470,moisture_differential
30.923972,29.259282,2.636652e+00,0.0974,tile_30.8740_29.2470,moisture_differential
30.925947999999998,29.259282,2.546906e+00,0.0755,tile_30.8740_29.2470,moisture_differential
30.875715999999997,29.25919,2.490102e+00,0.0617,tile_30.8740_29.2470,moisture_differential
30.888716,29.25919,2.247198e+00,0.0024,tile_30.8740_29.2470,moisture_differential
30.889756,29.25919,2.354942e+00,0.0287,tile_30.8740_29.2470,moisture_differential
30.893604,29.25919,2.354181e+00,0.0285,tile_30.8740_29.2470,moisture_differential
30.893708,29.25919,3.215526e+00,0.2386,tile_30.8740_29.2470,moisture_differential
30.893811999999997,29.25919,3.234981e+00,0.2434,tile_30.8740_29.2470,moisture_differential
30.909931999999998,29.25919,3.227934e+00,0.2417,tile_30.8740_29.2470,moisture_differential
30.910035999999998,29.25919,2.544250e+00,0.0749,tile_30.8740_29.2470,moisture_differential
30.910348,29.25919,2.547470e+00,0.0757,tile_30.8740_29.2470,moisture_differential
30.910452,29.25919,2.584538e+00,0.0847,tile_30.8740_29.2470,moisture_differential
30.912844,29.25919,2.352440e+00,0.0281,tile_30.8740_29.2470,moisture_differential
30.915964,29.25919,2.270826e+00,0.0082,tile_30.8740_29.2470,moisture_differential
30.916068,29.25919,2.433861e+00,0.0479,tile_30.8740_29.2470,moisture_differential
30.916172,29.25919,2.323746e+00,0.0211,tile_30.8740_29.2470,moisture_differential
30.91638,29.25919,2.443892e+00,0.0504,tile_30.8740_29.2470,moisture_differential
30.916483999999997,29.25919,2.332244e+00,0.0232,tile_30.8740_29.2470,moisture_differential
30.883204,29.259097999999998,2.317330e+00,0.0195,tile_30.8740_29.2470,moisture_differential
30.893811999999997,29.259097999999998,2.565838e+00,0.0801,tile_30.8740_29.2470,moisture_differential
30.895372,29.259097999999998,2.271083e+00,0.0082,tile_30.8740_29.2470,moisture_differential
30.909412,29.259097999999998,2.262949e+00,0.0062,tile_30.8740_29.2470,moisture_differential
30.910348,29.259097999999998,2.859973e+00,0.1519,tile_30.8740_29.2470,moisture_differential
30.910452,29.259097999999998,2.528995e+00,0.0711,tile_30.8740_29.2470,moisture_differential
30.913259999999998,29.259097999999998,2.704560e+00,0.1140,tile_30.8740_29.2470,moisture_differential
30.913363999999998,29.259097999999998,2.548511e+00,0.0759,tile_30.8740_29.2470,moisture_differential
30.914924,29.259097999999998,2.422325e+00,0.0451,tile_30.8740_29.2470,moisture_differential
30.915443999999997,29.259097999999998,2.805197e+00,0.1385,tile_30.8740_29.2470,moisture_differential
30.915547999999998,29.259097999999998,2.548961e+00,0.0760,tile_30.8740_29.2470,moisture_differential
30.916068,29.259097999999998,2.414683e+00,0.0433,tile_30.8740_29.2470,moisture_differential
30.916276,29.259097999999998,2.482623e+00,0.0598,tile_30.8740_29.2470,moisture_differential
30.91638,29.259097999999998,2.709368e+00,0.1151,tile_30.8740_29.2470,moisture_differential
30.916483999999997,29.259097999999998,2.766391e+00,0.1291,tile_30.8740_29.2470,moisture_differential
30.917523999999997,29.259097999999998,2.366230e+00,0.0314,tile_30.8740_29.2470,moisture_differential
30.919811999999997,29.259097999999998,2.259240e+00,0.0053,tile_30.8740_29.2470,moisture_differential
30.925012,29.259097999999998,2.414008e+00,0.0431,tile_30.8740_29.2470,moisture_differential
30.878211999999998,29.259006,2.246209e+00,0.0022,tile_30.8740_29.2470,moisture_differential
30.881435999999997,29.259006,2.321042e+00,0.0204,tile_30.8740_29.2470,moisture_differential
30.896099999999997,29.259006,2.291193e+00,0.0131,tile_30.8740_29.2470,moisture_differential
30.90338,29.259006,2.237802e+00,0.0001,tile_30.8740_29.2470,moisture_differential
30.915339999999997,29.259006,2.555457e+00,0.0776,tile_30.8740_29.2470,moisture_differential
30.915443999999997,29.259006,2.680518e+00,0.1081,tile_30.8740_29.2470,moisture_differential
30.915547999999998,29.259006,2.494917e+00,0.0628,tile_30.8740_29.2470,moisture_differential
30.91586,29.259006,2.317289e+00,0.0195,tile_30.8740_29.2470,moisture_differential
30.915964,29.259006,2.612294e+00,0.0915,tile_30.8740_29.2470,moisture_differential
30.91638,29.259006,2.668567e+00,0.1052,tile_30.8740_29.2470,moisture_differential
30.916483999999997,29.259006,2.408617e+00,0.0418,tile_30.8740_29.2470,moisture_differential
30.917108,29.259006,2.248678e+00,0.0028,tile_30.8740_29.2470,moisture_differential
30.917212,29.259006,2.248204e+00,0.0027,tile_30.8740_29.2470,moisture_differential
30.91742,29.259006,2.317013e+00,0.0194,tile_30.8740_29.2470,moisture_differential
30.917523999999997,29.259006,2.527761e+00,0.0708,tile_30.8740_29.2470,moisture_differential
30.925428,29.259006,2.514952e+00,0.0677,tile_30.8740_29.2470,moisture_differential
30.900987999999998,29.258914,2.321831e+00,0.0206,tile_30.8740_29.2470,moisture_differential
30.915236,29.258914,2.271910e+00,0.0084,tile_30.8740_29.2470,moisture_differential
30.915339999999997,29.258914,2.415532e+00,0.0435,tile_30.8740_29.2470,moisture_differential
30.915443999999997,29.258914,3.000293e+00,0.1861,tile_30.8740_29.2470,moisture_differential
30.91586,29.258914,2.275869e+00,0.0094,tile_30.8740_29.2470,moisture_differential
30.915964,29.258914,2.431488e+00,0.0474,tile_30.8740_29.2470,moisture_differential
30.916068,29.258914,2.292854e+00,0.0135,tile_30.8740_29.2470,moisture_differential
30.923868,29.258914,2.247659e+00,0.0025,tile_30.8740_29.2470,moisture_differential
30.923972,29.258914,2.242029e+00,0.0011,tile_30.8740_29.2470,moisture_differential
30.925324,29.258914,2.357915e+00,0.0294,tile_30.8740_29.2470,moisture_differential
30.925428,29.258914,2.726786e+00,0.1194,tile_30.8740_29.2470,moisture_differential
30.925635999999997,29.258914,2.747851e+00,0.1245,tile_30.8740_29.2470,moisture_differential
30.925739999999998,29.258914,2.717528e+00,0.1171,tile_30.8740_29.2470,moisture_differential
30.875923999999998,29.258822,2.261762e+00,0.0060,tile_30.8740_29.2470,moisture_differential
30.876132,29.258822,2.421379e+00,0.0449,tile_30.8740_29.2470,moisture_differential
30.878003999999997,29.258822,2.328762e+00,0.0223,tile_30.8740_29.2470,moisture_differential
30.880084,29.258822,2.321714e+00,0.0206,tile_30.8740_29.2470,moisture_differential
30.889236,29.258822,2.326957e+00,0.0219,tile_30.8740_29.2470,moisture_differential
30.904107999999997,29.258822,2.410932e+00,0.0423,tile_30.8740_29.2470,moisture_differential
30.915443999999997,29.258822,2.471104e+00,0.0570,tile_30.8740_29.2470,moisture_differential
30.9169,29.258822,2.411730e+00,0.0425,tile_30.8740_29.2470,moisture_differential
30.920748,29.258822,2.370648e+00,0.0325,tile_30.8740_29.2470,moisture_differential
30.923868,29.258822,2.410288e+00,0.0422,tile_30.8740_29.2470,moisture_differential
30.924076,29.258822,2.887902e+00,0.1587,tile_30.8740_29.2470,moisture_differential
30.92418,29.258822,2.752718e+00,0.1257,tile_30.8740_29.2470,moisture_differential
30.924284,29.258822,2.298095e+00,0.0148,tile_30.8740_29.2470,moisture_differential
30.924491999999997,29.258822,3.225350e+00,0.2410,tile_30.8740_29.2470,moisture_differential
30.924595999999998,29.258822,2.313529e+00,0.0186,tile_30.8740_29.2470,moisture_differential
30.925635999999997,29.258822,2.408628e+00,0.0418,tile_30.8740_29.2470,moisture_differential
30.925739999999998,29.258822,2.454120e+00,0.0529,tile_30.8740_29.2470,moisture_differential
30.875923999999998,29.25873,2.396935e+00,0.0389,tile_30.8740_29.2470,moisture_differential
30.880708,29.25873,2.368587e+00,0.0320,tile_30.8740_29.2470,moisture_differential
30.909931999999998,29.25873,2.258642e+00,0.0052,tile_30.8740_29.2470,moisture_differential
30.915339999999997,29.25873,2.268093e+00,0.0075,tile_30.8740_29.2470,moisture_differential
30.919188,29.25873,3.010315e+00,0.1886,tile_30.8740_29.2470,moisture_differential
30.919292,29.25873,2.758287e+00,0.1271,tile_30.8740_29.2470,moisture_differential
30.919915999999997,29.25873,2.438702e+00,0.0491,tile_30.8740_29.2470,moisture_differential
30.924076,29.25873,2.694192e+00,0.1114,tile_30.8740_29.2470,moisture_differential
30.92418,29.25873,3.199783e+00,0.2348,tile_30.8740_29.2470,moisture_differential
30.924284,29.25873,2.424368e+00,0.0456,tile_30.8740_29.2470,moisture_differential
30.924387999999997,29.25873,3.049199e+00,0.1981,tile_30.8740_29.2470,moisture_differential
30.924491999999997,29.25873,3.919830e+00,0.4104,tile_30.8740_29.2470,moisture_differential
30.924595999999998,29.25873,2.572936e+00,0.0819,tile_30.8740_29.2470,moisture_differential
30.900571999999997,29.258638,2.248706e+00,0.0028,tile_30.8740_29.2470,moisture_differential
30.902963999999997,29.258638,2.271863e+00,0.0084,tile_30.8740_29.2470,moisture_differential
30.9039,29.258638,2.464713e+00,0.0555,tile_30.8740_29.2470,moisture_differential
30.91846,29.258638,2.333566e+00,0.0235,tile_30.8740_29.2470,moisture_differential
30.918875999999997,29.258638,2.279815e+00,0.0104,tile_30.8740_29.2470,moisture_differential
30.919188,29.258638,2.750668e+00,0.1252,tile_30.8740_29.2470,moisture_differential
30.920227999999998,29.258638,2.338013e+00,0.0246,tile_30.8740_29.2470,moisture_differential
30.923243999999997,29.258638,2.579007e+00,0.0833,tile_30.8740_29.2470,moisture_differential
30.923347999999997,29.258638,2.909520e+00,0.1640,tile_30.8740_29.2470,moisture_differential
30.92418,29.258638,2.576727e+00,0.0828,tile_30.8740_29.2470,moisture_differential
30.924387999999997,29.258638,3.183880e+00,0.2309,tile_30.8740_29.2470,moisture_differential
30.924491999999997,29.258638,3.582976e+00,0.3283,tile_30.8740_29.2470,moisture_differential
30.924595999999998,29.258638,2.324605e+00,0.0213,tile_30.8740_29.2470,moisture_differential
30.895163999999998,29.258546,2.599417e+00,0.0883,tile_30.8740_29.2470,moisture_differential
30.910452,29.258546,2.411265e+00,0.0424,tile_30.8740_29.2470,moisture_differential
30.918875999999997,29.258546,2.250023e+00,0.0031,tile_30.8740_29.2470,moisture_differential
30.923243999999997,29.258546,2.274856e+00,0.0092,tile_30.8740_29.2470,moisture_differential
30.923347999999997,29.258546,2.970112e+00,0.1788,tile_30.8740_29.2470,moisture_differential
30.924491999999997,29.258546,2.274679e+00,0.0091,tile_30.8740_29.2470,moisture_differential
30.876548,29.258454,2.754263e+00,0.1261,tile_30.8740_29.2470,moisture_differential
30.876652,29.258454,2.372163e+00,0.0329,tile_30.8740_29.2470,moisture_differential
30.895163999999998,29.258454,2.355086e+00,0.0287,tile_30.8740_29.2470,moisture_differential
30.895267999999998,29.258454,2.310895e+00,0.0179,tile_30.8740_29.2470,moisture_differential
30.903796,29.258454,2.342986e+00,0.0258,tile_30.8740_29.2470,moisture_differential
30.917212,29.258454,2.241846e+00,0.0011,tile_30.8740_29.2470,moisture_differential
30.917939999999998,29.258454,2.382579e+00,0.0354,tile_30.8740_29.2470,moisture_differential
30.921059999999997,29.258454,2.542292e+00,0.0744,tile_30.8740_29.2470,moisture_differential
30.923451999999997,29.258454,2.908654e+00,0.1638,tile_30.8740_29.2470,moisture_differential
30.876444,29.258361999999998,2.368590e+00,0.0320,tile_30.8740_29.2470,moisture_differential
30.876548,29.258361999999998,2.759159e+00,0.1273,tile_30.8740_29.2470,moisture_differential
30.876652,29.258361999999998,2.440385e+00,0.0495,tile_30.8740_29.2470,moisture_differential
30.878107999999997,29.258361999999998,2.421741e+00,0.0450,tile_30.8740_29.2470,moisture_differential
30.880812,29.258361999999998,2.562634e+00,0.0794,tile_30.8740_29.2470,moisture_differential
30.880916,29.258361999999998,2.586337e+00,0.0851,tile_30.8740_29.2470,moisture_differential
30.904524,29.258361999999998,2.439465e+00,0.0493,tile_30.8740_29.2470,moisture_differential
30.910035999999998,29.258361999999998,2.259422e+00,0.0054,tile_30.8740_29.2470,moisture_differential
30.910971999999997,29.258361999999998,2.292715e+00,0.0135,tile_30.8740_29.2470,moisture_differential
30.913363999999998,29.258361999999998,2.445088e+00,0.0507,tile_30.8740_29.2470,moisture_differential
30.918044,29.258361999999998,2.277402e+00,0.0098,tile_30.8740_29.2470,moisture_differential
30.918148,29.258361999999998,2.596066e+00,0.0875,tile_30.8740_29.2470,moisture_differential
30.921059999999997,29.258361999999998,2.544313e+00,0.0749,tile_30.8740_29.2470,moisture_differential
30.921163999999997,29.258361999999998,2.380904e+00,0.0350,tile_30.8740_29.2470,moisture_differential
30.923659999999998,29.258361999999998,2.370199e+00,0.0324,tile_30.8740_29.2470,moisture_differential
30.924284,29.258361999999998,2.388209e+00,0.0368,tile_30.8740_29.2470,moisture_differential
30.925531999999997,29.258361999999998,2.307906e+00,0.0172,tile_30.8740_29.2470,moisture_differential
30.876652,29.25827,3.028692e+00,0.1930,tile_30.8740_29.2470,moisture_differential
30.876756,29.25827,2.706423e+00,0.1144,tile_30.8740_29.2470,moisture_differential
30.878211999999998,29.25827,2.600568e+00,0.0886,tile_30.8740_29.2470,moisture_differential
30.880603999999998,29.25827,2.297636e+00,0.0147,tile_30.8740_29.2470,moisture_differential
30.880708,29.25827,2.811088e+00,0.1400,tile_30.8740_29.2470,moisture_differential
30.880812,29.25827,2.798690e+00,0.1369,tile_30.8740_29.2470,moisture_differential
30.880916,29.25827,2.371349e+00,0.0327,tile_30.8740_29.2470,moisture_differential
30.88414,29.25827,3.068049e+00,0.2026,tile_30.8740_29.2470,moisture_differential
30.884244,29.25827,2.609334e+00,0.0907,tile_30.8740_29.2470,moisture_differential
30.889651999999998,29.25827,2.301058e+00,0.0155,tile_30.8740_29.2470,moisture_differential
30.891523999999997,29.25827,2.486834e+00,0.0609,tile_30.8740_29.2470,moisture_differential
30.891627999999997,29.25827,2.731879e+00,0.1206,tile_30.8740_29.2470,moisture_differential
30.891731999999998,29.25827,2.283079e+00,0.0112,tile_30.8740_29.2470,moisture_differential
30.899324,29.25827,2.521805e+00,0.0694,tile_30.8740_29.2470,moisture_differential
30.909723999999997,29.25827,2.600142e+00,0.0885,tile_30.8740_29.2470,moisture_differential
30.909827999999997,29.25827,2.381748e+00,0.0352,tile_30.8740_29.2470,moisture_differential
30.91846,29.25827,2.348427e+00,0.0271,tile_30.8740_29.2470,moisture_differential
30.925428,29.25827,2.506175e+00,0.0656,tile_30.8740_29.2470,moisture_differential
30.925531999999997,29.25827,2.281936e+00,0.0109,tile_30.8740_29.2470,moisture_differential
30.875923999999998,29.258178,2.737547e+00,0.1220,tile_30.8740_29.2470,moisture_differential
30.876652,29.258178,2.354733e+00,0.0286,tile_30.8740_29.2470,moisture_differential
30.880812,29.258178,2.505872e+00,0.0655,tile_30.8740_29.2470,moisture_differential
30.88414,29.258178,3.013150e+00,0.1893,tile_30.8740_29.2470,moisture_differential
30.884244,29.258178,2.534594e+00,0.0725,tile_30.8740_29.2470,moisture_differential
30.891523999999997,29.258178,2.392580e+00,0.0379,tile_30.8740_29.2470,moisture_differential
30.891627999999997,29.258178,2.959769e+00,0.1762,tile_30.8740_29.2470,moisture_differential
30.891731999999998,29.258178,2.542414e+00,0.0744,tile_30.8740_29.2470,moisture_differential
30.896516,29.258178,2.321997e+00,0.0207,tile_30.8740_29.2470,moisture_differential
30.907747999999998,29.258178,2.423196e+00,0.0453,tile_30.8740_29.2470,moisture_differential
30.909619999999997,29.258178,2.342924e+00,0.0258,tile_30.8740_29.2470,moisture_differential
30.909723999999997,29.258178,2.578882e+00,0.0833,tile_30.8740_29.2470,moisture_differential
30.916587999999997,29.258178,2.290884e+00,0.0131,tile_30.8740_29.2470,moisture_differential
30.917627999999997,29.258178,2.296429e+00,0.0144,tile_30.8740_29.2470,moisture_differential
30.918979999999998,29.258178,2.345931e+00,0.0265,tile_30.8740_29.2470,moisture_differential
30.920955999999997,29.258178,2.452228e+00,0.0524,tile_30.8740_29.2470,moisture_differential
30.925428,29.258178,2.475207e+00,0.0580,tile_30.8740_29.2470,moisture_differential
30.875923999999998,29.258086,2.560923e+00,0.0789,tile_30.8740_29.2470,moisture_differential
30.876548,29.258086,3.316680e+00,0.2633,tile_30.8740_29.2470,moisture_differential
30.878107999999997,29.258086,2.309477e+00,0.0176,tile_30.8740_29.2470,moisture_differential
30.881852,29.258086,2.320186e+00,0.0202,tile_30.8740_29.2470,moisture_differential
30.887155999999997,29.258086,2.373435e+00,0.0332,tile_30.8740_29.2470,moisture_differential
30.891627999999997,29.258086,2.246272e+00,0.0022,tile_30.8740_29.2470,moisture_differential
30.909619999999997,29.258086,2.272421e+00,0.0086,tile_30.8740_29.2470,moisture_differential
30.91014,29.258086,2.249456e+00,0.0030,tile_30.8740_29.2470,moisture_differential
30.916587999999997,29.258086,2.275627e+00,0.0093,tile_30.8740_29.2470,moisture_differential
30.917627999999997,29.258086,2.246786e+00,0.0023,tile_30.8740_29.2470,moisture_differential
30.918979999999998,29.258086,2.511834e+00,0.0670,tile_30.8740_29.2470,moisture_differential
30.921059999999997,29.258086,2.422154e+00,0.0451,tile_30.8740_29.2470,moisture_differential
30.923347999999997,29.258086,2.306626e+00,0.0169,tile_30.8740_29.2470,moisture_differential
30.876652,29.257994,3.198321e+00,0.2344,tile_30.8740_29.2470,moisture_differential
30.876756,29.257994,2.876554e+00,0.1559,tile_30.8740_29.2470,moisture_differential
30.880812,29.257994,2.417129e+00,0.0439,tile_30.8740_29.2470,moisture_differential
30.891523999999997,29.257994,2.643926e+00,0.0992,tile_30.8740_29.2470,moisture_differential
30.906188,29.257994,2.405938e+00,0.0411,tile_30.8740_29.2470,moisture_differential
30.910035999999998,29.257994,2.280003e+00,0.0104,tile_30.8740_29.2470,moisture_differential
30.91014,29.257994,2.660855e+00,0.1033,tile_30.8740_29.2470,moisture_differential
30.910452,29.257994,2.660262e+00,0.1032,tile_30.8740_29.2470,moisture_differential
30.910556,29.257994,2.402242e+00,0.0402,tile_30.8740_29.2470,moisture_differential
30.91482,29.257994,2.344351e+00,0.0261,tile_30.8740_29.2470,moisture_differential
30.918148,29.257994,2.339614e+00,0.0250,tile_30.8740_29.2470,moisture_differential
30.918979999999998,29.257994,2.250404e+00,0.0032,tile_30.8740_29.2470,moisture_differential
30.924076,29.257994,2.686744e+00,0.1096,tile_30.8740_29.2470,moisture_differential
30.92418,29.257994,2.658086e+00,0.1026,tile_30.8740_29.2470,moisture_differential
30.880916,29.257902,2.477295e+00,0.0585,tile_30.8740_29.2470,moisture_differential
30.884556,29.257902,2.698922e+00,0.1126,tile_30.8740_29.2470,moisture_differential
30.886115999999998,29.257902,2.254858e+00,0.0043,tile_30.8740_29.2470,moisture_differential
30.887155999999997,29.257902,2.698418e+00,0.1125,tile_30.8740_29.2470,moisture_differential
30.889651999999998,29.257902,2.466356e+00,0.0559,tile_30.8740_29.2470,moisture_differential
30.890068,29.257902,2.255112e+00,0.0043,tile_30.8740_29.2470,moisture_differential
30.891523999999997,29.257902,2.438934e+00,0.0492,tile_30.8740_29.2470,moisture_differential
30.909723999999997,29.257902,2.273753e+00,0.0089,tile_30.8740_29.2470,moisture_differential
30.909827999999997,29.257902,2.266090e+00,0.0070,tile_30.8740_29.2470,moisture_differential
30.909931999999998,29.257902,2.456352e+00,0.0534,tile_30.8740_29.2470,moisture_differential
30.917523999999997,29.257902,2.395315e+00,0.0385,tile_30.8740_29.2470,moisture_differential
30.923659999999998,29.257902,2.471561e+00,0.0571,tile_30.8740_29.2470,moisture_differential
30.924076,29.257902,2.777908e+00,0.1319,tile_30.8740_29.2470,moisture_differential
30.877796,29.25781,2.893380e+00,0.1600,tile_30.8740_29.2470,moisture_differential
30.880916,29.25781,2.252157e+00,0.0036,tile_30.8740_29.2470,moisture_differential
30.881643999999998,29.25781,4.201875e+00,0.4792,tile_30.8740_29.2470,moisture_differential
30.881747999999998,29.25781,4.802789e+00,0.6258,tile_30.8740_29.2470,moisture_differential
30.881852,29.25781,3.700002e+00,0.3568,tile_30.8740_29.2470,moisture_differential
30.884556,29.25781,2.627595e+00,0.0952,tile_30.8740_29.2470,moisture_differential
30.885804,29.25781,2.313859e+00,0.0187,tile_30.8740_29.2470,moisture_differential
30.887051999999997,29.25781,2.529132e+00,0.0712,tile_30.8740_29.2470,moisture_differential
30.887155999999997,29.25781,3.116363e+00,0.2144,tile_30.8740_29.2470,moisture_differential
30.887259999999998,29.25781,2.645000e+00,0.0994,tile_30.8740_29.2470,moisture_differential
30.889651999999998,29.25781,2.395539e+00,0.0386,tile_30.8740_29.2470,moisture_differential
30.895372,29.25781,2.265671e+00,0.0069,tile_30.8740_29.2470,moisture_differential
30.909931999999998,29.25781,2.429476e+00,0.0469,tile_30.8740_29.2470,moisture_differential
30.914507999999998,29.25781,2.298172e+00,0.0148,tile_30.8740_29.2470,moisture_differential
30.918044,29.25781,2.320364e+00,0.0203,tile_30.8740_29.2470,moisture_differential
30.918148,29.25781,2.683198e+00,0.1088,tile_30.8740_29.2470,moisture_differential
30.923347999999997,29.25781,2.410335e+00,0.0422,tile_30.8740_29.2470,moisture_differential
30.923659999999998,29.25781,2.323363e+00,0.0210,tile_30.8740_29.2470,moisture_differential
30.923764,29.25781,2.392942e+00,0.0380,tile_30.8740_29.2470,moisture_differential
30.878107999999997,29.257718,2.554859e+00,0.0775,tile_30.8740_29.2470,moisture_differential
30.881539999999998,29.257718,2.525330e+00,0.0703,tile_30.8740_29.2470,moisture_differential
30.881643999999998,29.257718,4.672106e+00,0.5940,tile_30.8740_29.2470,moisture_differential
30.881747999999998,29.257718,5.400977e+00,0.7718,tile_30.8740_29.2470,moisture_differential
30.881852,29.257718,4.394731e+00,0.5263,tile_30.8740_29.2470,moisture_differential
30.884867999999997,29.257718,2.565986e+00,0.0802,tile_30.8740_29.2470,moisture_differential
30.885907999999997,29.257718,2.511467e+00,0.0669,tile_30.8740_29.2470,moisture_differential
30.887155999999997,29.257718,2.243134e+00,0.0014,tile_30.8740_29.2470,moisture_differential
30.889547999999998,29.257718,2.415615e+00,0.0435,tile_30.8740_29.2470,moisture_differential
30.889651999999998,29.257718,2.281552e+00,0.0108,tile_30.8740_29.2470,moisture_differential
30.895372,29.257718,2.958634e+00,0.1760,tile_30.8740_29.2470,moisture_differential
30.895476,29.257718,2.966106e+00,0.1778,tile_30.8740_29.2470,moisture_differential
30.914507999999998,29.257718,2.321830e+00,0.0206,tile_30.8740_29.2470,moisture_differential
30.918148,29.257718,2.322020e+00,0.0207,tile_30.8740_29.2470,moisture_differential
30.918252,29.257718,2.355112e+00,0.0287,tile_30.8740_29.2470,moisture_differential
30.919292,29.257718,2.253452e+00,0.0039,tile_30.8740_29.2470,moisture_differential
30.923659999999998,29.257718,2.330850e+00,0.0228,tile_30.8740_29.2470,moisture_differential
30.924491999999997,29.257718,2.449002e+00,0.0516,tile_30.8740_29.2470,moisture_differential
30.925635999999997,29.257718,2.346375e+00,0.0266,tile_30.8740_29.2470,moisture_differential
30.878003999999997,29.257626,2.408133e+00,0.0417,tile_30.8740_29.2470,moisture_differential
30.881539999999998,29.257626,2.717800e+00,0.1172,tile_30.8740_29.2470,moisture_differential
30.881643999999998,29.257626,4.542627e+00,0.5624,tile_30.8740_29.2470,moisture_differential
30.881747999999998,29.257626,4.737788e+00,0.6100,tile_30.8740_29.2470,moisture_differential
30.881852,29.257626,3.667650e+00,0.3489,tile_30.8740_29.2470,moisture_differential
30.895267999999998,29.257626,2.350687e+00,0.0277,tile_30.8740_29.2470,moisture_differential
30.895372,29.257626,3.346033e+00,0.2705,tile_30.8740_29.2470,moisture_differential
30.895476,29.257626,3.105068e+00,0.2117,tile_30.8740_29.2470,moisture_differential
30.914403999999998,29.257626,2.256235e+00,0.0046,tile_30.8740_29.2470,moisture_differential
30.914507999999998,29.257626,2.679596e+00,0.1079,tile_30.8740_29.2470,moisture_differential
30.917004,29.257626,2.259659e+00,0.0054,tile_30.8740_29.2470,moisture_differential
30.919083999999998,29.257626,2.443303e+00,0.0502,tile_30.8740_29.2470,moisture_differential
30.923451999999997,29.257626,2.377180e+00,0.0341,tile_30.8740_29.2470,moisture_differential
30.923555999999998,29.257626,2.264597e+00,0.0067,tile_30.8740_29.2470,moisture_differential
30.924803999999998,29.257626,2.482725e+00,0.0599,tile_30.8740_29.2470,moisture_differential
30.924908,29.257626,2.315614e+00,0.0191,tile_30.8740_29.2470,moisture_differential
30.925012,29.257626,2.374156e+00,0.0334,tile_30.8740_29.2470,moisture_differential
30.925116,29.257626,2.273910e+00,0.0089,tile_30.8740_29.2470,moisture_differential
30.880603999999998,29.257534,2.522470e+00,0.0696,tile_30.8740_29.2470,moisture_differential
30.880708,29.257534,2.335859e+00,0.0240,tile_30.8740_29.2470,moisture_differential
30.88102,29.257534,3.277835e+00,0.2538,tile_30.8740_29.2470,moisture_differential
30.881124,29.257534,2.902470e+00,0.1623,tile_30.8740_29.2470,moisture_differential
30.881539999999998,29.257534,3.158740e+00,0.2248,tile_30.8740_29.2470,moisture_differential
30.881643999999998,29.257534,3.211290e+00,0.2376,tile_30.8740_29.2470,moisture_differential
30.881747999999998,29.257534,3.096572e+00,0.2096,tile_30.8740_29.2470,moisture_differential
30.888403999999998,29.257534,2.508373e+00,0.0661,tile_30.8740_29.2470,moisture_differential
30.894228,29.257534,2.357681e+00,0.0294,tile_30.8740_29.2470,moisture_differential
30.894332,29.257534,2.634806e+00,0.0970,tile_30.8740_29.2470,moisture_differential
30.895372,29.257534,2.831556e+00,0.1450,tile_30.8740_29.2470,moisture_differential
30.895476,29.257534,2.343818e+00,0.0260,tile_30.8740_29.2470,moisture_differential
30.914611999999998,29.257534,2.568400e+00,0.0808,tile_30.8740_29.2470,moisture_differential
30.923972,29.257534,2.409905e+00,0.0421,tile_30.8740_29.2470,moisture_differential
30.924803999999998,29.257534,2.644592e+00,0.0993,tile_30.8740_29.2470,moisture_differential
30.924908,29.257534,2.317513e+00,0.0196,tile_30.8740_29.2470,moisture_differential
30.880499999999998,29.257442,2.238446e+00,0.0003,tile_30.8740_29.2470,moisture_differential
30.880603999999998,29.257442,2.749619e+00,0.1250,tile_30.8740_29.2470,moisture_differential
30.880708,29.257442,2.651507e+00,0.1010,tile_30.8740_29.2470,moisture_differential
30.88102,29.257442,2.947020e+00,0.1731,tile_30.8740_29.2470,moisture_differential
30.881124,29.257442,2.622676e+00,0.0940,tile_30.8740_29.2470,moisture_differential
30.885075999999998,29.257442,2.661181e+00,0.1034,tile_30.8740_29.2470,moisture_differential
30.894332,29.257442,2.453556e+00,0.0527,tile_30.8740_29.2470,moisture_differential
30.896099999999997,29.257442,2.308942e+00,0.0175,tile_30.8740_29.2470,moisture_differential
30.902652,29.257442,2.238109e+00,0.0002,tile_30.8740_29.2470,moisture_differential
30.917835999999998,29.257442,2.306049e+00,0.0168,tile_30.8740_29.2470,moisture_differential
30.923451999999997,29.257442,2.272261e+00,0.0085,tile_30.8740_29.2470,moisture_differential
30.924076,29.257442,2.395384e+00,0.0386,tile_30.8740_29.2470,moisture_differential
30.924491999999997,29.257442,2.247630e+00,0.0025,tile_30.8740_29.2470,moisture_differential
30.880603999999998,29.25735,2.426436e+00,0.0461,tile_30.8740_29.2470,moisture_differential
30.88206,29.25735,2.835975e+00,0.1460,tile_30.8740_29.2470,moisture_differential
30.896099999999997,29.25735,2.679831e+00,0.1079,tile_30.8740_29.2470,moisture_differential
30.896203999999997,29.25735,2.362229e+00,0.0305,tile_30.8740_29.2470,moisture_differential
30.896307999999998,29.25735,2.388682e+00,0.0369,tile_30.8740_29.2470,moisture_differential
30.923347999999997,29.25735,2.699714e+00,0.1128,tile_30.8740_29.2470,moisture_differential
30.923451999999997,29.25735,2.419857e+00,0.0445,tile_30.8740_29.2470,moisture_differential
30.924076,29.25735,2.340546e+00,0.0252,tile_30.8740_29.2470,moisture_differential
30.879668,29.257258,2.616816e+00,0.0926,tile_30.8740_29.2470,moisture_differential
30.879772,29.257258,2.419170e+00,0.0444,tile_30.8740_29.2470,moisture_differential
30.879876,29.257258,2.282158e+00,0.0109,tile_30.8740_29.2470,moisture_differential
30.88206,29.257258,2.500497e+00,0.0642,tile_30.8740_29.2470,moisture_differential
30.882683999999998,29.257258,2.796626e+00,0.1364,tile_30.8740_29.2470,moisture_differential
30.882787999999998,29.257258,2.418317e+00,0.0441,tile_30.8740_29.2470,moisture_differential
30.89142,29.257258,2.441804e+00,0.0499,tile_30.8740_29.2470,moisture_differential
30.894228,29.257258,2.352909e+00,0.0282,tile_30.8740_29.2470,moisture_differential
30.9091,29.257258,2.309977e+00,0.0177,tile_30.8740_29.2470,moisture_differential
30.917627999999997,29.257258,2.284911e+00,0.0116,tile_30.8740_29.2470,moisture_differential
30.920227999999998,29.257258,2.436648e+00,0.0486,tile_30.8740_29.2470,moisture_differential
30.921476,29.257258,2.444679e+00,0.0506,tile_30.8740_29.2470,moisture_differential
30.923347999999997,29.257258,2.636229e+00,0.0973,tile_30.8740_29.2470,moisture_differential
30.923451999999997,29.257258,2.554010e+00,0.0773,tile_30.8740_29.2470,moisture_differential
30.924076,29.257258,2.803489e+00,0.1381,tile_30.8740_29.2470,moisture_differential
30.879772,29.257165999999998,2.294434e+00,0.0139,tile_30.8740_29.2470,moisture_differential
30.881956,29.257165999999998,3.214260e+00,0.2383,tile_30.8740_29.2470,moisture_differential
30.88206,29.257165999999998,2.381674e+00,0.0352,tile_30.8740_29.2470,moisture_differential
30.882683999999998,29.257165999999998,2.913399e+00,0.1649,tile_30.8740_29.2470,moisture_differential
30.882787999999998,29.257165999999998,2.371279e+00,0.0327,tile_30.8740_29.2470,moisture_differential
30.894123999999998,29.257165999999998,2.961067e+00,0.1766,tile_30.8740_29.2470,moisture_differential
30.894228,29.257165999999998,2.897622e+00,0.1611,tile_30.8740_29.2470,moisture_differential
30.909619999999997,29.257165999999998,2.373724e+00,0.0333,tile_30.8740_29.2470,moisture_differential
30.910556,29.257165999999998,2.267638e+00,0.0074,tile_30.8740_29.2470,moisture_differential
30.910867999999997,29.257165999999998,2.419172e+00,0.0444,tile_30.8740_29.2470,moisture_differential
30.9169,29.257165999999998,2.514567e+00,0.0676,tile_30.8740_29.2470,moisture_differential
30.917004,29.257165999999998,3.063419e+00,0.2015,tile_30.8740_29.2470,moisture_differential
30.917108,29.257165999999998,2.684624e+00,0.1091,tile_30.8740_29.2470,moisture_differential
30.924699999999998,29.257165999999998,2.343498e+00,0.0259,tile_30.8740_29.2470,moisture_differential
30.881747999999998,29.257074,3.080490e+00,0.2057,tile_30.8740_29.2470,moisture_differential
30.881852,29.257074,2.436897e+00,0.0487,tile_30.8740_29.2470,moisture_differential
30.894123999999998,29.257074,3.108028e+00,0.2124,tile_30.8740_29.2470,moisture_differential
30.894228,29.257074,2.981483e+00,0.1815,tile_30.8740_29.2470,moisture_differential
30.909516,29.257074,2.242385e+00,0.0012,tile_30.8740_29.2470,moisture_differential
30.910556,29.257074,2.631331e+00,0.0961,tile_30.8740_29.2470,moisture_differential
30.91066,29.257074,2.277856e+00,0.0099,tile_30.8740_29.2470,moisture_differential
30.915443999999997,29.257074,2.270589e+00,0.0081,tile_30.8740_29.2470,moisture_differential
30.915651999999998,29.257074,2.621516e+00,0.0937,tile_30.8740_29.2470,moisture_differential
30.9169,29.257074,3.112096e+00,0.2134,tile_30.8740_29.2470,moisture_differential
30.917004,29.257074,3.582163e+00,0.3281,tile_30.8740_29.2470,moisture_differential
30.917108,29.257074,2.445016e+00,0.0507,tile_30.8740_29.2470,moisture_differential
30.921996,29.257074,2.810698e+00,0.1399,tile_30.8740_29.2470,moisture_differential
30.922724,29.257074,2.774149e+00,0.1310,tile_30.8740_29.2470,moisture_differential
30.925116,29.257074,2.301460e+00,0.0156,tile_30.8740_29.2470,moisture_differential
30.881643999999998,29.256982,2.289060e+00,0.0126,tile_30.8740_29.2470,moisture_differential
30.881747999999998,29.256982,2.701180e+00,0.1132,tile_30.8740_29.2470,moisture_differential
30.894019999999998,29.256982,2.485084e+00,0.0604,tile_30.8740_29.2470,moisture_differential
30.910556,29.256982,2.507184e+00,0.0658,tile_30.8740_29.2470,moisture_differential
30.91066,29.256982,2.279444e+00,0.0103,tile_30.8740_29.2470,moisture_differential
30.910763999999997,29.256982,2.358150e+00,0.0295,tile_30.8740_29.2470,moisture_differential
30.914716,29.256982,2.457505e+00,0.0537,tile_30.8740_29.2470,moisture_differential
30.917108,29.256982,2.624846e+00,0.0945,tile_30.8740_29.2470,moisture_differential
30.921892,29.256982,2.442196e+00,0.0500,tile_30.8740_29.2470,moisture_differential
30.922724,29.256982,2.432187e+00,0.0475,tile_30.8740_29.2470,moisture_differential
30.874571999999997,29.25689,2.299823e+00,0.0152,tile_30.8740_29.2470,moisture_differential
30.878732,29.25689,2.330817e+00,0.0228,tile_30.8740_29.2470,moisture_differential
30.883931999999998,29.25689,2.461474e+00,0.0547,tile_30.8740_29.2470,moisture_differential
30.906291999999997,29.25689,2.399433e+00,0.0395,tile_30.8740_29.2470,moisture_differential
30.909412,29.25689,2.252590e+00,0.0037,tile_30.8740_29.2470,moisture_differential
30.914611999999998,29.25689,2.511313e+00,0.0668,tile_30.8740_29.2470,moisture_differential
30.914716,29.25689,2.586901e+00,0.0853,tile_30.8740_29.2470,moisture_differential
30.922724,29.25689,2.396213e+00,0.0388,tile_30.8740_29.2470,moisture_differential
30.924076,29.25689,2.454654e+00,0.0530,tile_30.8740_29.2470,moisture_differential
30.92418,29.25689,2.626841e+00,0.0950,tile_30.8740_29.2470,moisture_differential
30.92522,29.25689,2.282662e+00,0.0111,tile_30.8740_29.2470,moisture_differential
30.880395999999998,29.256798,2.256428e+00,0.0047,tile_30.8740_29.2470,moisture_differential
30.914611999999998,29.256798,2.304088e+00,0.0163,tile_30.8740_29.2470,moisture_differential
30.92262,29.256798,2.929306e+00,0.1688,tile_30.8740_29.2470,moisture_differential
30.922724,29.256798,3.220440e+00,0.2398,tile_30.8740_29.2470,moisture_differential
30.922828,29.256798,2.585317e+00,0.0849,tile_30.8740_29.2470,moisture_differential
30.924076,29.256798,3.186201e+00,0.2315,tile_30.8740_29.2470,moisture_differential
30.92418,29.256798,2.448409e+00,0.0515,tile_30.8740_29.2470,moisture_differential
30.92522,29.256798,2.397528e+00,0.0391,tile_30.8740_29.2470,moisture_differential
30.878107999999997,29.256706,2.252625e+00,0.0037,tile_30.8740_29.2470,moisture_differential
30.880603999999998,29.256706,2.663333e+00,0.1039,tile_30.8740_29.2470,moisture_differential
30.885388,29.256706,2.249570e+00,0.0030,tile_30.8740_29.2470,moisture_differential
30.885492,29.256706,2.279323e+00,0.0102,tile_30.8740_29.2470,moisture_differential
30.887155999999997,29.256706,2.296352e+00,0.0144,tile_30.8740_29.2470,moisture_differential
30.909931999999998,29.256706,2.247884e+00,0.0026,tile_30.8740_29.2470,moisture_differential
30.912532,29.256706,2.378688e+00,0.0345,tile_30.8740_29.2470,moisture_differential
30.915028,29.256706,2.624528e+00,0.0945,tile_30.8740_29.2470,moisture_differential
30.920748,29.256706,2.349578e+00,0.0274,tile_30.8740_29.2470,moisture_differential
30.920852,29.256706,2.269504e+00,0.0078,tile_30.8740_29.2470,moisture_differential
30.92262,29.256706,2.968589e+00,0.1784,tile_30.8740_29.2470,moisture_differential
30.922724,29.256706,3.018597e+00,0.1906,tile_30.8740_29.2470,moisture_differential
30.924076,29.256706,2.983030e+00,0.1819,tile_30.8740_29.2470,moisture_differential
30.880603999999998,29.256614,2.886298e+00,0.1583,tile_30.8740_29.2470,moisture_differential
30.880708,29.256614,2.751235e+00,0.1254,tile_30.8740_29.2470,moisture_differential
30.880812,29.256614,2.760193e+00,0.1275,tile_30.8740_29.2470,moisture_differential
30.883412,29.256614,2.465218e+00,0.0556,tile_30.8740_29.2470,moisture_differential
30.885388,29.256614,2.300943e+00,0.0155,tile_30.8740_29.2470,moisture_differential
30.885492,29.256614,2.742335e+00,0.1232,tile_30.8740_29.2470,moisture_differential
30.887259999999998,29.256614,2.516194e+00,0.0680,tile_30.8740_29.2470,moisture_differential
30.890691999999998,29.256614,2.375337e+00,0.0337,tile_30.8740_29.2470,moisture_differential
30.898699999999998,29.256614,2.253899e+00,0.0040,tile_30.8740_29.2470,moisture_differential
30.909723999999997,29.256614,2.560345e+00,0.0788,tile_30.8740_29.2470,moisture_differential
30.910348,29.256614,2.239172e+00,0.0004,tile_30.8740_29.2470,moisture_differential
30.920644,29.256614,2.384930e+00,0.0360,tile_30.8740_29.2470,moisture_differential
30.920748,29.256614,2.654872e+00,0.1019,tile_30.8740_29.2470,moisture_differential
30.920852,29.256614,2.406629e+00,0.0413,tile_30.8740_29.2470,moisture_differential
30.921892,29.256614,2.586826e+00,0.0853,tile_30.8740_29.2470,moisture_differential
30.880603999999998,29.256522,2.598323e+00,0.0881,tile_30.8740_29.2470,moisture_differential
30.880708,29.256522,2.475072e+00,0.0580,tile_30.8740_29.2470,moisture_differential
30.885492,29.256522,2.258963e+00,0.0053,tile_30.8740_29.2470,moisture_differential
30.885596,29.256522,2.306664e+00,0.0169,tile_30.8740_29.2470,moisture_differential
30.886011999999997,29.256522,2.458309e+00,0.0539,tile_30.8740_29.2470,moisture_differential
30.898595999999998,29.256522,2.288827e+00,0.0126,tile_30.8740_29.2470,moisture_differential
30.906084,29.256522,2.290040e+00,0.0129,tile_30.8740_29.2470,moisture_differential
30.920748,29.256522,2.636711e+00,0.0974,tile_30.8740_29.2470,moisture_differential
30.920852,29.256522,2.423722e+00,0.0455,tile_30.8740_29.2470,moisture_differential
30.921788,29.256522,2.394290e+00,0.0383,tile_30.8740_29.2470,moisture_differential
30.921892,29.256522,2.475679e+00,0.0581,tile_30.8740_29.2470,moisture_differential
30.924387999999997,29.256522,2.261766e+00,0.0060,tile_30.8740_29.2470,moisture_differential
30.879251999999997,29.256429999999998,2.412845e+00,0.0428,tile_30.8740_29.2470,moisture_differential
30.879355999999998,29.256429999999998,2.369645e+00,0.0323,tile_30.8740_29.2470,moisture_differential
30.880603999999998,29.256429999999998,2.332893e+00,0.0233,tile_30.8740_29.2470,moisture_differential
30.880916,29.256429999999998,2.241840e+00,0.0011,tile_30.8740_29.2470,moisture_differential
30.883723999999997,29.256429999999998,2.243764e+00,0.0016,tile_30.8740_29.2470,moisture_differential
30.885388,29.256429999999998,2.531199e+00,0.0717,tile_30.8740_29.2470,moisture_differential
30.886115999999998,29.256429999999998,2.336832e+00,0.0243,tile_30.8740_29.2470,moisture_differential
30.886219999999998,29.256429999999998,2.329370e+00,0.0225,tile_30.8740_29.2470,moisture_differential
30.890172,29.256429999999998,2.244497e+00,0.0017,tile_30.8740_29.2470,moisture_differential
30.898699999999998,29.256429999999998,2.250525e+00,0.0032,tile_30.8740_29.2470,moisture_differential
30.920852,29.256429999999998,2.395788e+00,0.0387,tile_30.8740_29.2470,moisture_differential
30.920955999999997,29.256429999999998,2.437400e+00,0.0488,tile_30.8740_29.2470,moisture_differential
30.921788,29.256429999999998,2.394748e+00,0.0384,tile_30.8740_29.2470,moisture_differential
30.921892,29.256429999999998,2.303511e+00,0.0161,tile_30.8740_29.2470,moisture_differential
30.92418,29.256429999999998,2.311561e+00,0.0181,tile_30.8740_29.2470,moisture_differential
30.925428,29.256429999999998,2.492265e+00,0.0622,tile_30.8740_29.2470,moisture_differential
30.879459999999998,29.256338,2.655991e+00,0.1021,tile_30.8740_29.2470,moisture_differential
30.880395999999998,29.256338,2.630762e+00,0.0960,tile_30.8740_29.2470,moisture_differential
30.880812,29.256338,2.322297e+00,0.0207,tile_30.8740_29.2470,moisture_differential
30.885388,29.256338,2.326379e+00,0.0217,tile_30.8740_29.2470,moisture_differential
30.886115999999998,29.256338,2.275979e+00,0.0094,tile_30.8740_29.2470,moisture_differential
30.886219999999998,29.256338,2.377053e+00,0.0341,tile_30.8740_29.2470,moisture_differential
30.91066,29.256338,2.559322e+00,0.0785,tile_30.8740_29.2470,moisture_differential
30.910763999999997,29.256338,2.350229e+00,0.0275,tile_30.8740_29.2470,moisture_differential
30.924076,29.256338,2.300745e+00,0.0155,tile_30.8740_29.2470,moisture_differential
30.874052,29.256246,2.520450e+00,0.0691,tile_30.8740_29.2470,moisture_differential
30.874156,29.256246,2.246411e+00,0.0022,tile_30.8740_29.2470,moisture_differential
30.880395999999998,29.256246,2.584877e+00,0.0848,tile_30.8740_29.2470,moisture_differential
30.885284,29.256246,2.248458e+00,0.0027,tile_30.8740_29.2470,moisture_differential
30.91066,29.256246,3.517456e+00,0.3123,tile_30.8740_29.2470,moisture_differential
30.910763999999997,29.256246,2.822720e+00,0.1428,tile_30.8740_29.2470,moisture_differential
30.910867999999997,29.256246,2.660329e+00,0.1032,tile_30.8740_29.2470,moisture_differential
30.911284,29.256246,2.262894e+00,0.0062,tile_30.8740_29.2470,moisture_differential
30.920332,29.256246,2.511101e+00,0.0668,tile_30.8740_29.2470,moisture_differential
30.920436,29.256246,2.474547e+00,0.0579,tile_30.8740_29.2470,moisture_differential
30.92054,29.256246,2.907529e+00,0.1635,tile_30.8740_29.2470,moisture_differential
30.920955999999997,29.256246,2.670380e+00,0.1056,tile_30.8740_29.2470,moisture_differential
30.880812,29.256154,2.437476e+00,0.0488,tile_30.8740_29.2470,moisture_differential
30.885388,29.256154,2.338946e+00,0.0248,tile_30.8740_29.2470,moisture_differential
30.886948,29.256154,2.539898e+00,0.0738,tile_30.8740_29.2470,moisture_differential
30.900779999999997,29.256154,2.345577e+00,0.0264,tile_30.8740_29.2470,moisture_differential
30.91066,29.256154,3.093241e+00,0.2088,tile_30.8740_29.2470,moisture_differential
30.910763999999997,29.256154,3.317567e+00,0.2635,tile_30.8740_29.2470,moisture_differential
30.915964,29.256154,2.245584e+00,0.0020,tile_30.8740_29.2470,moisture_differential
30.916068,29.256154,2.306526e+00,0.0169,tile_30.8740_29.2470,moisture_differential
30.920227999999998,29.256154,3.053818e+00,0.1992,tile_30.8740_29.2470,moisture_differential
30.920332,29.256154,4.079542e+00,0.4494,tile_30.8740_29.2470,moisture_differential
30.920436,29.256154,3.865522e+00,0.3972,tile_30.8740_29.2470,moisture_differential
30.92054,29.256154,2.662030e+00,0.1036,tile_30.8740_29.2470,moisture_differential
30.920852,29.256154,2.712632e+00,0.1159,tile_30.8740_29.2470,moisture_differential
30.920955999999997,29.256154,2.442074e+00,0.0499,tile_30.8740_29.2470,moisture_differential
30.887676,29.256062,2.361515e+00,0.0303,tile_30.8740_29.2470,moisture_differential
30.90598,29.256062,2.399940e+00,0.0397,tile_30.8740_29.2470,moisture_differential
30.91066,29.256062,2.588591e+00,0.0857,tile_30.8740_29.2470,moisture_differential
30.915651999999998,29.256062,2.568049e+00,0.0807,tile_30.8740_29.2470,moisture_differential
30.915756,29.256062,2.412372e+00,0.0427,tile_30.8740_29.2470,moisture_differential
30.915964,29.256062,2.554159e+00,0.0773,tile_30.8740_29.2470,moisture_differential
30.916068,29.256062,2.486455e+00,0.0608,tile_30.8740_29.2470,moisture_differential
30.920227999999998,29.256062,3.740205e+00,0.3666,tile_30.8740_29.2470,moisture_differential
30.920332,29.256062,4.511810e+00,0.5548,tile_30.8740_29.2470,moisture_differential
30.920436,29.256062,4.340421e+00,0.5130,tile_30.8740_29.2470,moisture_differential
30.92054,29.256062,2.756925e+00,0.1268,tile_30.8740_29.2470,moisture_differential
30.920852,29.256062,2.647533e+00,0.1001,tile_30.8740_29.2470,moisture_differential
30.878524,29.25597,2.633189e+00,0.0966,tile_30.8740_29.2470,moisture_differential
30.879459999999998,29.25597,2.323606e+00,0.0210,tile_30.8740_29.2470,moisture_differential
30.879564,29.25597,2.402923e+00,0.0404,tile_30.8740_29.2470,moisture_differential
30.880395999999998,29.25597,2.330391e+00,0.0227,tile_30.8740_29.2470,moisture_differential
30.880499999999998,29.25597,2.433838e+00,0.0479,tile_30.8740_29.2470,moisture_differential
30.887676,29.25597,2.548654e+00,0.0759,tile_30.8740_29.2470,moisture_differential
30.889339999999997,29.25597,2.384963e+00,0.0360,tile_30.8740_29.2470,moisture_differential
30.891004,29.25597,2.296218e+00,0.0144,tile_30.8740_29.2470,moisture_differential
30.903171999999998,29.25597,2.884041e+00,0.1578,tile_30.8740_29.2470,moisture_differential
30.903275999999998,29.25597,3.681124e+00,0.3522,tile_30.8740_29.2470,moisture_differential
30.90338,29.25597,3.576575e+00,0.3267,tile_30.8740_29.2470,moisture_differential
30.903484,29.25597,2.577033e+00,0.0829,tile_30.8740_29.2470,moisture_differential
30.903588,29.25597,2.883371e+00,0.1576,tile_30.8740_29.2470,moisture_differential
30.905876,29.25597,2.254934e+00,0.0043,tile_30.8740_29.2470,moisture_differential
30.91066,29.25597,3.540747e+00,0.3180,tile_30.8740_29.2470,moisture_differential
30.910763999999997,29.25597,2.440044e+00,0.0494,tile_30.8740_29.2470,moisture_differential
30.910867999999997,29.25597,2.311070e+00,0.0180,tile_30.8740_29.2470,moisture_differential
30.9117,29.25597,2.336043e+00,0.0241,tile_30.8740_29.2470,moisture_differential
30.911804,29.25597,2.314504e+00,0.0188,tile_30.8740_29.2470,moisture_differential
30.915964,29.25597,2.512315e+00,0.0671,tile_30.8740_29.2470,moisture_differential
30.920227999999998,29.25597,3.697931e+00,0.3563,tile_30.8740_29.2470,moisture_differential
30.920332,29.25597,4.348091e+00,0.5149,tile_30.8740_29.2470,moisture_differential
30.920436,29.25597,4.000476e+00,0.4301,tile_30.8740_29.2470,moisture_differential
30.92054,29.25597,2.368938e+00,0.0321,tile_30.8740_29.2470,moisture_differential
30.921371999999998,29.25597,2.305237e+00,0.0166,tile_30.8740_29.2470,moisture_differential
30.922724,29.25597,2.643208e+00,0.0990,tile_30.8740_29.2470,moisture_differential
30.876236,29.255878,2.327732e+00,0.0221,tile_30.8740_29.2470,moisture_differential
30.87634,29.255878,2.674769e+00,0.1067,tile_30.8740_29.2470,moisture_differential
30.879044,29.255878,2.295300e+00,0.0141,tile_30.8740_29.2470,moisture_differential
30.879147999999997,29.255878,2.396494e+00,0.0388,tile_30.8740_29.2470,moisture_differential
30.880395999999998,29.255878,2.732694e+00,0.1208,tile_30.8740_29.2470,moisture_differential
30.880499999999998,29.255878,2.294636e+00,0.0140,tile_30.8740_29.2470,moisture_differential
30.880812,29.255878,2.303965e+00,0.0163,tile_30.8740_29.2470,moisture_differential
30.886011999999997,29.255878,2.502665e+00,0.0647,tile_30.8740_29.2470,moisture_differential
30.887884,29.255878,2.300097e+00,0.0153,tile_30.8740_29.2470,moisture_differential
30.90026,29.255878,2.247264e+00,0.0024,tile_30.8740_29.2470,moisture_differential
30.903171999999998,29.255878,2.966833e+00,0.1780,tile_30.8740_29.2470,moisture_differential
30.903275999999998,29.255878,4.454328e+00,0.5408,tile_30.8740_29.2470,moisture_differential
30.90338,29.255878,4.198618e+00,0.4784,tile_30.8740_29.2470,moisture_differential
30.903484,29.255878,3.209756e+00,0.2372,tile_30.8740_29.2470,moisture_differential
30.903588,29.255878,4.051085e+00,0.4425,tile_30.8740_29.2470,moisture_differential
30.903692,29.255878,3.951409e+00,0.4181,tile_30.8740_29.2470,moisture_differential
30.910763999999997,29.255878,2.880556e+00,0.1569,tile_30.8740_29.2470,moisture_differential
30.910867999999997,29.255878,2.836175e+00,0.1461,tile_30.8740_29.2470,moisture_differential
30.911804,29.255878,2.594001e+00,0.0870,tile_30.8740_29.2470,moisture_differential
30.920332,29.255878,2.890421e+00,0.1593,tile_30.8740_29.2470,moisture_differential
30.920436,29.255878,2.299276e+00,0.0151,tile_30.8740_29.2470,moisture_differential
30.921059999999997,29.255878,2.399204e+00,0.0395,tile_30.8740_29.2470,moisture_differential
30.875923999999998,29.255786,2.624396e+00,0.0944,tile_30.8740_29.2470,moisture_differential
30.876236,29.255786,2.415835e+00,0.0435,tile_30.8740_29.2470,moisture_differential
30.87634,29.255786,2.672459e+00,0.1061,tile_30.8740_29.2470,moisture_differential
30.87894,29.255786,2.486377e+00,0.0608,tile_30.8740_29.2470,moisture_differential
30.879147999999997,29.255786,2.242453e+00,0.0012,tile_30.8740_29.2470,moisture_differential
30.880395999999998,29.255786,2.533787e+00,0.0723,tile_30.8740_29.2470,moisture_differential
30.88414,29.255786,2.337935e+00,0.0245,tile_30.8740_29.2470,moisture_differential
30.886011999999997,29.255786,2.437149e+00,0.0487,tile_30.8740_29.2470,moisture_differential
30.886115999999998,29.255786,2.282205e+00,0.0109,tile_30.8740_29.2470,moisture_differential
30.902859999999997,29.255786,2.792732e+00,0.1355,tile_30.8740_29.2470,moisture_differential
30.903171999999998,29.255786,3.773692e+00,0.3748,tile_30.8740_29.2470,moisture_differential
30.903275999999998,29.255786,4.277208e+00,0.4976,tile_30.8740_29.2470,moisture_differential
30.90338,29.255786,4.190159e+00,0.4764,tile_30.8740_29.2470,moisture_differential
30.903484,29.255786,2.740095e+00,0.1226,tile_30.8740_29.2470,moisture_differential
30.903588,29.255786,3.182648e+00,0.2306,tile_30.8740_29.2470,moisture_differential
30.903692,29.255786,4.065715e+00,0.4460,tile_30.8740_29.2470,moisture_differential
30.903796,29.255786,3.161167e+00,0.2254,tile_30.8740_29.2470,moisture_differential
30.904003999999997,29.255786,3.709522e+00,0.3591,tile_30.8740_29.2470,moisture_differential
30.910348,29.255786,2.475170e+00,0.0580,tile_30.8740_29.2470,moisture_differential
30.910452,29.255786,2.350544e+00,0.0276,tile_30.8740_29.2470,moisture_differential
30.91066,29.255786,2.379881e+00,0.0348,tile_30.8740_29.2470,moisture_differential
30.910763999999997,29.255786,3.053567e+00,0.1991,tile_30.8740_29.2470,moisture_differential
30.910867999999997,29.255786,3.059707e+00,0.2006,tile_30.8740_29.2470,moisture_differential
30.921059999999997,29.255786,2.466050e+00,0.0558,tile_30.8740_29.2470,moisture_differential
30.921267999999998,29.255786,2.451789e+00,0.0523,tile_30.8740_29.2470,moisture_differential
30.92262,29.255786,2.384297e+00,0.0359,tile_30.8740_29.2470,moisture_differential
30.925116,29.255786,2.510913e+00,0.0667,tile_30.8740_29.2470,moisture_differential
30.87894,29.255694,2.854988e+00,0.1507,tile_30.8740_29.2470,moisture_differential
30.879044,29.255694,2.512089e+00,0.0670,tile_30.8740_29.2470,moisture_differential
30.879147999999997,29.255694,2.250658e+00,0.0032,tile_30.8740_29.2470,moisture_differential
30.879251999999997,29.255694,2.488123e+00,0.0612,tile_30.8740_29.2470,moisture_differential
30.880395999999998,29.255694,2.489802e+00,0.0616,tile_30.8740_29.2470,moisture_differential
30.882996,29.255694,2.305708e+00,0.0167,tile_30.8740_29.2470,moisture_differential
30.887884,29.255694,2.253388e+00,0.0039,tile_30.8740_29.2470,moisture_differential
30.888195999999997,29.255694,2.268924e+00,0.0077,tile_30.8740_29.2470,moisture_differential
30.896932,29.255694,2.937328e+00,0.1708,tile_30.8740_29.2470,moisture_differential
30.897036,29.255694,2.544038e+00,0.0748,tile_30.8740_29.2470,moisture_differential
30.903275999999998,29.255694,3.218011e+00,0.2392,tile_30.8740_29.2470,moisture_differential
30.90338,29.255694,3.788068e+00,0.3783,tile_30.8740_29.2470,moisture_differential
30.903484,29.255694,3.218024e+00,0.2392,tile_30.8740_29.2470,moisture_differential
30.903588,29.255694,2.450355e+00,0.0520,tile_30.8740_29.2470,moisture_differential
30.903692,29.255694,3.320776e+00,0.2643,tile_30.8740_29.2470,moisture_differential
30.903796,29.255694,2.950283e+00,0.1739,tile_30.8740_29.2470,moisture_differential
30.9039,29.255694,3.679813e+00,0.3519,tile_30.8740_29.2470,moisture_differential
30.904003999999997,29.255694,3.588983e+00,0.3297,tile_30.8740_29.2470,moisture_differential
30.904107999999997,29.255694,2.562831e+00,0.0794,tile_30.8740_29.2470,moisture_differential
30.906812,29.255694,2.339240e+00,0.0249,tile_30.8740_29.2470,moisture_differential
30.910348,29.255694,2.373977e+00,0.0333,tile_30.8740_29.2470,moisture_differential
30.910763999999997,29.255694,2.410130e+00,0.0422,tile_30.8740_29.2470,moisture_differential
30.910867999999997,29.255694,2.566344e+00,0.0803,tile_30.8740_29.2470,moisture_differential
30.921267999999998,29.255694,2.298805e+00,0.0150,tile_30.8740_29.2470,moisture_differential
30.876963999999997,29.255602,2.302867e+00,0.0160,tile_30.8740_29.2470,moisture_differential
30.878524,29.255602,2.617790e+00,0.0928,tile_30.8740_29.2470,moisture_differential
30.879044,29.255602,2.323801e+00,0.0211,tile_30.8740_29.2470,moisture_differential
30.879251999999997,29.255602,2.455994e+00,0.0533,tile_30.8740_29.2470,moisture_differential
30.879355999999998,29.255602,2.365981e+00,0.0314,tile_30.8740_29.2470,moisture_differential
30.880395999999998,29.255602,2.419666e+00,0.0445,tile_30.8740_29.2470,moisture_differential
30.884763999999997,29.255602,2.314885e+00,0.0189,tile_30.8740_29.2470,moisture_differential
30.884867999999997,29.255602,2.333588e+00,0.0235,tile_30.8740_29.2470,moisture_differential
30.896932,29.255602,3.159654e+00,0.2250,tile_30.8740_29.2470,moisture_differential
30.897036,29.255602,3.645386e+00,0.3435,tile_30.8740_29.2470,moisture_differential
30.89714,29.255602,3.286838e+00,0.2560,tile_30.8740_29.2470,moisture_differential
30.903796,29.255602,3.921157e+00,0.4108,tile_30.8740_29.2470,moisture_differential
30.9039,29.255602,4.064744e+00,0.4458,tile_30.8740_29.2470,moisture_differential
30.904003999999997,29.255602,3.693738e+00,0.3553,tile_30.8740_29.2470,moisture_differential
30.910763999999997,29.255602,2.630857e+00,0.0960,tile_30.8740_29.2470,moisture_differential
30.910867999999997,29.255602,2.318677e+00,0.0198,tile_30.8740_29.2470,moisture_differential
30.916691999999998,29.255602,2.316698e+00,0.0194,tile_30.8740_29.2470,moisture_differential
30.879564,29.25551,2.308730e+00,0.0174,tile_30.8740_29.2470,moisture_differential
30.882476,29.25551,2.474493e+00,0.0579,tile_30.8740_29.2470,moisture_differential
30.882579999999997,29.25551,2.263479e+00,0.0064,tile_30.8740_29.2470,moisture_differential
30.896307999999998,29.25551,2.903548e+00,0.1625,tile_30.8740_29.2470,moisture_differential
30.896411999999998,29.25551,3.068920e+00,0.2029,tile_30.8740_29.2470,moisture_differential
30.896932,29.25551,2.761971e+00,0.1280,tile_30.8740_29.2470,moisture_differential
30.897036,29.25551,3.016815e+00,0.1902,tile_30.8740_29.2470,moisture_differential
30.89714,29.25551,2.828250e+00,0.1442,tile_30.8740_29.2470,moisture_differential
30.903796,29.25551,2.433559e+00,0.0479,tile_30.8740_29.2470,moisture_differential
30.9039,29.25551,3.088602e+00,0.2077,tile_30.8740_29.2470,moisture_differential
30.904003999999997,29.25551,2.557581e+00,0.0781,tile_30.8740_29.2470,moisture_differential
30.91066,29.25551,2.349876e+00,0.0275,tile_30.8740_29.2470,moisture_differential
30.910763999999997,29.25551,2.892869e+00,0.1599,tile_30.8740_29.2470,moisture_differential
30.910971999999997,29.25551,3.029320e+00,0.1932,tile_30.8740_29.2470,moisture_differential
30.916691999999998,29.25551,2.558368e+00,0.0783,tile_30.8740_29.2470,moisture_differential
30.879044,29.255418,2.754180e+00,0.1261,tile_30.8740_29.2470,moisture_differential
30.879147999999997,29.255418,2.602821e+00,0.0892,tile_30.8740_29.2470,moisture_differential
30.879668,29.255418,2.255088e+00,0.0043,tile_30.8740_29.2470,moisture_differential
30.880708,29.255418,2.305757e+00,0.0167,tile_30.8740_29.2470,moisture_differential
30.880812,29.255418,2.800875e+00,0.1375,tile_30.8740_29.2470,moisture_differential
30.880916,29.255418,2.238088e+00,0.0002,tile_30.8740_29.2470,moisture_differential
30.882476,29.255418,2.280875e+00,0.0106,tile_30.8740_29.2470,moisture_differential
30.882579999999997,29.255418,2.350912e+00,0.0277,tile_30.8740_29.2470,moisture_differential
30.885804,29.255418,2.395168e+00,0.0385,tile_30.8740_29.2470,moisture_differential
30.891108,29.255418,2.416429e+00,0.0437,tile_30.8740_29.2470,moisture_differential
30.896411999999998,29.255418,2.489896e+00,0.0616,tile_30.8740_29.2470,moisture_differential
30.899324,29.255418,2.750843e+00,0.1253,tile_30.8740_29.2470,moisture_differential
30.899428,29.255418,3.733017e+00,0.3649,tile_30.8740_29.2470,moisture_differential
30.899531999999997,29.255418,2.795380e+00,0.1361,tile_30.8740_29.2470,moisture_differential
30.906916,29.255418,2.391014e+00,0.0375,tile_30.8740_29.2470,moisture_differential
30.90702,29.255418,2.304519e+00,0.0164,tile_30.8740_29.2470,moisture_differential
30.907539999999997,29.255418,2.432367e+00,0.0476,tile_30.8740_29.2470,moisture_differential
30.920436,29.255418,2.332562e+00,0.0232,tile_30.8740_29.2470,moisture_differential
30.874052,29.255326,2.777508e+00,0.1318,tile_30.8740_29.2470,moisture_differential
30.874156,29.255326,2.319380e+00,0.0200,tile_30.8740_29.2470,moisture_differential
30.874988,29.255326,3.701430e+00,0.3572,tile_30.8740_29.2470,moisture_differential
30.875092,29.255326,4.274172e+00,0.4969,tile_30.8740_29.2470,moisture_differential
30.875196,29.255326,2.934983e+00,0.1702,tile_30.8740_29.2470,moisture_differential
30.878732,29.255326,2.499854e+00,0.0640,tile_30.8740_29.2470,moisture_differential
30.879044,29.255326,2.297591e+00,0.0147,tile_30.8740_29.2470,moisture_differential
30.879147999999997,29.255326,2.711058e+00,0.1156,tile_30.8740_29.2470,moisture_differential
30.880812,29.255326,2.572689e+00,0.0818,tile_30.8740_29.2470,moisture_differential
30.882579999999997,29.255326,2.527269e+00,0.0707,tile_30.8740_29.2470,moisture_differential
30.884971999999998,29.255326,2.474914e+00,0.0580,tile_30.8740_29.2470,moisture_differential
30.887572,29.255326,2.529029e+00,0.0712,tile_30.8740_29.2470,moisture_differential
30.893604,29.255326,2.613036e+00,0.0917,tile_30.8740_29.2470,moisture_differential
30.899324,29.255326,4.194996e+00,0.4776,tile_30.8740_29.2470,moisture_differential
30.899428,29.255326,4.876834e+00,0.6439,tile_30.8740_29.2470,moisture_differential
30.899531999999997,29.255326,4.661795e+00,0.5914,tile_30.8740_29.2470,moisture_differential
30.899635999999997,29.255326,2.835921e+00,0.1460,tile_30.8740_29.2470,moisture_differential
30.905668,29.255326,2.259240e+00,0.0053,tile_30.8740_29.2470,moisture_differential
30.907643999999998,29.255326,2.296220e+00,0.0144,tile_30.8740_29.2470,moisture_differential
30.874052,29.255234,2.947540e+00,0.1733,tile_30.8740_29.2470,moisture_differential
30.874156,29.255234,2.627655e+00,0.0952,tile_30.8740_29.2470,moisture_differential
30.874883999999998,29.255234,3.429690e+00,0.2909,tile_30.8740_29.2470,moisture_differential
30.874988,29.255234,4.941257e+00,0.6596,tile_30.8740_29.2470,moisture_differential
30.875092,29.255234,4.856385e+00,0.6389,tile_30.8740_29.2470,moisture_differential
30.875196,29.255234,4.290888e+00,0.5010,tile_30.8740_29.2470,moisture_differential
30.8753,29.255234,2.348469e+00,0.0271,tile_30.8740_29.2470,moisture_differential
30.879459999999998,29.255234,2.342963e+00,0.0258,tile_30.8740_29.2470,moisture_differential
30.879772,29.255234,2.589398e+00,0.0859,tile_30.8740_29.2470,moisture_differential
30.880708,29.255234,2.264157e+00,0.0065,tile_30.8740_29.2470,moisture_differential
30.880812,29.255234,2.426390e+00,0.0461,tile_30.8740_29.2470,moisture_differential
30.880916,29.255234,2.271463e+00,0.0083,tile_30.8740_29.2470,moisture_differential
30.88102,29.255234,2.343660e+00,0.0259,tile_30.8740_29.2470,moisture_differential
30.887676,29.255234,2.533725e+00,0.0723,tile_30.8740_29.2470,moisture_differential
30.896724,29.255234,2.804194e+00,0.1383,tile_30.8740_29.2470,moisture_differential
30.896828,29.255234,2.969647e+00,0.1786,tile_30.8740_29.2470,moisture_differential
30.899324,29.255234,4.488845e+00,0.5492,tile_30.8740_29.2470,moisture_differential
30.899428,29.255234,5.329721e+00,0.7544,tile_30.8740_29.2470,moisture_differential
30.899531999999997,29.255234,5.336164e+00,0.7559,tile_30.8740_29.2470,moisture_differential
30.899635999999997,29.255234,2.572086e+00,0.0817,tile_30.8740_29.2470,moisture_differential
30.901715999999997,29.255234,2.273225e+00,0.0088,tile_30.8740_29.2470,moisture_differential
30.920852,29.255234,2.482183e+00,0.0597,tile_30.8740_29.2470,moisture_differential
30.924908,29.255234,2.237801e+00,0.0001,tile_30.8740_29.2470,moisture_differential
30.874052,29.255142,3.029325e+00,0.1932,tile_30.8740_29.2470,moisture_differential
30.874883999999998,29.255142,4.439160e+00,0.5371,tile_30.8740_29.2470,moisture_differential
30.874988,29.255142,5.444938e+00,0.7825,tile_30.8740_29.2470,moisture_differential
30.875092,29.255142,5.096666e+00,0.6975,tile_30.8740_29.2470,moisture_differential
30.875196,29.255142,4.569434e+00,0.5689,tile_30.8740_29.2470,moisture_differential
30.8753,29.255142,2.750020e+00,0.1251,tile_30.8740_29.2470,moisture_differential
30.879876,29.255142,2.783640e+00,0.1333,tile_30.8740_29.2470,moisture_differential
30.87998,29.255142,2.285471e+00,0.0117,tile_30.8740_29.2470,moisture_differential
30.880603999999998,29.255142,3.185742e+00,0.2314,tile_30.8740_29.2470,moisture_differential
30.880708,29.255142,2.852266e+00,0.1500,tile_30.8740_29.2470,moisture_differential
30.880812,29.255142,2.241566e+00,0.0010,tile_30.8740_29.2470,moisture_differential
30.880916,29.255142,2.299176e+00,0.0151,tile_30.8740_29.2470,moisture_differential
30.88102,29.255142,2.346958e+00,0.0267,tile_30.8740_29.2470,moisture_differential
30.881956,29.255142,2.428569e+00,0.0467,tile_30.8740_29.2470,moisture_differential
30.883516,29.255142,2.246662e+00,0.0023,tile_30.8740_29.2470,moisture_differential
30.896203999999997,29.255142,3.338236e+00,0.2686,tile_30.8740_29.2470,moisture_differential
30.896307999999998,29.255142,3.918957e+00,0.4102,tile_30.8740_29.2470,moisture_differential
30.896411999999998,29.255142,4.146048e+00,0.4656,tile_30.8740_29.2470,moisture_differential
30.896516,29.255142,2.853726e+00,0.1504,tile_30.8740_29.2470,moisture_differential
30.896724,29.255142,2.439231e+00,0.0493,tile_30.8740_29.2470,moisture_differential
30.896828,29.255142,2.466250e+00,0.0558,tile_30.8740_29.2470,moisture_differential
30.899324,29.255142,3.807368e+00,0.3830,tile_30.8740_29.2470,moisture_differential
30.899428,29.255142,5.146381e+00,0.7096,tile_30.8740_29.2470,moisture_differential
30.899531999999997,29.255142,4.939948e+00,0.6593,tile_30.8740_29.2470,moisture_differential
30.920748,29.255142,2.812560e+00,0.1403,tile_30.8740_29.2470,moisture_differential
30.920852,29.255142,3.216472e+00,0.2389,tile_30.8740_29.2470,moisture_differential
30.921059999999997,29.255142,2.349860e+00,0.0274,tile_30.8740_29.2470,moisture_differential
30.874052,29.25505,2.550677e+00,0.0764,tile_30.8740_29.2470,moisture_differential
30.87426,29.25505,2.850710e+00,0.1496,tile_30.8740_29.2470,moisture_differential
30.874571999999997,29.25505,2.707177e+00,0.1146,tile_30.8740_29.2470,moisture_differential
30.874883999999998,29.25505,4.161058e+00,0.4693,tile_30.8740_29.2470,moisture_differential
30.874988,29.25505,4.460359e+00,0.5423,tile_30.8740_29.2470,moisture_differential
30.875092,29.25505,5.133550e+00,0.7065,tile_30.8740_29.2470,moisture_differential
30.875196,29.25505,4.934343e+00,0.6579,tile_30.8740_29.2470,moisture_differential
30.8753,29.25505,4.331832e+00,0.5109,tile_30.8740_29.2470,moisture_differential
30.879772,29.25505,2.589178e+00,0.0858,tile_30.8740_29.2470,moisture_differential
30.879876,29.25505,2.271055e+00,0.0082,tile_30.8740_29.2470,moisture_differential
30.87998,29.25505,2.382083e+00,0.0353,tile_30.8740_29.2470,moisture_differential
30.880603999999998,29.25505,2.932401e+00,0.1696,tile_30.8740_29.2470,moisture_differential
30.880708,29.25505,2.864612e+00,0.1530,tile_30.8740_29.2470,moisture_differential
30.880812,29.25505,2.373619e+00,0.0332,tile_30.8740_29.2470,moisture_differential
30.880916,29.25505,2.658511e+00,0.1027,tile_30.8740_29.2470,moisture_differential
30.883516,29.25505,2.296590e+00,0.0145,tile_30.8740_29.2470,moisture_differential
30.895996,29.25505,2.309182e+00,0.0175,tile_30.8740_29.2470,moisture_differential
30.896203999999997,29.25505,4.181684e+00,0.4743,tile_30.8740_29.2470,moisture_differential
30.896307999999998,29.25505,4.234651e+00,0.4872,tile_30.8740_29.2470,moisture_differential
30.896411999999998,29.25505,4.330177e+00,0.5105,tile_30.8740_29.2470,moisture_differential
30.896516,29.25505,4.261602e+00,0.4938,tile_30.8740_29.2470,moisture_differential
30.89662,29.25505,3.152379e+00,0.2232,tile_30.8740_29.2470,moisture_differential
30.905355999999998,29.25505,2.439589e+00,0.0493,tile_30.8740_29.2470,moisture_differential
30.921059999999997,29.25505,2.255173e+00,0.0044,tile_30.8740_29.2470,moisture_differential
30.874571999999997,29.254958,2.767673e+00,0.1294,tile_30.8740_29.2470,moisture_differential
30.875092,29.254958,4.196853e+00,0.4780,tile_30.8740_29.2470,moisture_differential
30.875196,29.254958,4.569958e+00,0.5690,tile_30.8740_29.2470,moisture_differential
30.8753,29.254958,2.468819e+00,0.0565,tile_30.8740_29.2470,moisture_differential
30.876132,29.254958,2.241932e+00,0.0011,tile_30.8740_29.2470,moisture_differential
30.876236,29.254958,2.588873e+00,0.0858,tile_30.8740_29.2470,moisture_differential
30.879147999999997,29.254958,2.255317e+00,0.0044,tile_30.8740_29.2470,moisture_differential
30.87998,29.254958,2.318954e+00,0.0199,tile_30.8740_29.2470,moisture_differential
30.880916,29.254958,2.425212e+00,0.0458,tile_30.8740_29.2470,moisture_differential
30.88102,29.254958,2.707868e+00,0.1148,tile_30.8740_29.2470,moisture_differential
30.886324,29.254958,2.344601e+00,0.0262,tile_30.8740_29.2470,moisture_differential
30.886636,29.254958,2.483642e+00,0.0601,tile_30.8740_29.2470,moisture_differential
30.88674,29.254958,2.291617e+00,0.0132,tile_30.8740_29.2470,moisture_differential
30.890587999999997,29.254958,2.431523e+00,0.0474,tile_30.8740_29.2470,moisture_differential
30.890691999999998,29.254958,2.828041e+00,0.1441,tile_30.8740_29.2470,moisture_differential
30.895788,29.254958,2.634561e+00,0.0969,tile_30.8740_29.2470,moisture_differential
30.895892,29.254958,2.494843e+00,0.0628,tile_30.8740_29.2470,moisture_differential
30.895996,29.254958,2.903609e+00,0.1625,tile_30.8740_29.2470,moisture_differential
30.896203999999997,29.254958,3.256574e+00,0.2486,tile_30.8740_29.2470,moisture_differential
30.896307999999998,29.254958,4.552298e+00,0.5647,tile_30.8740_29.2470,moisture_differential
30.896411999999998,29.254958,4.521560e+00,0.5572,tile_30.8740_29.2470,moisture_differential
30.896516,29.254958,4.257755e+00,0.4929,tile_30.8740_29.2470,moisture_differential
30.89662,29.254958,2.525406e+00,0.0703,tile_30.8740_29.2470,moisture_differential
30.906916,29.254958,2.408694e+00,0.0418,tile_30.8740_29.2470,moisture_differential
30.910556,29.254958,2.368579e+00,0.0320,tile_30.8740_29.2470,moisture_differential
30.920955999999997,29.254958,2.441341e+00,0.0498,tile_30.8740_29.2470,moisture_differential
30.923555999999998,29.254958,2.239008e+00,0.0004,tile_30.8740_29.2470,moisture_differential
30.875092,29.254866,3.411446e+00,0.2864,tile_30.8740_29.2470,moisture_differential
30.875196,29.254866,3.762993e+00,0.3722,tile_30.8740_29.2470,moisture_differential
30.8753,29.254866,2.323870e+00,0.0211,tile_30.8740_29.2470,moisture_differential
30.876236,29.254866,2.286005e+00,0.0119,tile_30.8740_29.2470,moisture_differential
30.879147999999997,29.254866,2.372490e+00,0.0330,tile_30.8740_29.2470,moisture_differential
30.880084,29.254866,2.285778e+00,0.0118,tile_30.8740_29.2470,moisture_differential
30.880916,29.254866,2.302899e+00,0.0160,tile_30.8740_29.2470,moisture_differential
30.88102,29.254866,2.411929e+00,0.0426,tile_30.8740_29.2470,moisture_differential
30.882579999999997,29.254866,2.660220e+00,0.1032,tile_30.8740_29.2470,moisture_differential
30.886011999999997,29.254866,2.321804e+00,0.0206,tile_30.8740_29.2470,moisture_differential
30.887572,29.254866,2.786605e+00,0.1340,tile_30.8740_29.2470,moisture_differential
30.890587999999997,29.254866,3.421151e+00,0.2888,tile_30.8740_29.2470,moisture_differential
30.890691999999998,29.254866,3.164291e+00,0.2261,tile_30.8740_29.2470,moisture_differential
30.893811999999997,29.254866,2.382757e+00,0.0355,tile_30.8740_29.2470,moisture_differential
30.89558,29.254866,2.423599e+00,0.0454,tile_30.8740_29.2470,moisture_differential
30.895684,29.254866,2.690037e+00,0.1104,tile_30.8740_29.2470,moisture_differential
30.895892,29.254866,3.077684e+00,0.2050,tile_30.8740_29.2470,moisture_differential
30.895996,29.254866,2.693243e+00,0.1112,tile_30.8740_29.2470,moisture_differential
30.896203999999997,29.254866,2.745580e+00,0.1240,tile_30.8740_29.2470,moisture_differential
30.896307999999998,29.254866,4.777434e+00,0.6196,tile_30.8740_29.2470,moisture_differential
30.896411999999998,29.254866,4.730339e+00,0.6082,tile_30.8740_29.2470,moisture_differential
30.896516,29.254866,3.690617e+00,0.3545,tile_30.8740_29.2470,moisture_differential
30.910867999999997,29.254866,2.512936e+00,0.0672,tile_30.8740_29.2470,moisture_differential
30.910971999999997,29.254866,2.837587e+00,0.1464,tile_30.8740_29.2470,moisture_differential
30.917316,29.254866,2.240596e+00,0.0008,tile_30.8740_29.2470,moisture_differential
30.920955999999997,29.254866,2.578622e+00,0.0833,tile_30.8740_29.2470,moisture_differential
30.875196,29.254774,2.834942e+00,0.1458,tile_30.8740_29.2470,moisture_differential
30.880084,29.254774,2.282883e+00,0.0111,tile_30.8740_29.2470,moisture_differential
30.880499999999998,29.254774,2.243898e+00,0.0016,tile_30.8740_29.2470,moisture_differential
30.880916,29.254774,2.260087e+00,0.0055,tile_30.8740_29.2470,moisture_differential
30.88102,29.254774,2.376608e+00,0.0340,tile_30.8740_29.2470,moisture_differential
30.882579999999997,29.254774,2.677430e+00,0.1074,tile_30.8740_29.2470,moisture_differential
30.886844,29.254774,2.362042e+00,0.0304,tile_30.8740_29.2470,moisture_differential
30.886948,29.254774,2.240860e+00,0.0009,tile_30.8740_29.2470,moisture_differential
30.890587999999997,29.254774,2.938626e+00,0.1711,tile_30.8740_29.2470,moisture_differential
30.890691999999998,29.254774,2.275248e+00,0.0092,tile_30.8740_29.2470,moisture_differential
30.895892,29.254774,2.515247e+00,0.0678,tile_30.8740_29.2470,moisture_differential
30.896099999999997,29.254774,2.695749e+00,0.1118,tile_30.8740_29.2470,moisture_differential
30.896203999999997,29.254774,2.806433e+00,0.1388,tile_30.8740_29.2470,moisture_differential
30.896307999999998,29.254774,3.531271e+00,0.3156,tile_30.8740_29.2470,moisture_differential
30.896411999999998,29.254774,4.064573e+00,0.4457,tile_30.8740_29.2470,moisture_differential
30.896516,29.254774,2.293023e+00,0.0136,tile_30.8740_29.2470,moisture_differential
30.898284,29.254774,2.668049e+00,0.1051,tile_30.8740_29.2470,moisture_differential
30.900052,29.254774,2.277051e+00,0.0097,tile_30.8740_29.2470,moisture_differential
30.910867999999997,29.254774,2.671907e+00,0.1060,tile_30.8740_29.2470,moisture_differential
30.910971999999997,29.254774,3.046791e+00,0.1975,tile_30.8740_29.2470,moisture_differential
30.917212,29.254774,2.334953e+00,0.0238,tile_30.8740_29.2470,moisture_differential
30.91742,29.254774,2.365872e+00,0.0314,tile_30.8740_29.2470,moisture_differential
30.875092,29.254682,2.701771e+00,0.1133,tile_30.8740_29.2470,moisture_differential
30.875196,29.254682,3.439329e+00,0.2932,tile_30.8740_29.2470,moisture_differential
30.876756,29.254682,2.510837e+00,0.0667,tile_30.8740_29.2470,moisture_differential
30.880084,29.254682,2.452850e+00,0.0526,tile_30.8740_29.2470,moisture_differential
30.880188,29.254682,2.503578e+00,0.0649,tile_30.8740_29.2470,moisture_differential
30.880291999999997,29.254682,2.543491e+00,0.0747,tile_30.8740_29.2470,moisture_differential
30.880395999999998,29.254682,2.351430e+00,0.0278,tile_30.8740_29.2470,moisture_differential
30.880603999999998,29.254682,2.310433e+00,0.0178,tile_30.8740_29.2470,moisture_differential
30.880916,29.254682,2.484014e+00,0.0602,tile_30.8740_29.2470,moisture_differential
30.88102,29.254682,2.305478e+00,0.0166,tile_30.8740_29.2470,moisture_differential
30.887363999999998,29.254682,2.240823e+00,0.0009,tile_30.8740_29.2470,moisture_differential
30.887468,29.254682,2.679353e+00,0.1078,tile_30.8740_29.2470,moisture_differential
30.895476,29.254682,4.396677e+00,0.5268,tile_30.8740_29.2470,moisture_differential
30.89558,29.254682,4.233273e+00,0.4869,tile_30.8740_29.2470,moisture_differential
30.895684,29.254682,2.414528e+00,0.0432,tile_30.8740_29.2470,moisture_differential
30.896099999999997,29.254682,3.017363e+00,0.1903,tile_30.8740_29.2470,moisture_differential
30.896203999999997,29.254682,2.901795e+00,0.1621,tile_30.8740_29.2470,moisture_differential
30.896307999999998,29.254682,2.515277e+00,0.0678,tile_30.8740_29.2470,moisture_differential
30.898284,29.254682,2.800651e+00,0.1374,tile_30.8740_29.2470,moisture_differential
30.898387999999997,29.254682,2.503750e+00,0.0650,tile_30.8740_29.2470,moisture_differential
30.906603999999998,29.254682,2.359901e+00,0.0299,tile_30.8740_29.2470,moisture_differential
30.906708,29.254682,2.354773e+00,0.0286,tile_30.8740_29.2470,moisture_differential
30.910763999999997,29.254682,2.721158e+00,0.1180,tile_30.8740_29.2470,moisture_differential
30.910867999999997,29.254682,3.163398e+00,0.2259,tile_30.8740_29.2470,moisture_differential
30.910971999999997,29.254682,2.898760e+00,0.1614,tile_30.8740_29.2470,moisture_differential
30.917108,29.254682,2.515599e+00,0.0679,tile_30.8740_29.2470,moisture_differential
30.917212,29.254682,2.385563e+00,0.0362,tile_30.8740_29.2470,moisture_differential
30.917523999999997,29.254682,2.314974e+00,0.0189,tile_30.8740_29.2470,moisture_differential
30.923347999999997,29.254682,2.614960e+00,0.0921,tile_30.8740_29.2470,moisture_differential
30.878315999999998,29.25459,2.377188e+00,0.0341,tile_30.8740_29.2470,moisture_differential
30.880084,29.25459,2.458890e+00,0.0540,tile_30.8740_29.2470,moisture_differential
30.880188,29.25459,2.377146e+00,0.0341,tile_30.8740_29.2470,moisture_differential
30.880499999999998,29.25459,2.349023e+00,0.0272,tile_30.8740_29.2470,moisture_differential
30.880603999999998,29.25459,2.489713e+00,0.0616,tile_30.8740_29.2470,moisture_differential
30.880708,29.25459,2.449231e+00,0.0517,tile_30.8740_29.2470,moisture_differential
30.880916,29.25459,2.333864e+00,0.0235,tile_30.8740_29.2470,moisture_differential
30.88102,29.25459,2.268717e+00,0.0077,tile_30.8740_29.2470,moisture_differential
30.882372,29.25459,2.543720e+00,0.0747,tile_30.8740_29.2470,moisture_differential
30.882476,29.25459,3.005621e+00,0.1874,tile_30.8740_29.2470,moisture_differential
30.88466,29.25459,2.317585e+00,0.0196,tile_30.8740_29.2470,moisture_differential
30.884763999999997,29.25459,2.629540e+00,0.0957,tile_30.8740_29.2470,moisture_differential
30.884971999999998,29.25459,2.244128e+00,0.0017,tile_30.8740_29.2470,moisture_differential
30.88674,29.25459,2.284839e+00,0.0116,tile_30.8740_29.2470,moisture_differential
30.895372,29.25459,3.581411e+00,0.3279,tile_30.8740_29.2470,moisture_differential
30.895476,29.25459,4.605208e+00,0.5776,tile_30.8740_29.2470,moisture_differential
30.89558,29.25459,4.600229e+00,0.5764,tile_30.8740_29.2470,moisture_differential
30.895684,29.25459,3.516422e+00,0.3120,tile_30.8740_29.2470,moisture_differential
30.896099999999997,29.25459,3.704804e+00,0.3580,tile_30.8740_29.2470,moisture_differential
30.896203999999997,29.25459,3.279134e+00,0.2541,tile_30.8740_29.2470,moisture_differential
30.896307999999998,29.25459,2.392247e+00,0.0378,tile_30.8740_29.2470,moisture_differential
30.897243999999997,29.25459,2.325397e+00,0.0215,tile_30.8740_29.2470,moisture_differential
30.898284,29.25459,2.389678e+00,0.0372,tile_30.8740_29.2470,moisture_differential
30.900883999999998,29.25459,2.275067e+00,0.0092,tile_30.8740_29.2470,moisture_differential
30.902027999999998,29.25459,2.328355e+00,0.0222,tile_30.8740_29.2470,moisture_differential
30.906603999999998,29.25459,2.275283e+00,0.0093,tile_30.8740_29.2470,moisture_differential
30.906708,29.25459,2.304524e+00,0.0164,tile_30.8740_29.2470,moisture_differential
30.907332,29.25459,2.271544e+00,0.0083,tile_30.8740_29.2470,moisture_differential
30.908787999999998,29.25459,2.401851e+00,0.0401,tile_30.8740_29.2470,moisture_differential
30.910763999999997,29.25459,2.600657e+00,0.0886,tile_30.8740_29.2470,moisture_differential
30.910867999999997,29.25459,3.367404e+00,0.2757,tile_30.8740_29.2470,moisture_differential
30.910971999999997,29.25459,2.932842e+00,0.1697,tile_30.8740_29.2470,moisture_differential
30.9195,29.25459,2.374986e+00,0.0336,tile_30.8740_29.2470,moisture_differential
30.920748,29.25459,2.298818e+00,0.0150,tile_30.8740_29.2470,moisture_differential
30.920955999999997,29.25459,2.311080e+00,0.0180,tile_30.8740_29.2470,moisture_differential
30.921059999999997,29.25459,2.349717e+00,0.0274,tile_30.8740_29.2470,moisture_differential
30.921163999999997,29.25459,2.264942e+00,0.0067,tile_30.8740_29.2470,moisture_differential
30.923243999999997,29.25459,2.481585e+00,0.0596,tile_30.8740_29.2470,moisture_differential
30.923347999999997,29.25459,3.492526e+00,0.3062,tile_30.8740_29.2470,moisture_differential
30.923451999999997,29.25459,3.694586e+00,0.3555,tile_30.8740_29.2470,moisture_differential
30.923555999999998,29.25459,2.535139e+00,0.0726,tile_30.8740_29.2470,moisture_differential
30.92418,29.25459,2.473856e+00,0.0577,tile_30.8740_29.2470,moisture_differential
30.878836,29.254497999999998,2.531015e+00,0.0716,tile_30.8740_29.2470,moisture_differential
30.880188,29.254497999999998,2.472121e+00,0.0573,tile_30.8740_29.2470,moisture_differential
30.880291999999997,29.254497999999998,3.264944e+00,0.2507,tile_30.8740_29.2470,moisture_differential
30.880395999999998,29.254497999999998,2.322821e+00,0.0209,tile_30.8740_29.2470,moisture_differential
30.880708,29.254497999999998,2.439337e+00,0.0493,tile_30.8740_29.2470,moisture_differential
30.882372,29.254497999999998,2.432795e+00,0.0477,tile_30.8740_29.2470,moisture_differential
30.882476,29.254497999999998,3.414073e+00,0.2871,tile_30.8740_29.2470,moisture_differential
30.883931999999998,29.254497999999998,2.543070e+00,0.0746,tile_30.8740_29.2470,moisture_differential
30.884556,29.254497999999998,2.286497e+00,0.0120,tile_30.8740_29.2470,moisture_differential
30.88466,29.254497999999998,2.918547e+00,0.1662,tile_30.8740_29.2470,moisture_differential
30.884763999999997,29.254497999999998,2.596024e+00,0.0875,tile_30.8740_29.2470,moisture_differential
30.895372,29.254497999999998,4.463993e+00,0.5432,tile_30.8740_29.2470,moisture_differential
30.895476,29.254497999999998,4.551553e+00,0.5645,tile_30.8740_29.2470,moisture_differential
30.89558,29.254497999999998,4.500639e+00,0.5521,tile_30.8740_29.2470,moisture_differential
30.895684,29.254497999999998,3.696664e+00,0.3560,tile_30.8740_29.2470,moisture_differential
30.896099999999997,29.254497999999998,2.586459e+00,0.0852,tile_30.8740_29.2470,moisture_differential
30.896203999999997,29.254497999999998,2.991560e+00,0.1840,tile_30.8740_29.2470,moisture_differential
30.897036,29.254497999999998,2.802743e+00,0.1379,tile_30.8740_29.2470,moisture_differential
30.901092,29.254497999999998,2.362302e+00,0.0305,tile_30.8740_29.2470,moisture_differential
30.908996,29.254497999999998,2.264985e+00,0.0067,tile_30.8740_29.2470,moisture_differential
30.910763999999997,29.254497999999998,2.706143e+00,0.1144,tile_30.8740_29.2470,moisture_differential
30.910867999999997,29.254497999999998,2.849978e+00,0.1495,tile_30.8740_29.2470,moisture_differential
30.910971999999997,29.254497999999998,2.871758e+00,0.1548,tile_30.8740_29.2470,moisture_differential
30.911075999999998,29.254497999999998,2.541832e+00,0.0743,tile_30.8740_29.2470,moisture_differential
30.920852,29.254497999999998,2.465444e+00,0.0556,tile_30.8740_29.2470,moisture_differential
30.920955999999997,29.254497999999998,2.643172e+00,0.0990,tile_30.8740_29.2470,moisture_differential
30.921059999999997,29.254497999999998,2.491900e+00,0.0621,tile_30.8740_29.2470,moisture_differential
30.921163999999997,29.254497999999998,2.308794e+00,0.0174,tile_30.8740_29.2470,moisture_differential
30.92158,29.254497999999998,2.726398e+00,0.1193,tile_30.8740_29.2470,moisture_differential
30.921684,29.254497999999998,2.515124e+00,0.0678,tile_30.8740_29.2470,moisture_differential
30.923347999999997,29.254497999999998,3.044303e+00,0.1969,tile_30.8740_29.2470,moisture_differential
30.923451999999997,29.254497999999998,3.846625e+00,0.3926,tile_30.8740_29.2470,moisture_differential
30.923555999999998,29.254497999999998,3.790945e+00,0.3790,tile_30.8740_29.2470,moisture_differential
30.923659999999998,29.254497999999998,3.659435e+00,0.3469,tile_30.8740_29.2470,moisture_differential
30.878836,29.254406,2.432508e+00,0.0476,tile_30.8740_29.2470,moisture_differential
30.87894,29.254406,2.352022e+00,0.0280,tile_30.8740_29.2470,moisture_differential
30.880188,29.254406,2.390538e+00,0.0374,tile_30.8740_29.2470,moisture_differential
30.880291999999997,29.254406,2.864876e+00,0.1531,tile_30.8740_29.2470,moisture_differential
30.880708,29.254406,2.351165e+00,0.0278,tile_30.8740_29.2470,moisture_differential
30.882372,29.254406,2.518855e+00,0.0687,tile_30.8740_29.2470,moisture_differential
30.882476,29.254406,2.615181e+00,0.0922,tile_30.8740_29.2470,moisture_differential
30.882892,29.254406,2.242429e+00,0.0012,tile_30.8740_29.2470,moisture_differential
30.884556,29.254406,2.362707e+00,0.0306,tile_30.8740_29.2470,moisture_differential
30.88466,29.254406,2.578846e+00,0.0833,tile_30.8740_29.2470,moisture_differential
30.895372,29.254406,4.691803e+00,0.5988,tile_30.8740_29.2470,moisture_differential
30.895476,29.254406,4.596138e+00,0.5754,tile_30.8740_29.2470,moisture_differential
30.89558,29.254406,4.627994e+00,0.5832,tile_30.8740_29.2470,moisture_differential
30.895684,29.254406,4.415540e+00,0.5314,tile_30.8740_29.2470,moisture_differential
30.895788,29.254406,3.176709e+00,0.2292,tile_30.8740_29.2470,moisture_differential
30.896307999999998,29.254406,2.254048e+00,0.0041,tile_30.8740_29.2470,moisture_differential
30.897036,29.254406,3.672339e+00,0.3501,tile_30.8740_29.2470,moisture_differential
30.89714,29.254406,4.160217e+00,0.4691,tile_30.8740_29.2470,moisture_differential
30.897243999999997,29.254406,3.521640e+00,0.3133,tile_30.8740_29.2470,moisture_differential
30.897347999999997,29.254406,2.421573e+00,0.0449,tile_30.8740_29.2470,moisture_differential
30.897451999999998,29.254406,2.282797e+00,0.0111,tile_30.8740_29.2470,moisture_differential
30.908891999999998,29.254406,2.400762e+00,0.0399,tile_30.8740_29.2470,moisture_differential
30.910763999999997,29.254406,2.248194e+00,0.0026,tile_30.8740_29.2470,moisture_differential
30.916068,29.254406,2.287640e+00,0.0123,tile_30.8740_29.2470,moisture_differential
30.919604,29.254406,2.275031e+00,0.0092,tile_30.8740_29.2470,moisture_differential
30.920227999999998,29.254406,2.433867e+00,0.0479,tile_30.8740_29.2470,moisture_differential
30.920436,29.254406,2.361432e+00,0.0303,tile_30.8740_29.2470,moisture_differential
30.921059999999997,29.254406,2.714699e+00,0.1165,tile_30.8740_29.2470,moisture_differential
30.921684,29.254406,2.402528e+00,0.0403,tile_30.8740_29.2470,moisture_differential
30.921788,29.254406,3.145971e+00,0.2217,tile_30.8740_29.2470,moisture_differential
30.921892,29.254406,2.463744e+00,0.0552,tile_30.8740_29.2470,moisture_differential
30.923451999999997,29.254406,3.302279e+00,0.2598,tile_30.8740_29.2470,moisture_differential
30.923555999999998,29.254406,3.400329e+00,0.2837,tile_30.8740_29.2470,moisture_differential
30.923659999999998,29.254406,3.038664e+00,0.1955,tile_30.8740_29.2470,moisture_differential
30.924908,29.254406,2.276699e+00,0.0096,tile_30.8740_29.2470,moisture_differential
30.879564,29.254314,2.412871e+00,0.0428,tile_30.8740_29.2470,moisture_differential
30.880084,29.254314,2.256625e+00,0.0047,tile_30.8740_29.2470,moisture_differential
30.880188,29.254314,2.259625e+00,0.0054,tile_30.8740_29.2470,moisture_differential
30.880291999999997,29.254314,2.504769e+00,0.0652,tile_30.8740_29.2470,moisture_differential
30.880708,29.254314,2.535415e+00,0.0727,tile_30.8740_29.2470,moisture_differential
30.88466,29.254314,2.835397e+00,0.1459,tile_30.8740_29.2470,moisture_differential
30.88674,29.254314,2.275251e+00,0.0092,tile_30.8740_29.2470,moisture_differential
30.895476,29.254314,3.737785e+00,0.3660,tile_30.8740_29.2470,moisture_differential
30.89558,29.254314,4.667302e+00,0.5928,tile_30.8740_29.2470,moisture_differential
30.895684,29.254314,3.155063e+00,0.2239,tile_30.8740_29.2470,moisture_differential
30.895892,29.254314,2.482668e+00,0.0598,tile_30.8740_29.2470,moisture_differential
30.896828,29.254314,2.323723e+00,0.0211,tile_30.8740_29.2470,moisture_differential
30.896932,29.254314,3.533845e+00,0.3163,tile_30.8740_29.2470,moisture_differential
30.897036,29.254314,4.349818e+00,0.5153,tile_30.8740_29.2470,moisture_differential
30.89714,29.254314,4.441052e+00,0.5376,tile_30.8740_29.2470,moisture_differential
30.897243999999997,29.254314,4.493156e+00,0.5503,tile_30.8740_29.2470,moisture_differential
30.897347999999997,29.254314,3.149292e+00,0.2225,tile_30.8740_29.2470,moisture_differential
30.897451999999998,29.254314,3.039754e+00,0.1957,tile_30.8740_29.2470,moisture_differential
30.89766,29.254314,3.116041e+00,0.2144,tile_30.8740_29.2470,moisture_differential
30.897868,29.254314,2.398692e+00,0.0394,tile_30.8740_29.2470,moisture_differential
30.902131999999998,29.254314,2.284288e+00,0.0115,tile_30.8740_29.2470,moisture_differential
30.919188,29.254314,2.630554e+00,0.0959,tile_30.8740_29.2470,moisture_differential
30.919292,29.254314,2.768621e+00,0.1296,tile_30.8740_29.2470,moisture_differential
30.919396,29.254314,2.576160e+00,0.0827,tile_30.8740_29.2470,moisture_differential
30.9195,29.254314,2.406650e+00,0.0413,tile_30.8740_29.2470,moisture_differential
30.919604,29.254314,3.205671e+00,0.2362,tile_30.8740_29.2470,moisture_differential
30.919708,29.254314,2.580624e+00,0.0837,tile_30.8740_29.2470,moisture_differential
30.920644,29.254314,2.502223e+00,0.0646,tile_30.8740_29.2470,moisture_differential
30.920748,29.254314,2.990646e+00,0.1838,tile_30.8740_29.2470,moisture_differential
30.921059999999997,29.254314,2.448459e+00,0.0515,tile_30.8740_29.2470,moisture_differential
30.921163999999997,29.254314,2.447938e+00,0.0514,tile_30.8740_29.2470,moisture_differential
30.921684,29.254314,2.394740e+00,0.0384,tile_30.8740_29.2470,moisture_differential
30.921788,29.254314,2.546856e+00,0.0755,tile_30.8740_29.2470,moisture_differential
30.921892,29.254314,2.418441e+00,0.0442,tile_30.8740_29.2470,moisture_differential
30.880291999999997,29.254222,2.489181e+00,0.0614,tile_30.8740_29.2470,moisture_differential
30.883827999999998,29.254222,2.481385e+00,0.0595,tile_30.8740_29.2470,moisture_differential
30.883931999999998,29.254222,2.606582e+00,0.0901,tile_30.8740_29.2470,moisture_differential
30.884348,29.254222,2.975979e+00,0.1802,tile_30.8740_29.2470,moisture_differential
30.88466,29.254222,2.758641e+00,0.1272,tile_30.8740_29.2470,moisture_differential
30.895476,29.254222,2.505151e+00,0.0653,tile_30.8740_29.2470,moisture_differential
30.89558,29.254222,3.829869e+00,0.3885,tile_30.8740_29.2470,moisture_differential
30.896932,29.254222,3.471625e+00,0.3011,tile_30.8740_29.2470,moisture_differential
30.897036,29.254222,4.392941e+00,0.5258,tile_30.8740_29.2470,moisture_differential
30.89714,29.254222,4.491099e+00,0.5498,tile_30.8740_29.2470,moisture_differential
30.897243999999997,29.254222,4.477524e+00,0.5465,tile_30.8740_29.2470,moisture_differential
30.897347999999997,29.254222,2.383297e+00,0.0356,tile_30.8740_29.2470,moisture_differential
30.907435999999997,29.254222,2.296106e+00,0.0143,tile_30.8740_29.2470,moisture_differential
30.919188,29.254222,2.779738e+00,0.1323,tile_30.8740_29.2470,moisture_differential
30.919292,29.254222,2.908206e+00,0.1637,tile_30.8740_29.2470,moisture_differential
30.9195,29.254222,2.881357e+00,0.1571,tile_30.8740_29.2470,moisture_differential
30.919604,29.254222,3.413298e+00,0.2869,tile_30.8740_29.2470,moisture_differential
30.919708,29.254222,2.660948e+00,0.1033,tile_30.8740_29.2470,moisture_differential
30.919811999999997,29.254222,2.297358e+00,0.0146,tile_30.8740_29.2470,moisture_differential
30.919915999999997,29.254222,2.257546e+00,0.0049,tile_30.8740_29.2470,moisture_differential
30.920644,29.254222,2.376422e+00,0.0339,tile_30.8740_29.2470,moisture_differential
30.920748,29.254222,2.843398e+00,0.1478,tile_30.8740_29.2470,moisture_differential
30.920852,29.254222,2.344841e+00,0.0262,tile_30.8740_29.2470,moisture_differential
30.921684,29.254222,2.672645e+00,0.1062,tile_30.8740_29.2470,moisture_differential
30.921788,29.254222,2.461325e+00,0.0546,tile_30.8740_29.2470,moisture_differential
30.923036,29.254222,2.603729e+00,0.0894,tile_30.8740_29.2470,moisture_differential
30.880084,29.25413,2.250835e+00,0.0033,tile_30.8740_29.2470,moisture_differential
30.884452,29.25413,2.570976e+00,0.0814,tile_30.8740_29.2470,moisture_differential
30.884556,29.25413,2.497578e+00,0.0635,tile_30.8740_29.2470,moisture_differential
30.88466,29.25413,2.650167e+00,0.1007,tile_30.8740_29.2470,moisture_differential
30.884763999999997,29.25413,2.646638e+00,0.0998,tile_30.8740_29.2470,moisture_differential
30.885388,29.25413,2.602919e+00,0.0892,tile_30.8740_29.2470,moisture_differential
30.885492,29.25413,2.674157e+00,0.1066,tile_30.8740_29.2470,moisture_differential
30.892875999999998,29.25413,2.326631e+00,0.0218,tile_30.8740_29.2470,moisture_differential
30.896516,29.25413,2.675014e+00,0.1068,tile_30.8740_29.2470,moisture_differential
30.896932,29.25413,2.988181e+00,0.1832,tile_30.8740_29.2470,moisture_differential
30.897036,29.25413,4.187802e+00,0.4758,tile_30.8740_29.2470,moisture_differential
30.89714,29.25413,4.416181e+00,0.5315,tile_30.8740_29.2470,moisture_differential
30.897243999999997,29.25413,4.386255e+00,0.5242,tile_30.8740_29.2470,moisture_differential
30.908683999999997,29.25413,2.615058e+00,0.0921,tile_30.8740_29.2470,moisture_differential
30.919188,29.25413,3.070059e+00,0.2031,tile_30.8740_29.2470,moisture_differential
30.919396,29.25413,2.742756e+00,0.1233,tile_30.8740_29.2470,moisture_differential
30.9195,29.25413,3.204466e+00,0.2359,tile_30.8740_29.2470,moisture_differential
30.919604,29.25413,3.344220e+00,0.2700,tile_30.8740_29.2470,moisture_differential
30.919708,29.25413,2.853331e+00,0.1503,tile_30.8740_29.2470,moisture_differential
30.919811999999997,29.25413,2.530145e+00,0.0714,tile_30.8740_29.2470,moisture_differential
30.919915999999997,29.25413,2.453992e+00,0.0529,tile_30.8740_29.2470,moisture_differential
30.920019999999997,29.25413,2.650445e+00,0.1008,tile_30.8740_29.2470,moisture_differential
30.920955999999997,29.25413,2.583549e+00,0.0845,tile_30.8740_29.2470,moisture_differential
30.921059999999997,29.25413,2.240036e+00,0.0007,tile_30.8740_29.2470,moisture_differential
30.921163999999997,29.25413,2.250295e+00,0.0032,tile_30.8740_29.2470,moisture_differential
30.921267999999998,29.25413,2.717823e+00,0.1172,tile_30.8740_29.2470,moisture_differential
30.921684,29.25413,2.683739e+00,0.1089,tile_30.8740_29.2470,moisture_differential
30.921788,29.25413,2.429354e+00,0.0468,tile_30.8740_29.2470,moisture_differential
30.921996,29.25413,2.340089e+00,0.0251,tile_30.8740_29.2470,moisture_differential
30.881228,29.254038,2.432631e+00,0.0476,tile_30.8740_29.2470,moisture_differential
30.884348,29.254038,2.242394e+00,0.0012,tile_30.8740_29.2470,moisture_differential
30.884452,29.254038,2.446423e+00,0.0510,tile_30.8740_29.2470,moisture_differential
30.884556,29.254038,2.431603e+00,0.0474,tile_30.8740_29.2470,moisture_differential
30.88466,29.254038,2.354936e+00,0.0287,tile_30.8740_29.2470,moisture_differential
30.884763999999997,29.254038,2.288370e+00,0.0124,tile_30.8740_29.2470,moisture_differential
30.88518,29.254038,2.322094e+00,0.0207,tile_30.8740_29.2470,moisture_differential
30.897036,29.254038,3.184876e+00,0.2311,tile_30.8740_29.2470,moisture_differential
30.89714,29.254038,3.785166e+00,0.3776,tile_30.8740_29.2470,moisture_differential
30.897243999999997,29.254038,3.268776e+00,0.2516,tile_30.8740_29.2470,moisture_differential
30.899739999999998,29.254038,2.313014e+00,0.0185,tile_30.8740_29.2470,moisture_differential
30.899843999999998,29.254038,2.524936e+00,0.0702,tile_30.8740_29.2470,moisture_differential
30.907747999999998,29.254038,2.516641e+00,0.0681,tile_30.8740_29.2470,moisture_differential
30.907852,29.254038,2.573040e+00,0.0819,tile_30.8740_29.2470,moisture_differential
30.908579999999997,29.254038,2.455692e+00,0.0533,tile_30.8740_29.2470,moisture_differential
30.908683999999997,29.254038,2.453467e+00,0.0527,tile_30.8740_29.2470,moisture_differential
30.919188,29.254038,2.664325e+00,0.1042,tile_30.8740_29.2470,moisture_differential
30.919292,29.254038,2.975080e+00,0.1800,tile_30.8740_29.2470,moisture_differential
30.919396,29.254038,3.469168e+00,0.3005,tile_30.8740_29.2470,moisture_differential
30.9195,29.254038,3.462640e+00,0.2989,tile_30.8740_29.2470,moisture_differential
30.919604,29.254038,3.242214e+00,0.2451,tile_30.8740_29.2470,moisture_differential
30.919708,29.254038,3.092133e+00,0.2085,tile_30.8740_29.2470,moisture_differential
30.919811999999997,29.254038,2.829580e+00,0.1445,tile_30.8740_29.2470,moisture_differential
30.919915999999997,29.254038,2.662604e+00,0.1037,tile_30.8740_29.2470,moisture_differential
30.920019999999997,29.254038,2.757210e+00,0.1268,tile_30.8740_29.2470,moisture_differential
30.920436,29.254038,2.335405e+00,0.0239,tile_30.8740_29.2470,moisture_differential
30.920955999999997,29.254038,2.242918e+00,0.0014,tile_30.8740_29.2470,moisture_differential
30.921059999999997,29.254038,2.881600e+00,0.1572,tile_30.8740_29.2470,moisture_differential
30.921163999999997,29.254038,3.115176e+00,0.2141,tile_30.8740_29.2470,moisture_differential
30.921267999999998,29.254038,2.696925e+00,0.1121,tile_30.8740_29.2470,moisture_differential
30.92158,29.254038,2.256829e+00,0.0048,tile_30.8740_29.2470,moisture_differential
30.922932,29.254038,2.251071e+00,0.0034,tile_30.8740_29.2470,moisture_differential
30.923555999999998,29.254038,2.284393e+00,0.0115,tile_30.8740_29.2470,moisture_differential
30.88466,29.253946,2.734359e+00,0.1212,tile_30.8740_29.2470,moisture_differential
30.907747999999998,29.253946,2.301773e+00,0.0157,tile_30.8740_29.2470,moisture_differential
30.907852,29.253946,2.248101e+00,0.0026,tile_30.8740_29.2470,moisture_differential
30.913363999999998,29.253946,2.274494e+00,0.0091,tile_30.8740_29.2470,moisture_differential
30.917939999999998,29.253946,2.891776e+00,0.1596,tile_30.8740_29.2470,moisture_differential
30.918044,29.253946,2.547263e+00,0.0756,tile_30.8740_29.2470,moisture_differential
30.919292,29.253946,2.745181e+00,0.1239,tile_30.8740_29.2470,moisture_differential
30.919396,29.253946,3.459542e+00,0.2982,tile_30.8740_29.2470,moisture_differential
30.9195,29.253946,3.462111e+00,0.2988,tile_30.8740_29.2470,moisture_differential
30.919604,29.253946,3.157081e+00,0.2244,tile_30.8740_29.2470,moisture_differential
30.919708,29.253946,3.095314e+00,0.2093,tile_30.8740_29.2470,moisture_differential
30.919811999999997,29.253946,2.945597e+00,0.1728,tile_30.8740_29.2470,moisture_differential
30.919915999999997,29.253946,3.151599e+00,0.2230,tile_30.8740_29.2470,moisture_differential
30.920227999999998,29.253946,2.475723e+00,0.0582,tile_30.8740_29.2470,moisture_differential
30.920332,29.253946,2.323846e+00,0.0211,tile_30.8740_29.2470,moisture_differential
30.921059999999997,29.253946,2.288450e+00,0.0125,tile_30.8740_29.2470,moisture_differential
30.921163999999997,29.253946,3.004172e+00,0.1871,tile_30.8740_29.2470,moisture_differential
30.921267999999998,29.253946,2.264292e+00,0.0066,tile_30.8740_29.2470,moisture_differential
30.922932,29.253946,2.444240e+00,0.0505,tile_30.8740_29.2470,moisture_differential
30.891627999999997,29.253854,2.266697e+00,0.0072,tile_30.8740_29.2470,moisture_differential
30.892252,29.253854,2.467244e+00,0.0561,tile_30.8740_29.2470,moisture_differential
30.905876,29.253854,2.428453e+00,0.0466,tile_30.8740_29.2470,moisture_differential
30.909412,29.253854,2.488915e+00,0.0614,tile_30.8740_29.2470,moisture_differential
30.910867999999997,29.253854,2.581980e+00,0.0841,tile_30.8740_29.2470,moisture_differential
30.910971999999997,29.253854,2.982031e+00,0.1817,tile_30.8740_29.2470,moisture_differential
30.911075999999998,29.253854,2.760724e+00,0.1277,tile_30.8740_29.2470,moisture_differential
30.918044,29.253854,2.304674e+00,0.0164,tile_30.8740_29.2470,moisture_differential
30.919292,29.253854,2.593078e+00,0.0868,tile_30.8740_29.2470,moisture_differential
30.919396,29.253854,3.391992e+00,0.2817,tile_30.8740_29.2470,moisture_differential
30.9195,29.253854,3.136600e+00,0.2194,tile_30.8740_29.2470,moisture_differential
30.919604,29.253854,2.505331e+00,0.0654,tile_30.8740_29.2470,moisture_differential
30.919708,29.253854,2.567760e+00,0.0806,tile_30.8740_29.2470,moisture_differential
30.919811999999997,29.253854,2.529424e+00,0.0713,tile_30.8740_29.2470,moisture_differential
30.920227999999998,29.253854,2.463941e+00,0.0553,tile_30.8740_29.2470,moisture_differential
30.920332,29.253854,2.283754e+00,0.0113,tile_30.8740_29.2470,moisture_differential
30.922932,29.253854,3.050824e+00,0.1984,tile_30.8740_29.2470,moisture_differential
30.923036,29.253854,2.423291e+00,0.0454,tile_30.8740_29.2470,moisture_differential
30.92314,29.253854,2.519232e+00,0.0688,tile_30.8740_29.2470,moisture_differential
30.891627999999997,29.253762,2.284059e+00,0.0114,tile_30.8740_29.2470,moisture_differential
30.897243999999997,29.253762,2.384855e+00,0.0360,tile_30.8740_29.2470,moisture_differential
30.899324,29.253762,2.805002e+00,0.1385,tile_30.8740_29.2470,moisture_differential
30.901508,29.253762,2.481448e+00,0.0595,tile_30.8740_29.2470,moisture_differential
30.909412,29.253762,2.315994e+00,0.0192,tile_30.8740_29.2470,moisture_differential
30.910867999999997,29.253762,2.418995e+00,0.0443,tile_30.8740_29.2470,moisture_differential
30.910971999999997,29.253762,3.368815e+00,0.2760,tile_30.8740_29.2470,moisture_differential
30.911075999999998,29.253762,2.886422e+00,0.1583,tile_30.8740_29.2470,moisture_differential
30.916276,29.253762,2.423216e+00,0.0453,tile_30.8740_29.2470,moisture_differential
30.919396,29.253762,3.010525e+00,0.1886,tile_30.8740_29.2470,moisture_differential
30.9195,29.253762,2.609359e+00,0.0908,tile_30.8740_29.2470,moisture_differential
30.922828,29.253762,2.533198e+00,0.0722,tile_30.8740_29.2470,moisture_differential
30.922932,29.253762,2.860130e+00,0.1519,tile_30.8740_29.2470,moisture_differential
30.923036,29.253762,2.683521e+00,0.1088,tile_30.8740_29.2470,moisture_differential
30.87426,29.25367,2.256995e+00,0.0048,tile_30.8740_29.2470,moisture_differential
30.891627999999997,29.25367,2.535391e+00,0.0727,tile_30.8740_29.2470,moisture_differential
30.897243999999997,29.25367,2.359485e+00,0.0298,tile_30.8740_29.2470,moisture_differential
30.909723999999997,29.25367,2.283249e+00,0.0112,tile_30.8740_29.2470,moisture_differential
30.909827999999997,29.25367,2.412386e+00,0.0427,tile_30.8740_29.2470,moisture_differential
30.910867999999997,29.25367,2.623144e+00,0.0941,tile_30.8740_29.2470,moisture_differential
30.910971999999997,29.25367,2.281294e+00,0.0107,tile_30.8740_29.2470,moisture_differential
30.916276,29.25367,2.345611e+00,0.0264,tile_30.8740_29.2470,moisture_differential
30.918044,29.25367,2.244701e+00,0.0018,tile_30.8740_29.2470,moisture_differential
30.92054,29.25367,2.329608e+00,0.0225,tile_30.8740_29.2470,moisture_differential
30.922724,29.25367,2.558987e+00,0.0785,tile_30.8740_29.2470,moisture_differential
30.923036,29.25367,2.425636e+00,0.0459,tile_30.8740_29.2470,moisture_differential
30.923555999999998,29.25367,2.399967e+00,0.0397,tile_30.8740_29.2470,moisture_differential
30.87426,29.253578,2.554331e+00,0.0773,tile_30.8740_29.2470,moisture_differential
30.878315999999998,29.253578,2.405795e+00,0.0411,tile_30.8740_29.2470,moisture_differential
30.903067999999998,29.253578,2.474241e+00,0.0578,tile_30.8740_29.2470,moisture_differential
30.903275999999998,29.253578,2.416266e+00,0.0436,tile_30.8740_29.2470,moisture_differential
30.920852,29.253578,2.267676e+00,0.0074,tile_30.8740_29.2470,moisture_differential
30.922724,29.253578,2.540790e+00,0.0740,tile_30.8740_29.2470,moisture_differential
30.923036,29.253578,2.499542e+00,0.0640,tile_30.8740_29.2470,moisture_differential
30.92314,29.253578,2.538641e+00,0.0735,tile_30.8740_29.2470,moisture_differential
30.923243999999997,29.253578,2.467263e+00,0.0561,tile_30.8740_29.2470,moisture_differential
30.874156,29.253486,2.520668e+00,0.0691,tile_30.8740_29.2470,moisture_differential
30.878315999999998,29.253486,2.412900e+00,0.0428,tile_30.8740_29.2470,moisture_differential
30.87842,29.253486,2.369122e+00,0.0321,tile_30.8740_29.2470,moisture_differential
30.885596,29.253486,2.372691e+00,0.0330,tile_30.8740_29.2470,moisture_differential
30.902963999999997,29.253486,2.268195e+00,0.0075,tile_30.8740_29.2470,moisture_differential
30.903067999999998,29.253486,2.515766e+00,0.0679,tile_30.8740_29.2470,moisture_differential
30.910971999999997,29.253486,2.296363e+00,0.0144,tile_30.8740_29.2470,moisture_differential
30.911075999999998,29.253486,2.671330e+00,0.1059,tile_30.8740_29.2470,moisture_differential
30.911179999999998,29.253486,2.304922e+00,0.0165,tile_30.8740_29.2470,moisture_differential
30.918771999999997,29.253486,2.307604e+00,0.0171,tile_30.8740_29.2470,moisture_differential
30.9195,29.253486,2.517516e+00,0.0683,tile_30.8740_29.2470,moisture_differential
30.919604,29.253486,2.729172e+00,0.1200,tile_30.8740_29.2470,moisture_differential
30.923243999999997,29.253486,2.441807e+00,0.0499,tile_30.8740_29.2470,moisture_differential
30.874156,29.253394,3.113362e+00,0.2137,tile_30.8740_29.2470,moisture_differential
30.875196,29.253394,2.252569e+00,0.0037,tile_30.8740_29.2470,moisture_differential
30.877588,29.253394,2.616466e+00,0.0925,tile_30.8740_29.2470,moisture_differential
30.878315999999998,29.253394,2.471548e+00,0.0571,tile_30.8740_29.2470,moisture_differential
30.87842,29.253394,2.361857e+00,0.0304,tile_30.8740_29.2470,moisture_differential
30.878524,29.253394,2.336007e+00,0.0241,tile_30.8740_29.2470,moisture_differential
30.90806,29.253394,2.819920e+00,0.1421,tile_30.8740_29.2470,moisture_differential
30.910971999999997,29.253394,2.591431e+00,0.0864,tile_30.8740_29.2470,moisture_differential
30.911075999999998,29.253394,3.185738e+00,0.2314,tile_30.8740_29.2470,moisture_differential
30.917939999999998,29.253394,2.257901e+00,0.0050,tile_30.8740_29.2470,moisture_differential
30.9195,29.253394,3.872572e+00,0.3989,tile_30.8740_29.2470,moisture_differential
30.919604,29.253394,3.687568e+00,0.3538,tile_30.8740_29.2470,moisture_differential
30.919708,29.253394,2.951479e+00,0.1742,tile_30.8740_29.2470,moisture_differential
30.922932,29.253394,2.322560e+00,0.0208,tile_30.8740_29.2470,moisture_differential
30.874156,29.253302,2.485910e+00,0.0606,tile_30.8740_29.2470,moisture_differential
30.87426,29.253302,2.656504e+00,0.1023,tile_30.8740_29.2470,moisture_differential
30.877588,29.253302,2.665479e+00,0.1044,tile_30.8740_29.2470,moisture_differential
30.886532,29.253302,2.396202e+00,0.0388,tile_30.8740_29.2470,moisture_differential
30.895892,29.253302,2.647680e+00,0.1001,tile_30.8740_29.2470,moisture_differential
30.895996,29.253302,3.668006e+00,0.3490,tile_30.8740_29.2470,moisture_differential
30.896099999999997,29.253302,2.924964e+00,0.1677,tile_30.8740_29.2470,moisture_differential
30.910971999999997,29.253302,3.186938e+00,0.2317,tile_30.8740_29.2470,moisture_differential
30.911075999999998,29.253302,2.587579e+00,0.0854,tile_30.8740_29.2470,moisture_differential
30.918148,29.253302,2.480051e+00,0.0592,tile_30.8740_29.2470,moisture_differential
30.9195,29.253302,3.743318e+00,0.3674,tile_30.8740_29.2470,moisture_differential
30.919604,29.253302,3.870850e+00,0.3985,tile_30.8740_29.2470,moisture_differential
30.919708,29.253302,3.459621e+00,0.2982,tile_30.8740_29.2470,moisture_differential
30.92262,29.253302,2.704409e+00,0.1139,tile_30.8740_29.2470,moisture_differential
30.922828,29.253302,2.493986e+00,0.0626,tile_30.8740_29.2470,moisture_differential
30.922932,29.253302,2.300173e+00,0.0153,tile_30.8740_29.2470,moisture_differential
30.923972,29.253302,2.601916e+00,0.0889,tile_30.8740_29.2470,moisture_differential
30.874156,29.25321,2.294404e+00,0.0139,tile_30.8740_29.2470,moisture_differential
30.87426,29.25321,2.530008e+00,0.0714,tile_30.8740_29.2470,moisture_differential
30.874364,29.25321,2.260518e+00,0.0057,tile_30.8740_29.2470,moisture_differential
30.875196,29.25321,2.273070e+00,0.0087,tile_30.8740_29.2470,moisture_differential
30.875715999999997,29.25321,2.536395e+00,0.0730,tile_30.8740_29.2470,moisture_differential
30.878628,29.25321,2.259260e+00,0.0053,tile_30.8740_29.2470,moisture_differential
30.893083999999998,29.25321,2.426453e+00,0.0461,tile_30.8740_29.2470,moisture_differential
30.895892,29.25321,3.380701e+00,0.2789,tile_30.8740_29.2470,moisture_differential
30.895996,29.25321,4.342563e+00,0.5136,tile_30.8740_29.2470,moisture_differential
30.896099999999997,29.25321,3.593369e+00,0.3308,tile_30.8740_29.2470,moisture_differential
30.899739999999998,29.25321,2.591160e+00,0.0863,tile_30.8740_29.2470,moisture_differential
30.9039,29.25321,2.418542e+00,0.0442,tile_30.8740_29.2470,moisture_differential
30.904003999999997,29.25321,2.347229e+00,0.0268,tile_30.8740_29.2470,moisture_differential
30.910971999999997,29.25321,2.353571e+00,0.0284,tile_30.8740_29.2470,moisture_differential
30.912011999999997,29.25321,2.610764e+00,0.0911,tile_30.8740_29.2470,moisture_differential
30.912115999999997,29.25321,2.348543e+00,0.0271,tile_30.8740_29.2470,moisture_differential
30.915547999999998,29.25321,2.275851e+00,0.0094,tile_30.8740_29.2470,moisture_differential
30.918148,29.25321,2.743289e+00,0.1234,tile_30.8740_29.2470,moisture_differential
30.918564,29.25321,2.303698e+00,0.0162,tile_30.8740_29.2470,moisture_differential
30.918667999999997,29.25321,2.414205e+00,0.0431,tile_30.8740_29.2470,moisture_differential
30.919396,29.25321,2.580759e+00,0.0838,tile_30.8740_29.2470,moisture_differential
30.9195,29.25321,3.520189e+00,0.3129,tile_30.8740_29.2470,moisture_differential
30.919604,29.25321,4.137670e+00,0.4636,tile_30.8740_29.2470,moisture_differential
30.919708,29.25321,3.325546e+00,0.2655,tile_30.8740_29.2470,moisture_differential
30.922411999999998,29.25321,2.255547e+00,0.0044,tile_30.8740_29.2470,moisture_differential
30.923868,29.25321,2.606331e+00,0.0900,tile_30.8740_29.2470,moisture_differential
30.923972,29.25321,2.432834e+00,0.0477,tile_30.8740_29.2470,moisture_differential
30.875092,29.253118,2.383668e+00,0.0357,tile_30.8740_29.2470,moisture_differential
30.88778,29.253118,2.434237e+00,0.0480,tile_30.8740_29.2470,moisture_differential
30.891939999999998,29.253118,2.422238e+00,0.0451,tile_30.8740_29.2470,moisture_differential
30.892044,29.253118,2.251729e+00,0.0035,tile_30.8740_29.2470,moisture_differential
30.892667999999997,29.253118,2.397221e+00,0.0390,tile_30.8740_29.2470,moisture_differential
30.895788,29.253118,2.289719e+00,0.0128,tile_30.8740_29.2470,moisture_differential
30.895892,29.253118,3.366469e+00,0.2754,tile_30.8740_29.2470,moisture_differential
30.895996,29.253118,3.824534e+00,0.3872,tile_30.8740_29.2470,moisture_differential
30.896099999999997,29.253118,3.675277e+00,0.3508,tile_30.8740_29.2470,moisture_differential
30.896203999999997,29.253118,3.531410e+00,0.3157,tile_30.8740_29.2470,moisture_differential
30.896307999999998,29.253118,2.842014e+00,0.1475,tile_30.8740_29.2470,moisture_differential
30.904003999999997,29.253118,2.320078e+00,0.0202,tile_30.8740_29.2470,moisture_differential
30.918148,29.253118,2.410898e+00,0.0423,tile_30.8740_29.2470,moisture_differential
30.919708,29.253118,2.254660e+00,0.0042,tile_30.8740_29.2470,moisture_differential
30.92054,29.253118,2.245653e+00,0.0020,tile_30.8740_29.2470,moisture_differential
30.922411999999998,29.253118,2.342115e+00,0.0256,tile_30.8740_29.2470,moisture_differential
30.923036,29.253118,2.269874e+00,0.0079,tile_30.8740_29.2470,moisture_differential
30.884036,29.253026,2.445084e+00,0.0507,tile_30.8740_29.2470,moisture_differential
30.88414,29.253026,3.152280e+00,0.2232,tile_30.8740_29.2470,moisture_differential
30.889756,29.253026,2.427887e+00,0.0465,tile_30.8740_29.2470,moisture_differential
30.891939999999998,29.253026,2.288914e+00,0.0126,tile_30.8740_29.2470,moisture_differential
30.892044,29.253026,2.334464e+00,0.0237,tile_30.8740_29.2470,moisture_differential
30.895788,29.253026,2.342914e+00,0.0258,tile_30.8740_29.2470,moisture_differential
30.896099999999997,29.253026,3.263540e+00,0.2503,tile_30.8740_29.2470,moisture_differential
30.896203999999997,29.253026,3.863339e+00,0.3967,tile_30.8740_29.2470,moisture_differential
30.896307999999998,29.253026,3.592477e+00,0.3306,tile_30.8740_29.2470,moisture_differential
30.903067999999998,29.253026,2.540835e+00,0.0740,tile_30.8740_29.2470,moisture_differential
30.904003999999997,29.253026,2.284113e+00,0.0114,tile_30.8740_29.2470,moisture_differential
30.907332,29.253026,2.314851e+00,0.0189,tile_30.8740_29.2470,moisture_differential
30.910971999999997,29.253026,3.205787e+00,0.2362,tile_30.8740_29.2470,moisture_differential
30.911075999999998,29.253026,3.065243e+00,0.2020,tile_30.8740_29.2470,moisture_differential
30.915132,29.253026,2.271210e+00,0.0083,tile_30.8740_29.2470,moisture_differential
30.923036,29.253026,2.379320e+00,0.0346,tile_30.8740_29.2470,moisture_differential
30.875404,29.252934,2.324255e+00,0.0212,tile_30.8740_29.2470,moisture_differential
30.8779,29.252934,2.388235e+00,0.0368,tile_30.8740_29.2470,moisture_differential
30.88414,29.252934,2.941800e+00,0.1719,tile_30.8740_29.2470,moisture_differential
30.88986,29.252934,2.332816e+00,0.0233,tile_30.8740_29.2470,moisture_differential
30.892771999999997,29.252934,2.247251e+00,0.0024,tile_30.8740_29.2470,moisture_differential
30.893292,29.252934,2.316335e+00,0.0193,tile_30.8740_29.2470,moisture_differential
30.895788,29.252934,2.266861e+00,0.0072,tile_30.8740_29.2470,moisture_differential
30.896099999999997,29.252934,2.744028e+00,0.1236,tile_30.8740_29.2470,moisture_differential
30.896203999999997,29.252934,3.438672e+00,0.2931,tile_30.8740_29.2470,moisture_differential
30.896307999999998,29.252934,3.202124e+00,0.2354,tile_30.8740_29.2470,moisture_differential
30.9013,29.252934,2.276401e+00,0.0095,tile_30.8740_29.2470,moisture_differential
30.901612,29.252934,2.337326e+00,0.0244,tile_30.8740_29.2470,moisture_differential
30.902963999999997,29.252934,2.365234e+00,0.0312,tile_30.8740_29.2470,moisture_differential
30.903067999999998,29.252934,2.810756e+00,0.1399,tile_30.8740_29.2470,moisture_differential
30.903171999999998,29.252934,2.276672e+00,0.0096,tile_30.8740_29.2470,moisture_differential
30.909412,29.252934,2.372010e+00,0.0329,tile_30.8740_29.2470,moisture_differential
30.910971999999997,29.252934,3.642045e+00,0.3427,tile_30.8740_29.2470,moisture_differential
30.911075999999998,29.252934,3.720859e+00,0.3619,tile_30.8740_29.2470,moisture_differential
30.911179999999998,29.252934,2.645855e+00,0.0997,tile_30.8740_29.2470,moisture_differential
30.911907999999997,29.252934,2.312534e+00,0.0183,tile_30.8740_29.2470,moisture_differential
30.915132,29.252934,2.321152e+00,0.0204,tile_30.8740_29.2470,moisture_differential
30.915236,29.252934,2.361708e+00,0.0303,tile_30.8740_29.2470,moisture_differential
30.922307999999997,29.252934,2.592353e+00,0.0866,tile_30.8740_29.2470,moisture_differential
30.875404,29.252842,2.497164e+00,0.0634,tile_30.8740_29.2470,moisture_differential
30.875508,29.252842,2.943495e+00,0.1723,tile_30.8740_29.2470,moisture_differential
30.875715999999997,29.252842,2.824663e+00,0.1433,tile_30.8740_29.2470,moisture_differential
30.888092,29.252842,2.892652e+00,0.1599,tile_30.8740_29.2470,moisture_differential
30.888195999999997,29.252842,3.461889e+00,0.2987,tile_30.8740_29.2470,moisture_differential
30.888299999999997,29.252842,3.304296e+00,0.2603,tile_30.8740_29.2470,moisture_differential
30.888403999999998,29.252842,2.341285e+00,0.0254,tile_30.8740_29.2470,moisture_differential
30.892875999999998,29.252842,2.367405e+00,0.0317,tile_30.8740_29.2470,moisture_differential
30.893188,29.252842,3.683435e+00,0.3528,tile_30.8740_29.2470,moisture_differential
30.893292,29.252842,2.826620e+00,0.1438,tile_30.8740_29.2470,moisture_differential
30.896203999999997,29.252842,2.922488e+00,0.1671,tile_30.8740_29.2470,moisture_differential
30.896828,29.252842,2.466701e+00,0.0560,tile_30.8740_29.2470,moisture_differential
30.901508,29.252842,2.789899e+00,0.1348,tile_30.8740_29.2470,moisture_differential
30.901612,29.252842,2.372550e+00,0.0330,tile_30.8740_29.2470,moisture_differential
30.903067999999998,29.252842,2.254090e+00,0.0041,tile_30.8740_29.2470,moisture_differential
30.903796,29.252842,2.242685e+00,0.0013,tile_30.8740_29.2470,moisture_differential
30.904003999999997,29.252842,2.397815e+00,0.0391,tile_30.8740_29.2470,moisture_differential
30.907852,29.252842,2.259101e+00,0.0053,tile_30.8740_29.2470,moisture_differential
30.909619999999997,29.252842,2.278721e+00,0.0101,tile_30.8740_29.2470,moisture_differential
30.910971999999997,29.252842,3.270927e+00,0.2521,tile_30.8740_29.2470,moisture_differential
30.911075999999998,29.252842,3.042920e+00,0.1965,tile_30.8740_29.2470,moisture_differential
30.911179999999998,29.252842,2.741504e+00,0.1230,tile_30.8740_29.2470,moisture_differential
30.915132,29.252842,3.139441e+00,0.2201,tile_30.8740_29.2470,moisture_differential
30.915236,29.252842,2.254908e+00,0.0043,tile_30.8740_29.2470,moisture_differential
30.9169,29.252842,2.432695e+00,0.0477,tile_30.8740_29.2470,moisture_differential
30.922099999999997,29.252842,2.383013e+00,0.0355,tile_30.8740_29.2470,moisture_differential
30.922203999999997,29.252842,2.468256e+00,0.0563,tile_30.8740_29.2470,moisture_differential
30.922307999999997,29.252842,3.242719e+00,0.2453,tile_30.8740_29.2470,moisture_differential
30.922411999999998,29.252842,2.549236e+00,0.0761,tile_30.8740_29.2470,moisture_differential
30.92262,29.252842,2.247706e+00,0.0025,tile_30.8740_29.2470,moisture_differential
30.923243999999997,29.252842,2.473826e+00,0.0577,tile_30.8740_29.2470,moisture_differential
30.875508,29.25275,2.564823e+00,0.0799,tile_30.8740_29.2470,moisture_differential
30.875715999999997,29.25275,2.248286e+00,0.0027,tile_30.8740_29.2470,moisture_differential
30.888195999999997,29.25275,3.526251e+00,0.3144,tile_30.8740_29.2470,moisture_differential
30.888299999999997,29.25275,4.059818e+00,0.4446,tile_30.8740_29.2470,moisture_differential
30.888403999999998,29.25275,4.237102e+00,0.4878,tile_30.8740_29.2470,moisture_differential
30.888507999999998,29.25275,2.833689e+00,0.1455,tile_30.8740_29.2470,moisture_differential
30.890587999999997,29.25275,2.256507e+00,0.0047,tile_30.8740_29.2470,moisture_differential
30.893188,29.25275,2.461637e+00,0.0547,tile_30.8740_29.2470,moisture_differential
30.893292,29.25275,3.000176e+00,0.1861,tile_30.8740_29.2470,moisture_differential
30.893396,29.25275,2.611501e+00,0.0913,tile_30.8740_29.2470,moisture_differential
30.900883999999998,29.25275,2.415477e+00,0.0435,tile_30.8740_29.2470,moisture_differential
30.901508,29.25275,2.275266e+00,0.0093,tile_30.8740_29.2470,moisture_differential
30.901612,29.25275,2.629604e+00,0.0957,tile_30.8740_29.2470,moisture_differential
30.903796,29.25275,3.222881e+00,0.2404,tile_30.8740_29.2470,moisture_differential
30.9039,29.25275,3.088779e+00,0.2077,tile_30.8740_29.2470,moisture_differential
30.904003999999997,29.25275,2.534676e+00,0.0725,tile_30.8740_29.2470,moisture_differential
30.907852,29.25275,2.353333e+00,0.0283,tile_30.8740_29.2470,moisture_differential
30.907956,29.25275,2.596536e+00,0.0876,tile_30.8740_29.2470,moisture_differential
30.90806,29.25275,2.668250e+00,0.1051,tile_30.8740_29.2470,moisture_differential
30.91066,29.25275,2.242427e+00,0.0012,tile_30.8740_29.2470,moisture_differential
30.915132,29.25275,2.764313e+00,0.1286,tile_30.8740_29.2470,moisture_differential
30.915964,29.25275,2.549435e+00,0.0761,tile_30.8740_29.2470,moisture_differential
30.92054,29.25275,2.249863e+00,0.0031,tile_30.8740_29.2470,moisture_differential
30.922307999999997,29.25275,2.962136e+00,0.1768,tile_30.8740_29.2470,moisture_differential
30.922411999999998,29.25275,2.946752e+00,0.1731,tile_30.8740_29.2470,moisture_differential
30.92314,29.25275,2.413523e+00,0.0430,tile_30.8740_29.2470,moisture_differential
30.923243999999997,29.25275,2.238378e+00,0.0003,tile_30.8740_29.2470,moisture_differential
30.923659999999998,29.25275,2.275874e+00,0.0094,tile_30.8740_29.2470,moisture_differential
30.923764,29.25275,2.292448e+00,0.0134,tile_30.8740_29.2470,moisture_differential
30.877796,29.252658,2.474510e+00,0.0579,tile_30.8740_29.2470,moisture_differential
30.887259999999998,29.252658,2.568837e+00,0.0809,tile_30.8740_29.2470,moisture_differential
30.887363999999998,29.252658,2.646269e+00,0.0998,tile_30.8740_29.2470,moisture_differential
30.887988,29.252658,2.403765e+00,0.0406,tile_30.8740_29.2470,moisture_differential
30.888195999999997,29.252658,2.573495e+00,0.0820,tile_30.8740_29.2470,moisture_differential
30.888299999999997,29.252658,3.845717e+00,0.3924,tile_30.8740_29.2470,moisture_differential
30.888403999999998,29.252658,3.845615e+00,0.3923,tile_30.8740_29.2470,moisture_differential
30.888507999999998,29.252658,2.754809e+00,0.1262,tile_30.8740_29.2470,moisture_differential
30.901508,29.252658,2.269776e+00,0.0079,tile_30.8740_29.2470,moisture_differential
30.901612,29.252658,2.470332e+00,0.0568,tile_30.8740_29.2470,moisture_differential
30.902652,29.252658,2.252802e+00,0.0038,tile_30.8740_29.2470,moisture_differential
30.902963999999997,29.252658,2.564485e+00,0.0798,tile_30.8740_29.2470,moisture_differential
30.903692,29.252658,2.603142e+00,0.0892,tile_30.8740_29.2470,moisture_differential
30.903796,29.252658,2.927522e+00,0.1684,tile_30.8740_29.2470,moisture_differential
30.9039,29.252658,2.839043e+00,0.1468,tile_30.8740_29.2470,moisture_differential
30.904003999999997,29.252658,2.250790e+00,0.0033,tile_30.8740_29.2470,moisture_differential
30.907852,29.252658,2.397063e+00,0.0390,tile_30.8740_29.2470,moisture_differential
30.907956,29.252658,3.101994e+00,0.2109,tile_30.8740_29.2470,moisture_differential
30.90806,29.252658,2.490848e+00,0.0618,tile_30.8740_29.2470,moisture_differential
30.910763999999997,29.252658,2.551010e+00,0.0765,tile_30.8740_29.2470,moisture_differential
30.912323999999998,29.252658,3.078411e+00,0.2052,tile_30.8740_29.2470,moisture_differential
30.912428,29.252658,2.637320e+00,0.0976,tile_30.8740_29.2470,moisture_differential
30.91586,29.252658,2.860300e+00,0.1520,tile_30.8740_29.2470,moisture_differential
30.915964,29.252658,2.520362e+00,0.0690,tile_30.8740_29.2470,moisture_differential
30.922411999999998,29.252658,2.350019e+00,0.0275,tile_30.8740_29.2470,moisture_differential
30.923764,29.252658,2.441424e+00,0.0498,tile_30.8740_29.2470,moisture_differential
30.874883999999998,29.252565999999998,2.311644e+00,0.0181,tile_30.8740_29.2470,moisture_differential
30.887259999999998,29.252565999999998,2.254834e+00,0.0043,tile_30.8740_29.2470,moisture_differential
30.887363999999998,29.252565999999998,2.324948e+00,0.0214,tile_30.8740_29.2470,moisture_differential
30.887468,29.252565999999998,2.417703e+00,0.0440,tile_30.8740_29.2470,moisture_differential
30.888612,29.252565999999998,2.262355e+00,0.0061,tile_30.8740_29.2470,moisture_differential
30.903796,29.252565999999998,2.843177e+00,0.1478,tile_30.8740_29.2470,moisture_differential
30.904315999999998,29.252565999999998,2.723549e+00,0.1186,tile_30.8740_29.2470,moisture_differential
30.907852,29.252565999999998,2.344825e+00,0.0262,tile_30.8740_29.2470,moisture_differential
30.907956,29.252565999999998,2.905500e+00,0.1630,tile_30.8740_29.2470,moisture_differential
30.910971999999997,29.252565999999998,2.258909e+00,0.0053,tile_30.8740_29.2470,moisture_differential
30.911075999999998,29.252565999999998,2.442944e+00,0.0502,tile_30.8740_29.2470,moisture_differential
30.911179999999998,29.252565999999998,2.507579e+00,0.0659,tile_30.8740_29.2470,moisture_differential
30.912428,29.252565999999998,2.755308e+00,0.1264,tile_30.8740_29.2470,moisture_differential
30.916068,29.252565999999998,2.476180e+00,0.0583,tile_30.8740_29.2470,moisture_differential
30.923764,29.252565999999998,2.728212e+00,0.1197,tile_30.8740_29.2470,moisture_differential
30.874883999999998,29.252474,2.285288e+00,0.0117,tile_30.8740_29.2470,moisture_differential
30.875196,29.252474,2.477235e+00,0.0585,tile_30.8740_29.2470,moisture_differential
30.8753,29.252474,2.254310e+00,0.0041,tile_30.8740_29.2470,moisture_differential
30.875612,29.252474,2.634317e+00,0.0968,tile_30.8740_29.2470,moisture_differential
30.887468,29.252474,2.362543e+00,0.0305,tile_30.8740_29.2470,moisture_differential
30.897451999999998,29.252474,2.597117e+00,0.0878,tile_30.8740_29.2470,moisture_differential
30.902756,29.252474,2.456755e+00,0.0535,tile_30.8740_29.2470,moisture_differential
30.902859999999997,29.252474,2.312668e+00,0.0184,tile_30.8740_29.2470,moisture_differential
30.903796,29.252474,2.400864e+00,0.0399,tile_30.8740_29.2470,moisture_differential
30.90442,29.252474,2.317842e+00,0.0196,tile_30.8740_29.2470,moisture_differential
30.910971999999997,29.252474,2.497287e+00,0.0634,tile_30.8740_29.2470,moisture_differential
30.911075999999998,29.252474,2.992692e+00,0.1843,tile_30.8740_29.2470,moisture_differential
30.911179999999998,29.252474,2.424779e+00,0.0457,tile_30.8740_29.2470,moisture_differential
30.912115999999997,29.252474,2.468579e+00,0.0564,tile_30.8740_29.2470,moisture_differential
30.912428,29.252474,2.528845e+00,0.0711,tile_30.8740_29.2470,moisture_differential
30.923243999999997,29.252474,2.301465e+00,0.0156,tile_30.8740_29.2470,moisture_differential
30.923347999999997,29.252474,2.334249e+00,0.0236,tile_30.8740_29.2470,moisture_differential
30.924076,29.252474,2.373819e+00,0.0333,tile_30.8740_29.2470,moisture_differential
30.874988,29.252382,2.392366e+00,0.0378,tile_30.8740_29.2470,moisture_differential
30.8753,29.252382,2.517499e+00,0.0683,tile_30.8740_29.2470,moisture_differential
30.875404,29.252382,2.528069e+00,0.0709,tile_30.8740_29.2470,moisture_differential
30.875508,29.252382,2.907933e+00,0.1636,tile_30.8740_29.2470,moisture_differential
30.875612,29.252382,2.631823e+00,0.0962,tile_30.8740_29.2470,moisture_differential
30.875715999999997,29.252382,2.572481e+00,0.0818,tile_30.8740_29.2470,moisture_differential
30.875819999999997,29.252382,3.114288e+00,0.2139,tile_30.8740_29.2470,moisture_differential
30.875923999999998,29.252382,3.124469e+00,0.2164,tile_30.8740_29.2470,moisture_differential
30.87738,29.252382,2.276254e+00,0.0095,tile_30.8740_29.2470,moisture_differential
30.88882,29.252382,2.599095e+00,0.0882,tile_30.8740_29.2470,moisture_differential
30.888924,29.252382,2.691747e+00,0.1109,tile_30.8740_29.2470,moisture_differential
30.889028,29.252382,2.262655e+00,0.0062,tile_30.8740_29.2470,moisture_differential
30.897451999999998,29.252382,2.451733e+00,0.0523,tile_30.8740_29.2470,moisture_differential
30.897868,29.252382,2.365522e+00,0.0313,tile_30.8740_29.2470,moisture_differential
30.903067999999998,29.252382,2.451790e+00,0.0523,tile_30.8740_29.2470,moisture_differential
30.903692,29.252382,2.766148e+00,0.1290,tile_30.8740_29.2470,moisture_differential
30.907747999999998,29.252382,2.393412e+00,0.0381,tile_30.8740_29.2470,moisture_differential
30.910244,29.252382,2.583187e+00,0.0844,tile_30.8740_29.2470,moisture_differential
30.910348,29.252382,2.746505e+00,0.1242,tile_30.8740_29.2470,moisture_differential
30.910452,29.252382,2.541191e+00,0.0741,tile_30.8740_29.2470,moisture_differential
30.910556,29.252382,2.458249e+00,0.0539,tile_30.8740_29.2470,moisture_differential
30.91066,29.252382,2.556535e+00,0.0779,tile_30.8740_29.2470,moisture_differential
30.910971999999997,29.252382,3.183414e+00,0.2308,tile_30.8740_29.2470,moisture_differential
30.911075999999998,29.252382,2.635136e+00,0.0970,tile_30.8740_29.2470,moisture_differential
30.912115999999997,29.252382,2.501095e+00,0.0643,tile_30.8740_29.2470,moisture_differential
30.912219999999998,29.252382,2.331517e+00,0.0230,tile_30.8740_29.2470,moisture_differential
30.920955999999997,29.252382,2.345304e+00,0.0263,tile_30.8740_29.2470,moisture_differential
30.924076,29.252382,2.503283e+00,0.0649,tile_30.8740_29.2470,moisture_differential
30.875508,29.25229,2.653713e+00,0.1016,tile_30.8740_29.2470,moisture_differential
30.875819999999997,29.25229,2.976697e+00,0.1804,tile_30.8740_29.2470,moisture_differential
30.875923999999998,29.25229,2.830278e+00,0.1446,tile_30.8740_29.2470,moisture_differential
30.876027999999998,29.25229,2.380198e+00,0.0349,tile_30.8740_29.2470,moisture_differential
30.876132,29.25229,2.797055e+00,0.1365,tile_30.8740_29.2470,moisture_differential
30.877276,29.25229,2.578479e+00,0.0832,tile_30.8740_29.2470,moisture_differential
30.88882,29.25229,2.790473e+00,0.1349,tile_30.8740_29.2470,moisture_differential
30.888924,29.25229,2.885246e+00,0.1581,tile_30.8740_29.2470,moisture_differential
30.889028,29.25229,2.488005e+00,0.0611,tile_30.8740_29.2470,moisture_differential
30.897451999999998,29.25229,2.561842e+00,0.0792,tile_30.8740_29.2470,moisture_differential
30.903275999999998,29.25229,2.811530e+00,0.1401,tile_30.8740_29.2470,moisture_differential
30.90338,29.25229,2.638761e+00,0.0979,tile_30.8740_29.2470,moisture_differential
30.903484,29.25229,2.547999e+00,0.0758,tile_30.8740_29.2470,moisture_differential
30.903588,29.25229,2.584293e+00,0.0846,tile_30.8740_29.2470,moisture_differential
30.903692,29.25229,2.276761e+00,0.0096,tile_30.8740_29.2470,moisture_differential
30.910244,29.25229,2.450622e+00,0.0520,tile_30.8740_29.2470,moisture_differential
30.910348,29.25229,2.555395e+00,0.0776,tile_30.8740_29.2470,moisture_differential
30.910452,29.25229,2.449552e+00,0.0518,tile_30.8740_29.2470,moisture_differential
30.910556,29.25229,2.532906e+00,0.0721,tile_30.8740_29.2470,moisture_differential
30.91066,29.25229,2.399894e+00,0.0397,tile_30.8740_29.2470,moisture_differential
30.910763999999997,29.25229,2.279686e+00,0.0103,tile_30.8740_29.2470,moisture_differential
30.912115999999997,29.25229,2.416402e+00,0.0437,tile_30.8740_29.2470,moisture_differential
30.912219999999998,29.25229,2.591050e+00,0.0863,tile_30.8740_29.2470,moisture_differential
30.917835999999998,29.25229,2.338993e+00,0.0248,tile_30.8740_29.2470,moisture_differential
30.917939999999998,29.25229,2.523279e+00,0.0698,tile_30.8740_29.2470,moisture_differential
30.918044,29.25229,2.504831e+00,0.0653,tile_30.8740_29.2470,moisture_differential
30.918148,29.25229,2.780912e+00,0.1326,tile_30.8740_29.2470,moisture_differential
30.920852,29.25229,2.341755e+00,0.0255,tile_30.8740_29.2470,moisture_differential
30.920955999999997,29.25229,2.809474e+00,0.1396,tile_30.8740_29.2470,moisture_differential
30.924076,29.25229,2.428468e+00,0.0466,tile_30.8740_29.2470,moisture_differential
30.924491999999997,29.25229,2.388964e+00,0.0370,tile_30.8740_29.2470,moisture_differential
30.876027999999998,29.252198,2.302623e+00,0.0159,tile_30.8740_29.2470,moisture_differential
30.876132,29.252198,2.836422e+00,0.1461,tile_30.8740_29.2470,moisture_differential
30.876236,29.252198,2.715500e+00,0.1166,tile_30.8740_29.2470,moisture_differential
30.88778,29.252198,2.301791e+00,0.0157,tile_30.8740_29.2470,moisture_differential
30.88882,29.252198,2.813865e+00,0.1406,tile_30.8740_29.2470,moisture_differential
30.888924,29.252198,2.548365e+00,0.0759,tile_30.8740_29.2470,moisture_differential
30.889028,29.252198,2.675447e+00,0.1069,tile_30.8740_29.2470,moisture_differential
30.893292,29.252198,2.402917e+00,0.0404,tile_30.8740_29.2470,moisture_differential
30.893396,29.252198,2.633132e+00,0.0966,tile_30.8740_29.2470,moisture_differential
30.897451999999998,29.252198,2.369637e+00,0.0323,tile_30.8740_29.2470,moisture_differential
30.903275999999998,29.252198,2.295765e+00,0.0143,tile_30.8740_29.2470,moisture_differential
30.90338,29.252198,2.415747e+00,0.0435,tile_30.8740_29.2470,moisture_differential
30.903484,29.252198,2.692902e+00,0.1111,tile_30.8740_29.2470,moisture_differential
30.903588,29.252198,2.396367e+00,0.0388,tile_30.8740_29.2470,moisture_differential
30.903692,29.252198,2.492060e+00,0.0621,tile_30.8740_29.2470,moisture_differential
30.903796,29.252198,2.842546e+00,0.1476,tile_30.8740_29.2470,moisture_differential
30.912219999999998,29.252198,2.448139e+00,0.0514,tile_30.8740_29.2470,moisture_differential
30.912323999999998,29.252198,2.369738e+00,0.0323,tile_30.8740_29.2470,moisture_differential
30.917108,29.252198,2.600154e+00,0.0885,tile_30.8740_29.2470,moisture_differential
30.917939999999998,29.252198,2.418394e+00,0.0442,tile_30.8740_29.2470,moisture_differential
30.876132,29.252106,2.448005e+00,0.0514,tile_30.8740_29.2470,moisture_differential
30.876236,29.252106,2.459024e+00,0.0541,tile_30.8740_29.2470,moisture_differential
30.880395999999998,29.252106,2.439497e+00,0.0493,tile_30.8740_29.2470,moisture_differential
30.882579999999997,29.252106,2.352488e+00,0.0281,tile_30.8740_29.2470,moisture_differential
30.884763999999997,29.252106,2.668139e+00,0.1051,tile_30.8740_29.2470,moisture_differential
30.884867999999997,29.252106,2.372104e+00,0.0329,tile_30.8740_29.2470,moisture_differential
30.888299999999997,29.252106,2.336181e+00,0.0241,tile_30.8740_29.2470,moisture_differential
30.892875999999998,29.252106,2.298730e+00,0.0150,tile_30.8740_29.2470,moisture_differential
30.893292,29.252106,2.370751e+00,0.0325,tile_30.8740_29.2470,moisture_differential
30.893396,29.252106,2.443474e+00,0.0503,tile_30.8740_29.2470,moisture_differential
30.902236,29.252106,2.414861e+00,0.0433,tile_30.8740_29.2470,moisture_differential
30.903484,29.252106,2.355259e+00,0.0288,tile_30.8740_29.2470,moisture_differential
30.903588,29.252106,2.717353e+00,0.1171,tile_30.8740_29.2470,moisture_differential
30.903692,29.252106,2.376546e+00,0.0340,tile_30.8740_29.2470,moisture_differential
30.903796,29.252106,2.256572e+00,0.0047,tile_30.8740_29.2470,moisture_differential
30.905355999999998,29.252106,2.412996e+00,0.0429,tile_30.8740_29.2470,moisture_differential
30.910971999999997,29.252106,2.299526e+00,0.0152,tile_30.8740_29.2470,moisture_differential
30.912219999999998,29.252106,2.678310e+00,0.1076,tile_30.8740_29.2470,moisture_differential
30.912323999999998,29.252106,2.375425e+00,0.0337,tile_30.8740_29.2470,moisture_differential
30.88466,29.252014,2.243136e+00,0.0014,tile_30.8740_29.2470,moisture_differential
30.884763999999997,29.252014,2.393441e+00,0.0381,tile_30.8740_29.2470,moisture_differential
30.888195999999997,29.252014,2.303646e+00,0.0162,tile_30.8740_29.2470,moisture_differential
30.902236,29.252014,2.508218e+00,0.0661,tile_30.8740_29.2470,moisture_differential
30.902652,29.252014,2.332059e+00,0.0231,tile_30.8740_29.2470,moisture_differential
30.902756,29.252014,2.347453e+00,0.0269,tile_30.8740_29.2470,moisture_differential
30.90338,29.252014,2.431884e+00,0.0475,tile_30.8740_29.2470,moisture_differential
30.905564,29.252014,2.247250e+00,0.0024,tile_30.8740_29.2470,moisture_differential
30.911075999999998,29.252014,3.052580e+00,0.1989,tile_30.8740_29.2470,moisture_differential
30.911179999999998,29.252014,2.438257e+00,0.0490,tile_30.8740_29.2470,moisture_differential
30.880395999999998,29.251922,2.641487e+00,0.0986,tile_30.8740_29.2470,moisture_differential
30.880708,29.251922,2.332942e+00,0.0233,tile_30.8740_29.2470,moisture_differential
30.881956,29.251922,2.373698e+00,0.0333,tile_30.8740_29.2470,moisture_differential
30.884763999999997,29.251922,2.652161e+00,0.1012,tile_30.8740_29.2470,moisture_differential
30.884867999999997,29.251922,2.636657e+00,0.0974,tile_30.8740_29.2470,moisture_differential
30.891108,29.251922,2.270744e+00,0.0081,tile_30.8740_29.2470,moisture_differential
30.902548,29.251922,2.379216e+00,0.0346,tile_30.8740_29.2470,moisture_differential
30.909516,29.251922,2.632345e+00,0.0964,tile_30.8740_29.2470,moisture_differential
30.909619999999997,29.251922,2.359004e+00,0.0297,tile_30.8740_29.2470,moisture_differential
30.91014,29.251922,2.376110e+00,0.0339,tile_30.8740_29.2470,moisture_differential
30.910971999999997,29.251922,2.769805e+00,0.1299,tile_30.8740_29.2470,moisture_differential
30.911075999999998,29.251922,3.258079e+00,0.2490,tile_30.8740_29.2470,moisture_differential
30.911179999999998,29.251922,2.808914e+00,0.1394,tile_30.8740_29.2470,moisture_differential
30.878836,29.251829999999998,2.467113e+00,0.0561,tile_30.8740_29.2470,moisture_differential
30.87894,29.251829999999998,2.606273e+00,0.0900,tile_30.8740_29.2470,moisture_differential
30.880395999999998,29.251829999999998,2.269282e+00,0.0078,tile_30.8740_29.2470,moisture_differential
30.880603999999998,29.251829999999998,2.317875e+00,0.0196,tile_30.8740_29.2470,moisture_differential
30.884763999999997,29.251829999999998,2.661870e+00,0.1036,tile_30.8740_29.2470,moisture_differential
30.891108,29.251829999999998,2.310556e+00,0.0179,tile_30.8740_29.2470,moisture_differential
30.892044,29.251829999999998,2.398740e+00,0.0394,tile_30.8740_29.2470,moisture_differential
30.893604,29.251829999999998,3.137248e+00,0.2195,tile_30.8740_29.2470,moisture_differential
30.893708,29.251829999999998,2.992071e+00,0.1841,tile_30.8740_29.2470,moisture_differential
30.894955999999997,29.251829999999998,2.474119e+00,0.0578,tile_30.8740_29.2470,moisture_differential
30.895476,29.251829999999998,2.245188e+00,0.0019,tile_30.8740_29.2470,moisture_differential
30.896828,29.251829999999998,3.084117e+00,0.2066,tile_30.8740_29.2470,moisture_differential
30.902444,29.251829999999998,2.347353e+00,0.0268,tile_30.8740_29.2470,moisture_differential
30.902652,29.251829999999998,2.435875e+00,0.0484,tile_30.8740_29.2470,moisture_differential
30.909412,29.251829999999998,2.354616e+00,0.0286,tile_30.8740_29.2470,moisture_differential
30.909516,29.251829999999998,2.398494e+00,0.0393,tile_30.8740_29.2470,moisture_differential
30.909619999999997,29.251829999999998,2.734182e+00,0.1212,tile_30.8740_29.2470,moisture_differential
30.909723999999997,29.251829999999998,2.504516e+00,0.0652,tile_30.8740_29.2470,moisture_differential
30.911075999999998,29.251829999999998,2.602685e+00,0.0891,tile_30.8740_29.2470,moisture_differential
30.911179999999998,29.251829999999998,2.544984e+00,0.0750,tile_30.8740_29.2470,moisture_differential
30.878836,29.251738,2.759697e+00,0.1274,tile_30.8740_29.2470,moisture_differential
30.87894,29.251738,2.788766e+00,0.1345,tile_30.8740_29.2470,moisture_differential
30.880395999999998,29.251738,2.280355e+00,0.0105,tile_30.8740_29.2470,moisture_differential
30.884763999999997,29.251738,2.470861e+00,0.0570,tile_30.8740_29.2470,moisture_differential
30.884867999999997,29.251738,2.629555e+00,0.0957,tile_30.8740_29.2470,moisture_differential
30.890691999999998,29.251738,2.275108e+00,0.0092,tile_30.8740_29.2470,moisture_differential
30.891939999999998,29.251738,2.878232e+00,0.1563,tile_30.8740_29.2470,moisture_differential
30.892044,29.251738,2.477940e+00,0.0587,tile_30.8740_29.2470,moisture_differential
30.893604,29.251738,2.876721e+00,0.1560,tile_30.8740_29.2470,moisture_differential
30.893708,29.251738,3.134572e+00,0.2189,tile_30.8740_29.2470,moisture_differential
30.896724,29.251738,3.227960e+00,0.2417,tile_30.8740_29.2470,moisture_differential
30.896828,29.251738,4.283004e+00,0.4990,tile_30.8740_29.2470,moisture_differential
30.896932,29.251738,5.374919e+00,0.7654,tile_30.8740_29.2470,moisture_differential
30.897036,29.251738,3.227792e+00,0.2416,tile_30.8740_29.2470,moisture_differential
30.901612,29.251738,2.333362e+00,0.0234,tile_30.8740_29.2470,moisture_differential
30.902548,29.251738,2.297464e+00,0.0147,tile_30.8740_29.2470,moisture_differential
30.902652,29.251738,2.648898e+00,0.1004,tile_30.8740_29.2470,moisture_differential
30.902756,29.251738,2.361996e+00,0.0304,tile_30.8740_29.2470,moisture_differential
30.908996,29.251738,2.302296e+00,0.0158,tile_30.8740_29.2470,moisture_differential
30.909412,29.251738,2.711422e+00,0.1157,tile_30.8740_29.2470,moisture_differential
30.909619999999997,29.251738,2.299387e+00,0.0151,tile_30.8740_29.2470,moisture_differential
30.910971999999997,29.251738,2.575810e+00,0.0826,tile_30.8740_29.2470,moisture_differential
30.911075999999998,29.251738,2.560208e+00,0.0788,tile_30.8740_29.2470,moisture_differential
30.911179999999998,29.251738,2.512195e+00,0.0671,tile_30.8740_29.2470,moisture_differential
30.912428,29.251738,2.257521e+00,0.0049,tile_30.8740_29.2470,moisture_differential
30.917731999999997,29.251738,2.435477e+00,0.0483,tile_30.8740_29.2470,moisture_differential
30.918148,29.251738,2.248437e+00,0.0027,tile_30.8740_29.2470,moisture_differential
30.918252,29.251738,2.324318e+00,0.0212,tile_30.8740_29.2470,moisture_differential
30.880291999999997,29.251646,2.315622e+00,0.0191,tile_30.8740_29.2470,moisture_differential
30.880395999999998,29.251646,2.298845e+00,0.0150,tile_30.8740_29.2470,moisture_differential
30.880603999999998,29.251646,2.344722e+00,0.0262,tile_30.8740_29.2470,moisture_differential
30.88466,29.251646,2.667202e+00,0.1049,tile_30.8740_29.2470,moisture_differential
30.884763999999997,29.251646,3.029878e+00,0.1933,tile_30.8740_29.2470,moisture_differential
30.884867999999997,29.251646,2.945265e+00,0.1727,tile_30.8740_29.2470,moisture_differential
30.889964,29.251646,2.480789e+00,0.0594,tile_30.8740_29.2470,moisture_differential
30.890483999999997,29.251646,2.250285e+00,0.0032,tile_30.8740_29.2470,moisture_differential
30.891939999999998,29.251646,2.386486e+00,0.0364,tile_30.8740_29.2470,moisture_differential
30.892044,29.251646,2.501557e+00,0.0645,tile_30.8740_29.2470,moisture_differential
30.892148,29.251646,2.255885e+00,0.0045,tile_30.8740_29.2470,moisture_differential
30.893708,29.251646,2.361212e+00,0.0302,tile_30.8740_29.2470,moisture_differential
30.896099999999997,29.251646,2.481784e+00,0.0596,tile_30.8740_29.2470,moisture_differential
30.896203999999997,29.251646,2.300290e+00,0.0154,tile_30.8740_29.2470,moisture_differential
30.896307999999998,29.251646,2.349197e+00,0.0273,tile_30.8740_29.2470,moisture_differential
30.896516,29.251646,2.527401e+00,0.0708,tile_30.8740_29.2470,moisture_differential
30.896724,29.251646,4.853291e+00,0.6381,tile_30.8740_29.2470,moisture_differential
30.896828,29.251646,5.545281e+00,0.8070,tile_30.8740_29.2470,moisture_differential
30.896932,29.251646,5.297976e+00,0.7466,tile_30.8740_29.2470,moisture_differential
30.897036,29.251646,3.436564e+00,0.2925,tile_30.8740_29.2470,moisture_differential
30.90234,29.251646,2.298205e+00,0.0148,tile_30.8740_29.2470,moisture_differential
30.902548,29.251646,2.777812e+00,0.1318,tile_30.8740_29.2470,moisture_differential
30.902652,29.251646,2.547228e+00,0.0756,tile_30.8740_29.2470,moisture_differential
30.902756,29.251646,2.454872e+00,0.0531,tile_30.8740_29.2470,moisture_differential
30.90338,29.251646,2.303779e+00,0.0162,tile_30.8740_29.2470,moisture_differential
30.903484,29.251646,2.452545e+00,0.0525,tile_30.8740_29.2470,moisture_differential
30.904628,29.251646,2.238143e+00,0.0002,tile_30.8740_29.2470,moisture_differential
30.910971999999997,29.251646,3.059738e+00,0.2006,tile_30.8740_29.2470,moisture_differential
30.914611999999998,29.251646,2.463476e+00,0.0552,tile_30.8740_29.2470,moisture_differential
30.917627999999997,29.251646,2.351154e+00,0.0278,tile_30.8740_29.2470,moisture_differential
30.917731999999997,29.251646,2.479309e+00,0.0590,tile_30.8740_29.2470,moisture_differential
30.920436,29.251646,2.316787e+00,0.0194,tile_30.8740_29.2470,moisture_differential
30.882683999999998,29.251554,2.383441e+00,0.0356,tile_30.8740_29.2470,moisture_differential
30.882787999999998,29.251554,2.341168e+00,0.0253,tile_30.8740_29.2470,moisture_differential
30.88466,29.251554,2.897572e+00,0.1611,tile_30.8740_29.2470,moisture_differential
30.884763999999997,29.251554,2.423343e+00,0.0454,tile_30.8740_29.2470,moisture_differential
30.884971999999998,29.251554,2.342751e+00,0.0257,tile_30.8740_29.2470,moisture_differential
30.889964,29.251554,2.249531e+00,0.0030,tile_30.8740_29.2470,moisture_differential
30.890068,29.251554,2.476684e+00,0.0584,tile_30.8740_29.2470,moisture_differential
30.891523999999997,29.251554,2.379956e+00,0.0348,tile_30.8740_29.2470,moisture_differential
30.896099999999997,29.251554,2.716848e+00,0.1170,tile_30.8740_29.2470,moisture_differential
30.896203999999997,29.251554,2.695708e+00,0.1118,tile_30.8740_29.2470,moisture_differential
30.896307999999998,29.251554,2.451821e+00,0.0523,tile_30.8740_29.2470,moisture_differential
30.896516,29.251554,2.693201e+00,0.1112,tile_30.8740_29.2470,moisture_differential
30.89662,29.251554,2.546135e+00,0.0753,tile_30.8740_29.2470,moisture_differential
30.896724,29.251554,5.288196e+00,0.7442,tile_30.8740_29.2470,moisture_differential
30.896828,29.251554,5.704555e+00,0.8458,tile_30.8740_29.2470,moisture_differential
30.896932,29.251554,4.724364e+00,0.6067,tile_30.8740_29.2470,moisture_differential
30.897036,29.251554,2.318312e+00,0.0198,tile_30.8740_29.2470,moisture_differential
30.902548,29.251554,2.633076e+00,0.0965,tile_30.8740_29.2470,moisture_differential
30.903067999999998,29.251554,2.357943e+00,0.0294,tile_30.8740_29.2470,moisture_differential
30.903171999999998,29.251554,2.558205e+00,0.0783,tile_30.8740_29.2470,moisture_differential
30.90338,29.251554,2.373885e+00,0.0333,tile_30.8740_29.2470,moisture_differential
30.903484,29.251554,2.896361e+00,0.1608,tile_30.8740_29.2470,moisture_differential
30.905564,29.251554,2.383681e+00,0.0357,tile_30.8740_29.2470,moisture_differential
30.91378,29.251554,2.643224e+00,0.0990,tile_30.8740_29.2470,moisture_differential
30.880395999999998,29.251462,2.266076e+00,0.0070,tile_30.8740_29.2470,moisture_differential
30.88414,29.251462,2.786479e+00,0.1340,tile_30.8740_29.2470,moisture_differential
30.884763999999997,29.251462,2.471350e+00,0.0571,tile_30.8740_29.2470,moisture_differential
30.884867999999997,29.251462,2.704590e+00,0.1140,tile_30.8740_29.2470,moisture_differential
30.889028,29.251462,2.430880e+00,0.0472,tile_30.8740_29.2470,moisture_differential
30.896724,29.251462,4.912872e+00,0.6527,tile_30.8740_29.2470,moisture_differential
30.896828,29.251462,5.160823e+00,0.7132,tile_30.8740_29.2470,moisture_differential
30.896932,29.251462,2.508244e+00,0.0661,tile_30.8740_29.2470,moisture_differential
30.899843999999998,29.251462,2.704374e+00,0.1139,tile_30.8740_29.2470,moisture_differential
30.900883999999998,29.251462,3.207088e+00,0.2366,tile_30.8740_29.2470,moisture_differential
30.902444,29.251462,2.601175e+00,0.0888,tile_30.8740_29.2470,moisture_differential
30.902548,29.251462,2.394259e+00,0.0383,tile_30.8740_29.2470,moisture_differential
30.903171999999998,29.251462,2.298208e+00,0.0148,tile_30.8740_29.2470,moisture_differential
30.903484,29.251462,2.289320e+00,0.0127,tile_30.8740_29.2470,moisture_differential
30.9039,29.251462,2.394877e+00,0.0384,tile_30.8740_29.2470,moisture_differential
30.910035999999998,29.251462,2.467337e+00,0.0561,tile_30.8740_29.2470,moisture_differential
30.910971999999997,29.251462,2.321270e+00,0.0205,tile_30.8740_29.2470,moisture_differential
30.913259999999998,29.251462,2.246659e+00,0.0023,tile_30.8740_29.2470,moisture_differential
30.91586,29.251462,2.332666e+00,0.0233,tile_30.8740_29.2470,moisture_differential
30.915964,29.251462,2.317059e+00,0.0194,tile_30.8740_29.2470,moisture_differential
30.917627999999997,29.251462,2.299389e+00,0.0151,tile_30.8740_29.2470,moisture_differential
30.917731999999997,29.251462,2.774082e+00,0.1309,tile_30.8740_29.2470,moisture_differential
30.87738,29.25137,2.248150e+00,0.0026,tile_30.8740_29.2470,moisture_differential
30.88414,29.25137,2.571830e+00,0.0816,tile_30.8740_29.2470,moisture_differential
30.884244,29.25137,2.361506e+00,0.0303,tile_30.8740_29.2470,moisture_differential
30.884763999999997,29.25137,2.676201e+00,0.1071,tile_30.8740_29.2470,moisture_differential
30.884867999999997,29.25137,2.289607e+00,0.0128,tile_30.8740_29.2470,moisture_differential
30.893292,29.25137,2.260222e+00,0.0056,tile_30.8740_29.2470,moisture_differential
30.896828,29.25137,2.929129e+00,0.1688,tile_30.8740_29.2470,moisture_differential
30.896932,29.25137,2.653473e+00,0.1015,tile_30.8740_29.2470,moisture_differential
30.899843999999998,29.25137,2.273827e+00,0.0089,tile_30.8740_29.2470,moisture_differential
30.900779999999997,29.25137,2.866885e+00,0.1536,tile_30.8740_29.2470,moisture_differential
30.900883999999998,29.25137,4.986582e+00,0.6707,tile_30.8740_29.2470,moisture_differential
30.90234,29.25137,2.366862e+00,0.0316,tile_30.8740_29.2470,moisture_differential
30.902444,29.25137,2.904374e+00,0.1627,tile_30.8740_29.2470,moisture_differential
30.902548,29.25137,2.305556e+00,0.0166,tile_30.8740_29.2470,moisture_differential
30.910035999999998,29.25137,2.287198e+00,0.0122,tile_30.8740_29.2470,moisture_differential
30.910971999999997,29.25137,2.305210e+00,0.0166,tile_30.8740_29.2470,moisture_differential
30.917627999999997,29.25137,2.500878e+00,0.0643,tile_30.8740_29.2470,moisture_differential
30.917731999999997,29.25137,2.710882e+00,0.1155,tile_30.8740_29.2470,moisture_differential
30.88414,29.251278,2.288142e+00,0.0124,tile_30.8740_29.2470,moisture_differential
30.884244,29.251278,2.445468e+00,0.0508,tile_30.8740_29.2470,moisture_differential
30.890172,29.251278,2.274583e+00,0.0091,tile_30.8740_29.2470,moisture_differential
30.891108,29.251278,2.307596e+00,0.0171,tile_30.8740_29.2470,moisture_differential
30.892252,29.251278,2.304959e+00,0.0165,tile_30.8740_29.2470,moisture_differential
30.893292,29.251278,2.270123e+00,0.0080,tile_30.8740_29.2470,moisture_differential
30.900779999999997,29.251278,3.801043e+00,0.3815,tile_30.8740_29.2470,moisture_differential
30.900883999999998,29.251278,5.099418e+00,0.6982,tile_30.8740_29.2470,moisture_differential
30.910035999999998,29.251278,2.538197e+00,0.0734,tile_30.8740_29.2470,moisture_differential
30.913467999999998,29.251278,2.353574e+00,0.0284,tile_30.8740_29.2470,moisture_differential
30.913572,29.251278,2.356498e+00,0.0291,tile_30.8740_29.2470,moisture_differential
30.917316,29.251278,2.263034e+00,0.0063,tile_30.8740_29.2470,moisture_differential
30.917627999999997,29.251278,3.145065e+00,0.2214,tile_30.8740_29.2470,moisture_differential
30.917731999999997,29.251278,2.864549e+00,0.1530,tile_30.8740_29.2470,moisture_differential
30.92522,29.251278,2.240646e+00,0.0008,tile_30.8740_29.2470,moisture_differential
30.925428,29.251278,2.426006e+00,0.0460,tile_30.8740_29.2470,moisture_differential
30.874468,29.251186,2.353389e+00,0.0283,tile_30.8740_29.2470,moisture_differential
30.876132,29.251186,2.247709e+00,0.0025,tile_30.8740_29.2470,moisture_differential
30.876236,29.251186,2.295255e+00,0.0141,tile_30.8740_29.2470,moisture_differential
30.891731999999998,29.251186,2.431341e+00,0.0473,tile_30.8740_29.2470,moisture_differential
30.892252,29.251186,2.626320e+00,0.0949,tile_30.8740_29.2470,moisture_differential
30.893292,29.251186,2.606924e+00,0.0902,tile_30.8740_29.2470,moisture_differential
30.900779999999997,29.251186,2.607660e+00,0.0903,tile_30.8740_29.2470,moisture_differential
30.900883999999998,29.251186,4.708828e+00,0.6029,tile_30.8740_29.2470,moisture_differential
30.913572,29.251186,2.417643e+00,0.0440,tile_30.8740_29.2470,moisture_differential
30.915443999999997,29.251186,2.352660e+00,0.0281,tile_30.8740_29.2470,moisture_differential
30.915547999999998,29.251186,2.572412e+00,0.0817,tile_30.8740_29.2470,moisture_differential
30.915651999999998,29.251186,2.343266e+00,0.0258,tile_30.8740_29.2470,moisture_differential
30.91586,29.251186,2.379146e+00,0.0346,tile_30.8740_29.2470,moisture_differential
30.91742,29.251186,2.422972e+00,0.0453,tile_30.8740_29.2470,moisture_differential
30.917523999999997,29.251186,2.628441e+00,0.0954,tile_30.8740_29.2470,moisture_differential
30.917627999999997,29.251186,3.354508e+00,0.2725,tile_30.8740_29.2470,moisture_differential
30.917731999999997,29.251186,2.903293e+00,0.1625,tile_30.8740_29.2470,moisture_differential
30.874675999999997,29.251094,2.395987e+00,0.0387,tile_30.8740_29.2470,moisture_differential
30.875092,29.251094,2.605370e+00,0.0898,tile_30.8740_29.2470,moisture_differential
30.880084,29.251094,2.246226e+00,0.0022,tile_30.8740_29.2470,moisture_differential
30.884763999999997,29.251094,2.439706e+00,0.0494,tile_30.8740_29.2470,moisture_differential
30.884867999999997,29.251094,3.064759e+00,0.2018,tile_30.8740_29.2470,moisture_differential
30.884971999999998,29.251094,2.521297e+00,0.0693,tile_30.8740_29.2470,moisture_differential
30.887676,29.251094,2.459277e+00,0.0541,tile_30.8740_29.2470,moisture_differential
30.88778,29.251094,2.580409e+00,0.0837,tile_30.8740_29.2470,moisture_differential
30.891731999999998,29.251094,2.363635e+00,0.0308,tile_30.8740_29.2470,moisture_differential
30.891835999999998,29.251094,2.457783e+00,0.0538,tile_30.8740_29.2470,moisture_differential
30.891939999999998,29.251094,2.478602e+00,0.0589,tile_30.8740_29.2470,moisture_differential
30.892356,29.251094,2.416080e+00,0.0436,tile_30.8740_29.2470,moisture_differential
30.898908,29.251094,3.066320e+00,0.2022,tile_30.8740_29.2470,moisture_differential
30.900883999999998,29.251094,2.396031e+00,0.0387,tile_30.8740_29.2470,moisture_differential
30.901092,29.251094,2.329086e+00,0.0224,tile_30.8740_29.2470,moisture_differential
30.902963999999997,29.251094,2.462219e+00,0.0549,tile_30.8740_29.2470,moisture_differential
30.915547999999998,29.251094,2.384835e+00,0.0360,tile_30.8740_29.2470,moisture_differential
30.915651999999998,29.251094,2.615683e+00,0.0923,tile_30.8740_29.2470,moisture_differential
30.915756,29.251094,2.879275e+00,0.1566,tile_30.8740_29.2470,moisture_differential
30.91586,29.251094,2.895100e+00,0.1605,tile_30.8740_29.2470,moisture_differential
30.915964,29.251094,2.762975e+00,0.1282,tile_30.8740_29.2470,moisture_differential
30.916587999999997,29.251094,2.855053e+00,0.1507,tile_30.8740_29.2470,moisture_differential
30.917523999999997,29.251094,2.743733e+00,0.1235,tile_30.8740_29.2470,moisture_differential
30.917627999999997,29.251094,3.119697e+00,0.2152,tile_30.8740_29.2470,moisture_differential
30.92054,29.251094,2.290545e+00,0.0130,tile_30.8740_29.2470,moisture_differential
30.874988,29.251002,2.504986e+00,0.0653,tile_30.8740_29.2470,moisture_differential
30.875092,29.251002,2.657284e+00,0.1024,tile_30.8740_29.2470,moisture_differential
30.875196,29.251002,2.516383e+00,0.0681,tile_30.8740_29.2470,moisture_differential
30.884556,29.251002,2.243774e+00,0.0016,tile_30.8740_29.2470,moisture_differential
30.88466,29.251002,2.313925e+00,0.0187,tile_30.8740_29.2470,moisture_differential
30.884763999999997,29.251002,2.260696e+00,0.0057,tile_30.8740_29.2470,moisture_differential
30.884867999999997,29.251002,2.586290e+00,0.0851,tile_30.8740_29.2470,moisture_differential
30.884971999999998,29.251002,2.274109e+00,0.0090,tile_30.8740_29.2470,moisture_differential
30.88778,29.251002,2.375237e+00,0.0336,tile_30.8740_29.2470,moisture_differential
30.891627999999997,29.251002,2.306987e+00,0.0170,tile_30.8740_29.2470,moisture_differential
30.8935,29.251002,2.640481e+00,0.0983,tile_30.8740_29.2470,moisture_differential
30.893915999999997,29.251002,2.530997e+00,0.0716,tile_30.8740_29.2470,moisture_differential
30.898699999999998,29.251002,3.479615e+00,0.3030,tile_30.8740_29.2470,moisture_differential
30.898804,29.251002,3.888135e+00,0.4027,tile_30.8740_29.2470,moisture_differential
30.898908,29.251002,4.691528e+00,0.5987,tile_30.8740_29.2470,moisture_differential
30.899012,29.251002,2.723612e+00,0.1186,tile_30.8740_29.2470,moisture_differential
30.900156,29.251002,2.399999e+00,0.0397,tile_30.8740_29.2470,moisture_differential
30.90026,29.251002,3.330003e+00,0.2666,tile_30.8740_29.2470,moisture_differential
30.900364,29.251002,3.615853e+00,0.3363,tile_30.8740_29.2470,moisture_differential
30.900468,29.251002,2.785335e+00,0.1337,tile_30.8740_29.2470,moisture_differential
30.903067999999998,29.251002,2.432036e+00,0.0475,tile_30.8740_29.2470,moisture_differential
30.914924,29.251002,2.283113e+00,0.0112,tile_30.8740_29.2470,moisture_differential
30.915756,29.251002,3.177763e+00,0.2294,tile_30.8740_29.2470,moisture_differential
30.91586,29.251002,2.701699e+00,0.1133,tile_30.8740_29.2470,moisture_differential
30.915964,29.251002,2.605280e+00,0.0898,tile_30.8740_29.2470,moisture_differential
30.916483999999997,29.251002,2.386957e+00,0.0365,tile_30.8740_29.2470,moisture_differential
30.916587999999997,29.251002,2.442208e+00,0.0500,tile_30.8740_29.2470,moisture_differential
30.874988,29.25091,2.689361e+00,0.1103,tile_30.8740_29.2470,moisture_differential
30.875092,29.25091,2.606987e+00,0.0902,tile_30.8740_29.2470,moisture_differential
30.875196,29.25091,2.315542e+00,0.0191,tile_30.8740_29.2470,moisture_differential
30.893604,29.25091,2.385948e+00,0.0363,tile_30.8740_29.2470,moisture_differential
30.893708,29.25091,2.600283e+00,0.0885,tile_30.8740_29.2470,moisture_differential
30.898491999999997,29.25091,2.509615e+00,0.0664,tile_30.8740_29.2470,moisture_differential
30.898595999999998,29.25091,2.532010e+00,0.0719,tile_30.8740_29.2470,moisture_differential
30.898699999999998,29.25091,4.824630e+00,0.6312,tile_30.8740_29.2470,moisture_differential
30.898804,29.25091,5.107227e+00,0.7001,tile_30.8740_29.2470,moisture_differential
30.898908,29.25091,4.970705e+00,0.6668,tile_30.8740_29.2470,moisture_differential
30.899012,29.25091,3.017781e+00,0.1904,tile_30.8740_29.2470,moisture_differential
30.899116,29.25091,2.519372e+00,0.0688,tile_30.8740_29.2470,moisture_differential
30.899324,29.25091,2.246655e+00,0.0023,tile_30.8740_29.2470,moisture_differential
30.900052,29.25091,3.147578e+00,0.2220,tile_30.8740_29.2470,moisture_differential
30.900156,29.25091,3.510619e+00,0.3106,tile_30.8740_29.2470,moisture_differential
30.90026,29.25091,4.863555e+00,0.6407,tile_30.8740_29.2470,moisture_differential
30.900364,29.25091,5.397470e+00,0.7709,tile_30.8740_29.2470,moisture_differential
30.900468,29.25091,4.003467e+00,0.4308,tile_30.8740_29.2470,moisture_differential
30.915547999999998,29.25091,2.357434e+00,0.0293,tile_30.8740_29.2470,moisture_differential
30.915651999999998,29.25091,2.318111e+00,0.0197,tile_30.8740_29.2470,moisture_differential
30.915756,29.25091,2.597289e+00,0.0878,tile_30.8740_29.2470,moisture_differential
30.91586,29.25091,2.505718e+00,0.0655,tile_30.8740_29.2470,moisture_differential
30.916483999999997,29.25091,2.978739e+00,0.1809,tile_30.8740_29.2470,moisture_differential
30.916587999999997,29.25091,2.406802e+00,0.0413,tile_30.8740_29.2470,moisture_differential
30.917212,29.25091,2.737362e+00,0.1220,tile_30.8740_29.2470,moisture_differential
30.917316,29.25091,2.609361e+00,0.0908,tile_30.8740_29.2470,moisture_differential
30.921476,29.25091,2.468244e+00,0.0563,tile_30.8740_29.2470,moisture_differential
30.874468,29.250818,2.740206e+00,0.1227,tile_30.8740_29.2470,moisture_differential
30.874571999999997,29.250818,2.274741e+00,0.0091,tile_30.8740_29.2470,moisture_differential
30.877484,29.250818,2.472748e+00,0.0574,tile_30.8740_29.2470,moisture_differential
30.877588,29.250818,2.728602e+00,0.1198,tile_30.8740_29.2470,moisture_differential
30.877692,29.250818,2.348344e+00,0.0271,tile_30.8740_29.2470,moisture_differential
30.898595999999998,29.250818,2.777523e+00,0.1318,tile_30.8740_29.2470,moisture_differential
30.898699999999998,29.250818,3.558254e+00,0.3222,tile_30.8740_29.2470,moisture_differential
30.898804,29.250818,5.247811e+00,0.7344,tile_30.8740_29.2470,moisture_differential
30.898908,29.250818,4.915193e+00,0.6533,tile_30.8740_29.2470,moisture_differential
30.899012,29.250818,4.230652e+00,0.4863,tile_30.8740_29.2470,moisture_differential
30.899116,29.250818,2.400939e+00,0.0399,tile_30.8740_29.2470,moisture_differential
30.900052,29.250818,3.760994e+00,0.3717,tile_30.8740_29.2470,moisture_differential
30.900156,29.250818,3.616553e+00,0.3365,tile_30.8740_29.2470,moisture_differential
30.90026,29.250818,4.753299e+00,0.6138,tile_30.8740_29.2470,moisture_differential
30.900364,29.250818,5.050741e+00,0.6863,tile_30.8740_29.2470,moisture_differential
30.900468,29.250818,3.964891e+00,0.4214,tile_30.8740_29.2470,moisture_differential
30.904211999999998,29.250818,2.262198e+00,0.0061,tile_30.8740_29.2470,moisture_differential
30.915547999999998,29.250818,3.237729e+00,0.2440,tile_30.8740_29.2470,moisture_differential
30.915651999999998,29.250818,3.049532e+00,0.1981,tile_30.8740_29.2470,moisture_differential
30.915756,29.250818,2.703698e+00,0.1138,tile_30.8740_29.2470,moisture_differential
30.91586,29.250818,2.461730e+00,0.0547,tile_30.8740_29.2470,moisture_differential
30.916483999999997,29.250818,2.410108e+00,0.0421,tile_30.8740_29.2470,moisture_differential
30.916587999999997,29.250818,2.648309e+00,0.1003,tile_30.8740_29.2470,moisture_differential
30.917108,29.250818,2.731744e+00,0.1206,tile_30.8740_29.2470,moisture_differential
30.917212,29.250818,2.967966e+00,0.1782,tile_30.8740_29.2470,moisture_differential
30.917316,29.250818,2.989796e+00,0.1836,tile_30.8740_29.2470,moisture_differential
30.877276,29.250726,3.886724e+00,0.4024,tile_30.8740_29.2470,moisture_differential
30.87738,29.250726,3.883180e+00,0.4015,tile_30.8740_29.2470,moisture_differential
30.877484,29.250726,3.401601e+00,0.2840,tile_30.8740_29.2470,moisture_differential
30.877588,29.250726,3.289075e+00,0.2566,tile_30.8740_29.2470,moisture_differential
30.881435999999997,29.250726,2.467659e+00,0.0562,tile_30.8740_29.2470,moisture_differential
30.898284,29.250726,2.482349e+00,0.0598,tile_30.8740_29.2470,moisture_differential
30.898699999999998,29.250726,2.697644e+00,0.1123,tile_30.8740_29.2470,moisture_differential
30.898804,29.250726,5.151031e+00,0.7108,tile_30.8740_29.2470,moisture_differential
30.898908,29.250726,2.984732e+00,0.1823,tile_30.8740_29.2470,moisture_differential
30.899012,29.250726,2.731406e+00,0.1205,tile_30.8740_29.2470,moisture_differential
30.899324,29.250726,2.519393e+00,0.0688,tile_30.8740_29.2470,moisture_differential
30.899948,29.250726,2.909891e+00,0.1641,tile_30.8740_29.2470,moisture_differential
30.900052,29.250726,3.864482e+00,0.3969,tile_30.8740_29.2470,moisture_differential
30.900156,29.250726,3.853569e+00,0.3943,tile_30.8740_29.2470,moisture_differential
30.90026,29.250726,4.493651e+00,0.5504,tile_30.8740_29.2470,moisture_differential
30.900364,29.250726,4.544796e+00,0.5629,tile_30.8740_29.2470,moisture_differential
30.900468,29.250726,3.789522e+00,0.3786,tile_30.8740_29.2470,moisture_differential
30.905876,29.250726,2.259389e+00,0.0054,tile_30.8740_29.2470,moisture_differential
30.915547999999998,29.250726,2.366746e+00,0.0316,tile_30.8740_29.2470,moisture_differential
30.915651999999998,29.250726,3.579252e+00,0.3274,tile_30.8740_29.2470,moisture_differential
30.915756,29.250726,2.990776e+00,0.1838,tile_30.8740_29.2470,moisture_differential
30.916587999999997,29.250726,2.631032e+00,0.0960,tile_30.8740_29.2470,moisture_differential
30.917004,29.250726,2.488722e+00,0.0613,tile_30.8740_29.2470,moisture_differential
30.917108,29.250726,3.046876e+00,0.1975,tile_30.8740_29.2470,moisture_differential
30.917212,29.250726,2.812129e+00,0.1402,tile_30.8740_29.2470,moisture_differential
30.917316,29.250726,2.539249e+00,0.0737,tile_30.8740_29.2470,moisture_differential
30.91742,29.250726,2.432688e+00,0.0477,tile_30.8740_29.2470,moisture_differential
30.874052,29.250634,2.749928e+00,0.1250,tile_30.8740_29.2470,moisture_differential
30.877171999999998,29.250634,2.493770e+00,0.0626,tile_30.8740_29.2470,moisture_differential
30.877276,29.250634,4.638009e+00,0.5856,tile_30.8740_29.2470,moisture_differential
30.87738,29.250634,4.923225e+00,0.6552,tile_30.8740_29.2470,moisture_differential
30.877484,29.250634,4.652664e+00,0.5892,tile_30.8740_29.2470,moisture_differential
30.877588,29.250634,2.987031e+00,0.1829,tile_30.8740_29.2470,moisture_differential
30.881435999999997,29.250634,2.532862e+00,0.0721,tile_30.8740_29.2470,moisture_differential
30.89246,29.250634,2.633812e+00,0.0967,tile_30.8740_29.2470,moisture_differential
30.898699999999998,29.250634,2.546537e+00,0.0754,tile_30.8740_29.2470,moisture_differential
30.898804,29.250634,2.630144e+00,0.0958,tile_30.8740_29.2470,moisture_differential
30.898908,29.250634,2.283782e+00,0.0113,tile_30.8740_29.2470,moisture_differential
30.89922,29.250634,3.123542e+00,0.2162,tile_30.8740_29.2470,moisture_differential
30.899324,29.250634,2.774011e+00,0.1309,tile_30.8740_29.2470,moisture_differential
30.899428,29.250634,2.257880e+00,0.0050,tile_30.8740_29.2470,moisture_differential
30.899948,29.250634,2.325615e+00,0.0215,tile_30.8740_29.2470,moisture_differential
30.900052,29.250634,3.185218e+00,0.2312,tile_30.8740_29.2470,moisture_differential
30.900156,29.250634,2.845265e+00,0.1483,tile_30.8740_29.2470,moisture_differential
30.90026,29.250634,2.887265e+00,0.1585,tile_30.8740_29.2470,moisture_differential
30.900364,29.250634,3.730724e+00,0.3643,tile_30.8740_29.2470,moisture_differential
30.900468,29.250634,4.037782e+00,0.4392,tile_30.8740_29.2470,moisture_differential
30.915756,29.250634,2.806317e+00,0.1388,tile_30.8740_29.2470,moisture_differential
30.91586,29.250634,2.954969e+00,0.1751,tile_30.8740_29.2470,moisture_differential
30.915964,29.250634,2.365511e+00,0.0313,tile_30.8740_29.2470,moisture_differential
30.916172,29.250634,2.592325e+00,0.0866,tile_30.8740_29.2470,moisture_differential
30.916276,29.250634,2.573192e+00,0.0819,tile_30.8740_29.2470,moisture_differential
30.917004,29.250634,2.827818e+00,0.1440,tile_30.8740_29.2470,moisture_differential
30.917108,29.250634,2.982555e+00,0.1818,tile_30.8740_29.2470,moisture_differential
30.917212,29.250634,2.610763e+00,0.0911,tile_30.8740_29.2470,moisture_differential
30.917316,29.250634,2.360467e+00,0.0300,tile_30.8740_29.2470,moisture_differential
30.877276,29.250542,3.334970e+00,0.2678,tile_30.8740_29.2470,moisture_differential
30.87738,29.250542,4.351934e+00,0.5158,tile_30.8740_29.2470,moisture_differential
30.877484,29.250542,4.374429e+00,0.5213,tile_30.8740_29.2470,moisture_differential
30.877588,29.250542,3.765599e+00,0.3728,tile_30.8740_29.2470,moisture_differential
30.881435999999997,29.250542,2.434378e+00,0.0481,tile_30.8740_29.2470,moisture_differential
30.89818,29.250542,2.675720e+00,0.1069,tile_30.8740_29.2470,moisture_differential
30.898284,29.250542,2.500851e+00,0.0643,tile_30.8740_29.2470,moisture_differential
30.898595999999998,29.250542,2.766792e+00,0.1292,tile_30.8740_29.2470,moisture_differential
30.898699999999998,29.250542,3.732652e+00,0.3648,tile_30.8740_29.2470,moisture_differential
30.898804,29.250542,3.690248e+00,0.3544,tile_30.8740_29.2470,moisture_differential
30.898908,29.250542,3.288241e+00,0.2564,tile_30.8740_29.2470,moisture_differential
30.899116,29.250542,4.111546e+00,0.4572,tile_30.8740_29.2470,moisture_differential
30.89922,29.250542,3.930098e+00,0.4129,tile_30.8740_29.2470,moisture_differential
30.899324,29.250542,3.579281e+00,0.3274,tile_30.8740_29.2470,moisture_differential
30.899428,29.250542,2.877523e+00,0.1562,tile_30.8740_29.2470,moisture_differential
30.90338,29.250542,2.309450e+00,0.0176,tile_30.8740_29.2470,moisture_differential
30.913467999999998,29.250542,2.263845e+00,0.0065,tile_30.8740_29.2470,moisture_differential
30.915756,29.250542,2.434657e+00,0.0481,tile_30.8740_29.2470,moisture_differential
30.91586,29.250542,2.711582e+00,0.1157,tile_30.8740_29.2470,moisture_differential
30.915964,29.250542,2.882815e+00,0.1575,tile_30.8740_29.2470,moisture_differential
30.916172,29.250542,2.692362e+00,0.1110,tile_30.8740_29.2470,moisture_differential
30.916276,29.250542,2.483026e+00,0.0599,tile_30.8740_29.2470,moisture_differential
30.917004,29.250542,2.528308e+00,0.0710,tile_30.8740_29.2470,moisture_differential
30.917108,29.250542,3.161664e+00,0.2255,tile_30.8740_29.2470,moisture_differential
30.876652,29.25045,2.244991e+00,0.0019,tile_30.8740_29.2470,moisture_differential
30.87738,29.25045,2.848435e+00,0.1491,tile_30.8740_29.2470,moisture_differential
30.877484,29.25045,2.822288e+00,0.1427,tile_30.8740_29.2470,moisture_differential
30.880084,29.25045,2.403213e+00,0.0405,tile_30.8740_29.2470,moisture_differential
30.887572,29.25045,2.801917e+00,0.1377,tile_30.8740_29.2470,moisture_differential
30.887676,29.25045,2.322745e+00,0.0208,tile_30.8740_29.2470,moisture_differential
30.892356,29.25045,2.330681e+00,0.0228,tile_30.8740_29.2470,moisture_differential
30.895267999999998,29.25045,3.621798e+00,0.3377,tile_30.8740_29.2470,moisture_differential
30.895372,29.25045,4.231030e+00,0.4864,tile_30.8740_29.2470,moisture_differential
30.895476,29.25045,4.337622e+00,0.5124,tile_30.8740_29.2470,moisture_differential
30.89558,29.25045,3.723192e+00,0.3625,tile_30.8740_29.2470,moisture_differential
30.895684,29.25045,2.495462e+00,0.0630,tile_30.8740_29.2470,moisture_differential
30.898284,29.25045,2.501749e+00,0.0645,tile_30.8740_29.2470,moisture_differential
30.898595999999998,29.25045,3.011529e+00,0.1889,tile_30.8740_29.2470,moisture_differential
30.898699999999998,29.25045,3.896733e+00,0.4048,tile_30.8740_29.2470,moisture_differential
30.898804,29.25045,3.866448e+00,0.3974,tile_30.8740_29.2470,moisture_differential
30.898908,29.25045,3.322839e+00,0.2648,tile_30.8740_29.2470,moisture_differential
30.899116,29.25045,3.345356e+00,0.2703,tile_30.8740_29.2470,moisture_differential
30.89922,29.25045,3.646671e+00,0.3438,tile_30.8740_29.2470,moisture_differential
30.899324,29.25045,3.666939e+00,0.3487,tile_30.8740_29.2470,moisture_differential
30.899428,29.25045,3.002020e+00,0.1865,tile_30.8740_29.2470,moisture_differential
30.915964,29.25045,2.452734e+00,0.0525,tile_30.8740_29.2470,moisture_differential
30.916068,29.25045,2.629816e+00,0.0957,tile_30.8740_29.2470,moisture_differential
30.9169,29.25045,2.781957e+00,0.1329,tile_30.8740_29.2470,moisture_differential
30.917004,29.25045,2.728676e+00,0.1199,tile_30.8740_29.2470,moisture_differential
30.917108,29.25045,2.633475e+00,0.0966,tile_30.8740_29.2470,moisture_differential
30.874883999999998,29.250358,2.357006e+00,0.0292,tile_30.8740_29.2470,moisture_differential
30.876132,29.250358,2.366326e+00,0.0315,tile_30.8740_29.2470,moisture_differential
30.87998,29.250358,2.653148e+00,0.1014,tile_30.8740_29.2470,moisture_differential
30.880084,29.250358,2.511519e+00,0.0669,tile_30.8740_29.2470,moisture_differential
30.883516,29.250358,2.320926e+00,0.0204,tile_30.8740_29.2470,moisture_differential
30.895267999999998,29.250358,3.933755e+00,0.4138,tile_30.8740_29.2470,moisture_differential
30.895372,29.250358,4.295020e+00,0.5020,tile_30.8740_29.2470,moisture_differential
30.895476,29.250358,4.230488e+00,0.4862,tile_30.8740_29.2470,moisture_differential
30.89558,29.250358,4.121616e+00,0.4597,tile_30.8740_29.2470,moisture_differential
30.895684,29.250358,2.542172e+00,0.0744,tile_30.8740_29.2470,moisture_differential
30.898595999999998,29.250358,2.828831e+00,0.1443,tile_30.8740_29.2470,moisture_differential
30.898699999999998,29.250358,3.980311e+00,0.4252,tile_30.8740_29.2470,moisture_differential
30.898804,29.250358,3.768698e+00,0.3736,tile_30.8740_29.2470,moisture_differential
30.899116,29.250358,2.688807e+00,0.1101,tile_30.8740_29.2470,moisture_differential
30.89922,29.250358,3.065999e+00,0.2021,tile_30.8740_29.2470,moisture_differential
30.899324,29.250358,3.460189e+00,0.2983,tile_30.8740_29.2470,moisture_differential
30.899428,29.250358,2.570532e+00,0.0813,tile_30.8740_29.2470,moisture_differential
30.90338,29.250358,2.269298e+00,0.0078,tile_30.8740_29.2470,moisture_differential
30.909516,29.250358,2.457607e+00,0.0537,tile_30.8740_29.2470,moisture_differential
30.9169,29.250358,2.316811e+00,0.0194,tile_30.8740_29.2470,moisture_differential
30.917004,29.250358,3.390108e+00,0.2812,tile_30.8740_29.2470,moisture_differential
30.917108,29.250358,3.320629e+00,0.2643,tile_30.8740_29.2470,moisture_differential
30.917523999999997,29.250358,2.381494e+00,0.0352,tile_30.8740_29.2470,moisture_differential
30.876236,29.250266,2.256308e+00,0.0046,tile_30.8740_29.2470,moisture_differential
30.876548,29.250266,2.324687e+00,0.0213,tile_30.8740_29.2470,moisture_differential
30.879044,29.250266,2.778722e+00,0.1321,tile_30.8740_29.2470,moisture_differential
30.895267999999998,29.250266,3.840444e+00,0.3911,tile_30.8740_29.2470,moisture_differential
30.895372,29.250266,4.013164e+00,0.4332,tile_30.8740_29.2470,moisture_differential
30.895476,29.250266,4.091616e+00,0.4523,tile_30.8740_29.2470,moisture_differential
30.89558,29.250266,4.220306e+00,0.4837,tile_30.8740_29.2470,moisture_differential
30.895684,29.250266,2.396966e+00,0.0389,tile_30.8740_29.2470,moisture_differential
30.898804,29.250266,2.288277e+00,0.0124,tile_30.8740_29.2470,moisture_differential
30.899116,29.250266,2.340387e+00,0.0251,tile_30.8740_29.2470,moisture_differential
30.89922,29.250266,2.537804e+00,0.0733,tile_30.8740_29.2470,moisture_differential
30.899324,29.250266,2.351215e+00,0.0278,tile_30.8740_29.2470,moisture_differential
30.903171999999998,29.250266,2.313389e+00,0.0186,tile_30.8740_29.2470,moisture_differential
30.909827999999997,29.250266,2.406624e+00,0.0413,tile_30.8740_29.2470,moisture_differential
30.9169,29.250266,2.363081e+00,0.0307,tile_30.8740_29.2470,moisture_differential
30.917004,29.250266,2.991309e+00,0.1839,tile_30.8740_29.2470,moisture_differential
30.917108,29.250266,2.759288e+00,0.1273,tile_30.8740_29.2470,moisture_differential
30.87634,29.250174,2.508479e+00,0.0661,tile_30.8740_29.2470,moisture_differential
30.879459999999998,29.250174,2.263384e+00,0.0064,tile_30.8740_29.2470,moisture_differential
30.88986,29.250174,2.352381e+00,0.0281,tile_30.8740_29.2470,moisture_differential
30.895372,29.250174,3.125149e+00,0.2166,tile_30.8740_29.2470,moisture_differential
30.895476,29.250174,3.678775e+00,0.3516,tile_30.8740_29.2470,moisture_differential
30.89558,29.250174,3.151837e+00,0.2231,tile_30.8740_29.2470,moisture_differential
30.909827999999997,29.250174,2.513774e+00,0.0674,tile_30.8740_29.2470,moisture_differential
30.916691999999998,29.250174,2.468373e+00,0.0564,tile_30.8740_29.2470,moisture_differential
30.9169,29.250174,2.586155e+00,0.0851,tile_30.8740_29.2470,moisture_differential
30.917004,29.250174,2.668519e+00,0.1052,tile_30.8740_29.2470,moisture_differential
30.874571999999997,29.250082,2.844182e+00,0.1480,tile_30.8740_29.2470,moisture_differential
30.874675999999997,29.250082,2.367830e+00,0.0318,tile_30.8740_29.2470,moisture_differential
30.874883999999998,29.250082,2.364482e+00,0.0310,tile_30.8740_29.2470,moisture_differential
30.87634,29.250082,2.392938e+00,0.0380,tile_30.8740_29.2470,moisture_differential
30.877171999999998,29.250082,2.417811e+00,0.0440,tile_30.8740_29.2470,moisture_differential
30.884763999999997,29.250082,2.302630e+00,0.0159,tile_30.8740_29.2470,moisture_differential
30.884867999999997,29.250082,2.661630e+00,0.1035,tile_30.8740_29.2470,moisture_differential
30.889547999999998,29.250082,2.692198e+00,0.1110,tile_30.8740_29.2470,moisture_differential
30.889756,29.250082,2.654443e+00,0.1018,tile_30.8740_29.2470,moisture_differential
30.899116,29.250082,3.544776e+00,0.3189,tile_30.8740_29.2470,moisture_differential
30.89922,29.250082,3.984515e+00,0.4262,tile_30.8740_29.2470,moisture_differential
30.899324,29.250082,3.921415e+00,0.4108,tile_30.8740_29.2470,moisture_differential
30.916691999999998,29.250082,2.500692e+00,0.0642,tile_30.8740_29.2470,moisture_differential
30.920748,29.250082,2.285070e+00,0.0116,tile_30.8740_29.2470,moisture_differential
30.874571999999997,29.24999,2.327200e+00,0.0219,tile_30.8740_29.2470,moisture_differential
30.879772,29.24999,2.280677e+00,0.0106,tile_30.8740_29.2470,moisture_differential
30.884867999999997,29.24999,2.608073e+00,0.0904,tile_30.8740_29.2470,moisture_differential
30.885075999999998,29.24999,2.343967e+00,0.0260,tile_30.8740_29.2470,moisture_differential
30.889443999999997,29.24999,2.734328e+00,0.1212,tile_30.8740_29.2470,moisture_differential
30.889547999999998,29.24999,2.548182e+00,0.0758,tile_30.8740_29.2470,moisture_differential
30.897347999999997,29.24999,2.271772e+00,0.0084,tile_30.8740_29.2470,moisture_differential
30.899116,29.24999,3.636217e+00,0.3413,tile_30.8740_29.2470,moisture_differential
30.89922,29.24999,4.527875e+00,0.5588,tile_30.8740_29.2470,moisture_differential
30.899324,29.24999,4.403159e+00,0.5283,tile_30.8740_29.2470,moisture_differential
30.904107999999997,29.24999,2.471127e+00,0.0570,tile_30.8740_29.2470,moisture_differential
30.915236,29.24999,2.298963e+00,0.0150,tile_30.8740_29.2470,moisture_differential
30.916795999999998,29.24999,2.808253e+00,0.1393,tile_30.8740_29.2470,moisture_differential
30.874364,29.249897999999998,2.462459e+00,0.0549,tile_30.8740_29.2470,moisture_differential
30.881643999999998,29.249897999999998,2.260568e+00,0.0057,tile_30.8740_29.2470,moisture_differential
30.881747999999998,29.249897999999998,2.325822e+00,0.0216,tile_30.8740_29.2470,moisture_differential
30.885075999999998,29.249897999999998,2.313522e+00,0.0186,tile_30.8740_29.2470,moisture_differential
30.886948,29.249897999999998,2.256143e+00,0.0046,tile_30.8740_29.2470,moisture_differential
30.889443999999997,29.249897999999998,2.594053e+00,0.0870,tile_30.8740_29.2470,moisture_differential
30.889756,29.249897999999998,2.251565e+00,0.0035,tile_30.8740_29.2470,moisture_differential
30.889964,29.249897999999998,2.287104e+00,0.0121,tile_30.8740_29.2470,moisture_differential
30.895372,29.249897999999998,3.258174e+00,0.2490,tile_30.8740_29.2470,moisture_differential
30.895476,29.249897999999998,2.921409e+00,0.1669,tile_30.8740_29.2470,moisture_differential
30.89818,29.249897999999998,2.444517e+00,0.0505,tile_30.8740_29.2470,moisture_differential
30.899116,29.249897999999998,3.369440e+00,0.2762,tile_30.8740_29.2470,moisture_differential
30.89922,29.249897999999998,4.267331e+00,0.4952,tile_30.8740_29.2470,moisture_differential
30.899324,29.249897999999998,4.120521e+00,0.4594,tile_30.8740_29.2470,moisture_differential
30.904211999999998,29.249897999999998,2.488647e+00,0.0613,tile_30.8740_29.2470,moisture_differential
30.905876,29.249897999999998,2.421135e+00,0.0448,tile_30.8740_29.2470,moisture_differential
30.908787999999998,29.249897999999998,2.461794e+00,0.0548,tile_30.8740_29.2470,moisture_differential
30.915132,29.249897999999998,2.280167e+00,0.0104,tile_30.8740_29.2470,moisture_differential
30.915236,29.249897999999998,2.623930e+00,0.0943,tile_30.8740_29.2470,moisture_differential
30.87426,29.249806,2.302785e+00,0.0160,tile_30.8740_29.2470,moisture_differential
30.882579999999997,29.249806,2.449874e+00,0.0518,tile_30.8740_29.2470,moisture_differential
30.88414,29.249806,2.330155e+00,0.0226,tile_30.8740_29.2470,moisture_differential
30.884867999999997,29.249806,2.443294e+00,0.0502,tile_30.8740_29.2470,moisture_differential
30.885075999999998,29.249806,2.363413e+00,0.0308,tile_30.8740_29.2470,moisture_differential
30.885907999999997,29.249806,2.674293e+00,0.1066,tile_30.8740_29.2470,moisture_differential
30.890483999999997,29.249806,2.443852e+00,0.0504,tile_30.8740_29.2470,moisture_differential
30.895372,29.249806,2.771575e+00,0.1303,tile_30.8740_29.2470,moisture_differential
30.895476,29.249806,2.502233e+00,0.0646,tile_30.8740_29.2470,moisture_differential
30.89922,29.249806,2.982809e+00,0.1819,tile_30.8740_29.2470,moisture_differential
30.899324,29.249806,2.886871e+00,0.1585,tile_30.8740_29.2470,moisture_differential
30.917004,29.249806,2.363352e+00,0.0307,tile_30.8740_29.2470,moisture_differential
30.919083999999998,29.249806,2.321805e+00,0.0206,tile_30.8740_29.2470,moisture_differential
30.883931999999998,29.249714,2.743760e+00,0.1235,tile_30.8740_29.2470,moisture_differential
30.884036,29.249714,2.631611e+00,0.0962,tile_30.8740_29.2470,moisture_differential
30.884763999999997,29.249714,2.399948e+00,0.0397,tile_30.8740_29.2470,moisture_differential
30.884867999999997,29.249714,2.439168e+00,0.0492,tile_30.8740_29.2470,moisture_differential
30.885075999999998,29.249714,2.281690e+00,0.0108,tile_30.8740_29.2470,moisture_differential
30.885907999999997,29.249714,2.438667e+00,0.0491,tile_30.8740_29.2470,moisture_differential
30.886324,29.249714,2.295152e+00,0.0141,tile_30.8740_29.2470,moisture_differential
30.886428,29.249714,2.247562e+00,0.0025,tile_30.8740_29.2470,moisture_differential
30.886532,29.249714,2.384745e+00,0.0360,tile_30.8740_29.2470,moisture_differential
30.889964,29.249714,2.274036e+00,0.0090,tile_30.8740_29.2470,moisture_differential
30.89038,29.249714,2.440374e+00,0.0495,tile_30.8740_29.2470,moisture_differential
30.890483999999997,29.249714,2.486525e+00,0.0608,tile_30.8740_29.2470,moisture_differential
30.909308,29.249714,2.395347e+00,0.0385,tile_30.8740_29.2470,moisture_differential
30.914924,29.249714,2.364770e+00,0.0311,tile_30.8740_29.2470,moisture_differential
30.916691999999998,29.249714,2.465886e+00,0.0558,tile_30.8740_29.2470,moisture_differential
30.916795999999998,29.249714,2.513096e+00,0.0673,tile_30.8740_29.2470,moisture_differential
30.920852,29.249714,2.249945e+00,0.0031,tile_30.8740_29.2470,moisture_differential
30.874052,29.249622,2.483415e+00,0.0600,tile_30.8740_29.2470,moisture_differential
30.874571999999997,29.249622,2.612745e+00,0.0916,tile_30.8740_29.2470,moisture_differential
30.876132,29.249622,2.436043e+00,0.0485,tile_30.8740_29.2470,moisture_differential
30.883931999999998,29.249622,2.320622e+00,0.0203,tile_30.8740_29.2470,moisture_differential
30.884036,29.249622,2.353803e+00,0.0284,tile_30.8740_29.2470,moisture_differential
30.884763999999997,29.249622,2.432350e+00,0.0476,tile_30.8740_29.2470,moisture_differential
30.885388,29.249622,2.553896e+00,0.0772,tile_30.8740_29.2470,moisture_differential
30.886324,29.249622,2.272543e+00,0.0086,tile_30.8740_29.2470,moisture_differential
30.886428,29.249622,2.327873e+00,0.0221,tile_30.8740_29.2470,moisture_differential
30.890795999999998,29.249622,2.457036e+00,0.0536,tile_30.8740_29.2470,moisture_differential
30.90026,29.249622,2.244240e+00,0.0017,tile_30.8740_29.2470,moisture_differential
30.903275999999998,29.249622,2.536907e+00,0.0731,tile_30.8740_29.2470,moisture_differential
30.90338,29.249622,2.329763e+00,0.0225,tile_30.8740_29.2470,moisture_differential
30.903484,29.249622,2.542040e+00,0.0743,tile_30.8740_29.2470,moisture_differential
30.910763999999997,29.249622,2.528493e+00,0.0710,tile_30.8740_29.2470,moisture_differential
30.916587999999997,29.249622,2.351710e+00,0.0279,tile_30.8740_29.2470,moisture_differential
30.916691999999998,29.249622,2.997413e+00,0.1854,tile_30.8740_29.2470,moisture_differential
30.874052,29.24953,2.352256e+00,0.0280,tile_30.8740_29.2470,moisture_differential
30.880708,29.24953,2.299558e+00,0.0152,tile_30.8740_29.2470,moisture_differential
30.881852,29.24953,2.265772e+00,0.0069,tile_30.8740_29.2470,moisture_differential
30.886324,29.24953,2.528908e+00,0.0711,tile_30.8740_29.2470,moisture_differential
30.886428,29.24953,2.497488e+00,0.0635,tile_30.8740_29.2470,moisture_differential
30.889651999999998,29.24953,2.335139e+00,0.0239,tile_30.8740_29.2470,moisture_differential
30.890795999999998,29.24953,2.386178e+00,0.0363,tile_30.8740_29.2470,moisture_differential
30.916587999999997,29.24953,3.069026e+00,0.2029,tile_30.8740_29.2470,moisture_differential
30.916691999999998,29.24953,2.675185e+00,0.1068,tile_30.8740_29.2470,moisture_differential
30.874571999999997,29.249438,2.265355e+00,0.0068,tile_30.8740_29.2470,moisture_differential
30.880084,29.249438,2.373973e+00,0.0333,tile_30.8740_29.2470,moisture_differential
30.880188,29.249438,2.456168e+00,0.0534,tile_30.8740_29.2470,moisture_differential
30.880708,29.249438,2.268699e+00,0.0077,tile_30.8740_29.2470,moisture_differential
30.884763999999997,29.249438,2.501729e+00,0.0645,tile_30.8740_29.2470,moisture_differential
30.886219999999998,29.249438,2.402728e+00,0.0403,tile_30.8740_29.2470,moisture_differential
30.886324,29.249438,2.611422e+00,0.0913,tile_30.8740_29.2470,moisture_differential
30.886428,29.249438,2.667867e+00,0.1050,tile_30.8740_29.2470,moisture_differential
30.886532,29.249438,2.667166e+00,0.1049,tile_30.8740_29.2470,moisture_differential
30.886844,29.249438,2.402372e+00,0.0403,tile_30.8740_29.2470,moisture_differential
30.886948,29.249438,2.899059e+00,0.1614,tile_30.8740_29.2470,moisture_differential
30.890795999999998,29.249438,2.602291e+00,0.0890,tile_30.8740_29.2470,moisture_differential
30.916483999999997,29.249438,2.650829e+00,0.1009,tile_30.8740_29.2470,moisture_differential
30.916587999999997,29.249438,3.586085e+00,0.3290,tile_30.8740_29.2470,moisture_differential
30.884763999999997,29.249346,2.360159e+00,0.0300,tile_30.8740_29.2470,moisture_differential
30.885804,29.249346,2.322809e+00,0.0209,tile_30.8740_29.2470,moisture_differential
30.885907999999997,29.249346,2.269730e+00,0.0079,tile_30.8740_29.2470,moisture_differential
30.886324,29.249346,2.571456e+00,0.0815,tile_30.8740_29.2470,moisture_differential
30.886428,29.249346,2.993745e+00,0.1845,tile_30.8740_29.2470,moisture_differential
30.886532,29.249346,2.276274e+00,0.0095,tile_30.8740_29.2470,moisture_differential
30.88674,29.249346,2.354556e+00,0.0286,tile_30.8740_29.2470,moisture_differential
30.886844,29.249346,3.668916e+00,0.3492,tile_30.8740_29.2470,moisture_differential
30.886948,29.249346,3.500150e+00,0.3081,tile_30.8740_29.2470,moisture_differential
30.894748,29.249346,2.345455e+00,0.0264,tile_30.8740_29.2470,moisture_differential
30.903796,29.249346,2.249066e+00,0.0029,tile_30.8740_29.2470,moisture_differential
30.91066,29.249346,2.504136e+00,0.0651,tile_30.8740_29.2470,moisture_differential
30.913259999999998,29.249346,2.308021e+00,0.0172,tile_30.8740_29.2470,moisture_differential
30.916276,29.249346,2.562606e+00,0.0793,tile_30.8740_29.2470,moisture_differential
30.91638,29.249346,2.513559e+00,0.0674,tile_30.8740_29.2470,moisture_differential
30.916483999999997,29.249346,2.601535e+00,0.0888,tile_30.8740_29.2470,moisture_differential
30.916587999999997,29.249346,3.191264e+00,0.2327,tile_30.8740_29.2470,moisture_differential
30.9169,29.249346,2.332035e+00,0.0231,tile_30.8740_29.2470,moisture_differential
30.917004,29.249346,2.287750e+00,0.0123,tile_30.8740_29.2470,moisture_differential
30.921059999999997,29.249346,2.460688e+00,0.0545,tile_30.8740_29.2470,moisture_differential
30.878524,29.249254,2.385959e+00,0.0363,tile_30.8740_29.2470,moisture_differential
30.878628,29.249254,2.492824e+00,0.0623,tile_30.8740_29.2470,moisture_differential
30.884036,29.249254,2.611748e+00,0.0913,tile_30.8740_29.2470,moisture_differential
30.88414,29.249254,2.601843e+00,0.0889,tile_30.8740_29.2470,moisture_differential
30.88466,29.249254,2.572168e+00,0.0817,tile_30.8740_29.2470,moisture_differential
30.884763999999997,29.249254,2.504694e+00,0.0652,tile_30.8740_29.2470,moisture_differential
30.884867999999997,29.249254,2.279224e+00,0.0102,tile_30.8740_29.2470,moisture_differential
30.885492,29.249254,2.258915e+00,0.0053,tile_30.8740_29.2470,moisture_differential
30.885804,29.249254,2.432065e+00,0.0475,tile_30.8740_29.2470,moisture_differential
30.885907999999997,29.249254,2.386448e+00,0.0364,tile_30.8740_29.2470,moisture_differential
30.886011999999997,29.249254,2.431667e+00,0.0474,tile_30.8740_29.2470,moisture_differential
30.886428,29.249254,2.471082e+00,0.0570,tile_30.8740_29.2470,moisture_differential
30.88674,29.249254,3.714075e+00,0.3602,tile_30.8740_29.2470,moisture_differential
30.886844,29.249254,3.456927e+00,0.2975,tile_30.8740_29.2470,moisture_differential
30.886948,29.249254,3.006256e+00,0.1876,tile_30.8740_29.2470,moisture_differential
30.900364,29.249254,2.394504e+00,0.0383,tile_30.8740_29.2470,moisture_differential
30.9039,29.249254,2.261228e+00,0.0058,tile_30.8740_29.2470,moisture_differential
30.916172,29.249254,2.275382e+00,0.0093,tile_30.8740_29.2470,moisture_differential
30.916276,29.249254,3.093534e+00,0.2089,tile_30.8740_29.2470,moisture_differential
30.91638,29.249254,3.394801e+00,0.2824,tile_30.8740_29.2470,moisture_differential
30.916483999999997,29.249254,2.352983e+00,0.0282,tile_30.8740_29.2470,moisture_differential
30.9169,29.249254,2.464196e+00,0.0553,tile_30.8740_29.2470,moisture_differential
30.921059999999997,29.249254,2.583308e+00,0.0844,tile_30.8740_29.2470,moisture_differential
30.922724,29.249254,2.504804e+00,0.0652,tile_30.8740_29.2470,moisture_differential
30.924284,29.249254,2.243490e+00,0.0015,tile_30.8740_29.2470,moisture_differential
30.924491999999997,29.249254,2.397525e+00,0.0391,tile_30.8740_29.2470,moisture_differential
30.874468,29.249162,2.510636e+00,0.0667,tile_30.8740_29.2470,moisture_differential
30.874571999999997,29.249162,2.837031e+00,0.1463,tile_30.8740_29.2470,moisture_differential
30.883619999999997,29.249162,2.342880e+00,0.0257,tile_30.8740_29.2470,moisture_differential
30.883723999999997,29.249162,2.285825e+00,0.0118,tile_30.8740_29.2470,moisture_differential
30.884036,29.249162,2.888058e+00,0.1587,tile_30.8740_29.2470,moisture_differential
30.88414,29.249162,2.398293e+00,0.0393,tile_30.8740_29.2470,moisture_differential
30.88466,29.249162,2.311735e+00,0.0181,tile_30.8740_29.2470,moisture_differential
30.884763999999997,29.249162,2.494613e+00,0.0628,tile_30.8740_29.2470,moisture_differential
30.884867999999997,29.249162,2.310780e+00,0.0179,tile_30.8740_29.2470,moisture_differential
30.885804,29.249162,2.550173e+00,0.0763,tile_30.8740_29.2470,moisture_differential
30.885907999999997,29.249162,2.417671e+00,0.0440,tile_30.8740_29.2470,moisture_differential
30.886011999999997,29.249162,2.324875e+00,0.0214,tile_30.8740_29.2470,moisture_differential
30.886115999999998,29.249162,2.675958e+00,0.1070,tile_30.8740_29.2470,moisture_differential
30.886219999999998,29.249162,2.497524e+00,0.0635,tile_30.8740_29.2470,moisture_differential
30.886428,29.249162,2.410972e+00,0.0424,tile_30.8740_29.2470,moisture_differential
30.886532,29.249162,2.288592e+00,0.0125,tile_30.8740_29.2470,moisture_differential
30.88674,29.249162,2.827489e+00,0.1440,tile_30.8740_29.2470,moisture_differential
30.886844,29.249162,2.627651e+00,0.0952,tile_30.8740_29.2470,moisture_differential
30.887468,29.249162,2.249557e+00,0.0030,tile_30.8740_29.2470,moisture_differential
30.898595999999998,29.249162,2.651118e+00,0.1009,tile_30.8740_29.2470,moisture_differential
30.914403999999998,29.249162,2.407001e+00,0.0414,tile_30.8740_29.2470,moisture_differential
30.916276,29.249162,2.838609e+00,0.1467,tile_30.8740_29.2470,moisture_differential
30.91638,29.249162,2.997826e+00,0.1855,tile_30.8740_29.2470,moisture_differential
30.916483999999997,29.249162,2.625156e+00,0.0946,tile_30.8740_29.2470,moisture_differential
30.9169,29.249162,2.939111e+00,0.1712,tile_30.8740_29.2470,moisture_differential
30.921059999999997,29.249162,2.627565e+00,0.0952,tile_30.8740_29.2470,moisture_differential
30.921163999999997,29.249162,2.713643e+00,0.1162,tile_30.8740_29.2470,moisture_differential
30.922724,29.249162,2.425799e+00,0.0460,tile_30.8740_29.2470,moisture_differential
30.874571999999997,29.24907,3.282927e+00,0.2551,tile_30.8740_29.2470,moisture_differential
30.874675999999997,29.24907,2.582535e+00,0.0842,tile_30.8740_29.2470,moisture_differential
30.878524,29.24907,2.335117e+00,0.0239,tile_30.8740_29.2470,moisture_differential
30.879251999999997,29.24907,2.348719e+00,0.0272,tile_30.8740_29.2470,moisture_differential
30.879355999999998,29.24907,2.263047e+00,0.0063,tile_30.8740_29.2470,moisture_differential
30.880291999999997,29.24907,2.439919e+00,0.0494,tile_30.8740_29.2470,moisture_differential
30.880395999999998,29.24907,2.266276e+00,0.0071,tile_30.8740_29.2470,moisture_differential
30.882164,29.24907,2.667031e+00,0.1048,tile_30.8740_29.2470,moisture_differential
30.883723999999997,29.24907,2.481603e+00,0.0596,tile_30.8740_29.2470,moisture_differential
30.883827999999998,29.24907,2.317255e+00,0.0195,tile_30.8740_29.2470,moisture_differential
30.88466,29.24907,2.817800e+00,0.1416,tile_30.8740_29.2470,moisture_differential
30.884763999999997,29.24907,2.396485e+00,0.0388,tile_30.8740_29.2470,moisture_differential
30.885804,29.24907,2.389403e+00,0.0371,tile_30.8740_29.2470,moisture_differential
30.885907999999997,29.24907,2.325465e+00,0.0215,tile_30.8740_29.2470,moisture_differential
30.886011999999997,29.24907,2.293728e+00,0.0138,tile_30.8740_29.2470,moisture_differential
30.886115999999998,29.24907,2.759725e+00,0.1274,tile_30.8740_29.2470,moisture_differential
30.886219999999998,29.24907,2.346749e+00,0.0267,tile_30.8740_29.2470,moisture_differential
30.886428,29.24907,2.241016e+00,0.0009,tile_30.8740_29.2470,moisture_differential
30.886532,29.24907,2.302656e+00,0.0159,tile_30.8740_29.2470,moisture_differential
30.893188,29.24907,2.363918e+00,0.0309,tile_30.8740_29.2470,moisture_differential
30.898284,29.24907,2.515485e+00,0.0679,tile_30.8740_29.2470,moisture_differential
30.898387999999997,29.24907,2.816793e+00,0.1414,tile_30.8740_29.2470,moisture_differential
30.900156,29.24907,2.273058e+00,0.0087,tile_30.8740_29.2470,moisture_differential
30.904628,29.24907,2.453356e+00,0.0527,tile_30.8740_29.2470,moisture_differential
30.913572,29.24907,2.311142e+00,0.0180,tile_30.8740_29.2470,moisture_differential
30.914716,29.24907,2.283801e+00,0.0113,tile_30.8740_29.2470,moisture_differential
30.916276,29.24907,2.653791e+00,0.1016,tile_30.8740_29.2470,moisture_differential
30.91638,29.24907,2.741620e+00,0.1230,tile_30.8740_29.2470,moisture_differential
30.919188,29.24907,2.346364e+00,0.0266,tile_30.8740_29.2470,moisture_differential
30.921059999999997,29.24907,2.275385e+00,0.0093,tile_30.8740_29.2470,moisture_differential
30.921163999999997,29.24907,2.354202e+00,0.0285,tile_30.8740_29.2470,moisture_differential
30.921267999999998,29.24907,2.454083e+00,0.0529,tile_30.8740_29.2470,moisture_differential
30.879251999999997,29.248978,2.534378e+00,0.0725,tile_30.8740_29.2470,moisture_differential
30.879772,29.248978,2.428670e+00,0.0467,tile_30.8740_29.2470,moisture_differential
30.880395999999998,29.248978,2.244162e+00,0.0017,tile_30.8740_29.2470,moisture_differential
30.880499999999998,29.248978,2.282321e+00,0.0110,tile_30.8740_29.2470,moisture_differential
30.88466,29.248978,2.456968e+00,0.0536,tile_30.8740_29.2470,moisture_differential
30.886219999999998,29.248978,2.290835e+00,0.0131,tile_30.8740_29.2470,moisture_differential
30.886324,29.248978,2.294274e+00,0.0139,tile_30.8740_29.2470,moisture_differential
30.886532,29.248978,2.292503e+00,0.0135,tile_30.8740_29.2470,moisture_differential
30.89818,29.248978,2.800544e+00,0.1374,tile_30.8740_29.2470,moisture_differential
30.898284,29.248978,2.877955e+00,0.1563,tile_30.8740_29.2470,moisture_differential
30.898387999999997,29.248978,2.856496e+00,0.1510,tile_30.8740_29.2470,moisture_differential
30.900052,29.248978,2.267476e+00,0.0074,tile_30.8740_29.2470,moisture_differential
30.900156,29.248978,3.012683e+00,0.1891,tile_30.8740_29.2470,moisture_differential
30.900468,29.248978,2.479028e+00,0.0590,tile_30.8740_29.2470,moisture_differential
30.908164,29.248978,2.285812e+00,0.0118,tile_30.8740_29.2470,moisture_differential
30.91014,29.248978,2.385228e+00,0.0361,tile_30.8740_29.2470,moisture_differential
30.912844,29.248978,2.310968e+00,0.0180,tile_30.8740_29.2470,moisture_differential
30.916068,29.248978,2.461664e+00,0.0547,tile_30.8740_29.2470,moisture_differential
30.916276,29.248978,2.536389e+00,0.0730,tile_30.8740_29.2470,moisture_differential
30.91638,29.248978,2.368833e+00,0.0321,tile_30.8740_29.2470,moisture_differential
30.919188,29.248978,2.549263e+00,0.0761,tile_30.8740_29.2470,moisture_differential
30.921163999999997,29.248978,2.406825e+00,0.0413,tile_30.8740_29.2470,moisture_differential
30.8779,29.248886,2.583746e+00,0.0845,tile_30.8740_29.2470,moisture_differential
30.880603999999998,29.248886,2.240146e+00,0.0007,tile_30.8740_29.2470,moisture_differential
30.883723999999997,29.248886,2.417105e+00,0.0439,tile_30.8740_29.2470,moisture_differential
30.886948,29.248886,2.288296e+00,0.0124,tile_30.8740_29.2470,moisture_differential
30.898284,29.248886,3.021575e+00,0.1913,tile_30.8740_29.2470,moisture_differential
30.904524,29.248886,2.263007e+00,0.0063,tile_30.8740_29.2470,moisture_differential
30.91014,29.248886,2.396389e+00,0.0388,tile_30.8740_29.2470,moisture_differential
30.91274,29.248886,2.301768e+00,0.0157,tile_30.8740_29.2470,moisture_differential
30.912844,29.248886,2.306088e+00,0.0168,tile_30.8740_29.2470,moisture_differential
30.912948,29.248886,2.421120e+00,0.0448,tile_30.8740_29.2470,moisture_differential
30.916068,29.248886,2.388148e+00,0.0368,tile_30.8740_29.2470,moisture_differential
30.921267999999998,29.248886,2.376427e+00,0.0339,tile_30.8740_29.2470,moisture_differential
30.924076,29.248886,2.250302e+00,0.0032,tile_30.8740_29.2470,moisture_differential
30.8753,29.248794,2.536795e+00,0.0731,tile_30.8740_29.2470,moisture_differential
30.876548,29.248794,2.289990e+00,0.0128,tile_30.8740_29.2470,moisture_differential
30.879459999999998,29.248794,2.287088e+00,0.0121,tile_30.8740_29.2470,moisture_differential
30.882892,29.248794,2.639145e+00,0.0980,tile_30.8740_29.2470,moisture_differential
30.886115999999998,29.248794,2.378673e+00,0.0345,tile_30.8740_29.2470,moisture_differential
30.886219999999998,29.248794,2.446610e+00,0.0511,tile_30.8740_29.2470,moisture_differential
30.905668,29.248794,2.328539e+00,0.0222,tile_30.8740_29.2470,moisture_differential
30.909204,29.248794,2.470082e+00,0.0568,tile_30.8740_29.2470,moisture_differential
30.916068,29.248794,2.853379e+00,0.1503,tile_30.8740_29.2470,moisture_differential
30.921163999999997,29.248794,2.319713e+00,0.0201,tile_30.8740_29.2470,moisture_differential
30.921267999999998,29.248794,2.813973e+00,0.1407,tile_30.8740_29.2470,moisture_differential
30.881332,29.248702,2.283458e+00,0.0113,tile_30.8740_29.2470,moisture_differential
30.881539999999998,29.248702,2.237983e+00,0.0002,tile_30.8740_29.2470,moisture_differential
30.881852,29.248702,2.305203e+00,0.0166,tile_30.8740_29.2470,moisture_differential
30.886115999999998,29.248702,2.256926e+00,0.0048,tile_30.8740_29.2470,moisture_differential
30.896932,29.248702,2.750988e+00,0.1253,tile_30.8740_29.2470,moisture_differential
30.897036,29.248702,2.464036e+00,0.0553,tile_30.8740_29.2470,moisture_differential
30.89714,29.248702,2.731492e+00,0.1205,tile_30.8740_29.2470,moisture_differential
30.906291999999997,29.248702,2.449779e+00,0.0518,tile_30.8740_29.2470,moisture_differential
30.915964,29.248702,2.492254e+00,0.0622,tile_30.8740_29.2470,moisture_differential
30.916068,29.248702,2.911325e+00,0.1644,tile_30.8740_29.2470,moisture_differential
30.916172,29.248702,2.994957e+00,0.1848,tile_30.8740_29.2470,moisture_differential
30.921059999999997,29.248702,2.497059e+00,0.0634,tile_30.8740_29.2470,moisture_differential
30.921163999999997,29.248702,2.904778e+00,0.1628,tile_30.8740_29.2470,moisture_differential
30.921267999999998,29.248702,2.688585e+00,0.1101,tile_30.8740_29.2470,moisture_differential
30.874468,29.24861,2.322890e+00,0.0209,tile_30.8740_29.2470,moisture_differential
30.87634,29.24861,2.241225e+00,0.0009,tile_30.8740_29.2470,moisture_differential
30.880916,29.24861,2.493088e+00,0.0624,tile_30.8740_29.2470,moisture_differential
30.886324,29.24861,2.355595e+00,0.0288,tile_30.8740_29.2470,moisture_differential
30.896932,29.24861,2.686670e+00,0.1096,tile_30.8740_29.2470,moisture_differential
30.897036,29.24861,3.069767e+00,0.2031,tile_30.8740_29.2470,moisture_differential
30.89714,29.24861,2.486511e+00,0.0608,tile_30.8740_29.2470,moisture_differential
30.900364,29.24861,2.363043e+00,0.0307,tile_30.8740_29.2470,moisture_differential
30.91586,29.24861,2.792571e+00,0.1354,tile_30.8740_29.2470,moisture_differential
30.915964,29.24861,3.054421e+00,0.1993,tile_30.8740_29.2470,moisture_differential
30.916068,29.24861,3.106447e+00,0.2120,tile_30.8740_29.2470,moisture_differential
30.916172,29.24861,2.786554e+00,0.1340,tile_30.8740_29.2470,moisture_differential
30.919188,29.24861,2.665446e+00,0.1044,tile_30.8740_29.2470,moisture_differential
30.919292,29.24861,2.264860e+00,0.0067,tile_30.8740_29.2470,moisture_differential
30.921163999999997,29.24861,2.729996e+00,0.1202,tile_30.8740_29.2470,moisture_differential
30.921267999999998,29.24861,2.335203e+00,0.0239,tile_30.8740_29.2470,moisture_differential
30.881124,29.248518,2.719210e+00,0.1176,tile_30.8740_29.2470,moisture_differential
30.892356,29.248518,2.274038e+00,0.0090,tile_30.8740_29.2470,moisture_differential
30.896932,29.248518,2.814465e+00,0.1408,tile_30.8740_29.2470,moisture_differential
30.897036,29.248518,3.636002e+00,0.3412,tile_30.8740_29.2470,moisture_differential
30.89714,29.248518,2.339552e+00,0.0249,tile_30.8740_29.2470,moisture_differential
30.900364,29.248518,2.462614e+00,0.0550,tile_30.8740_29.2470,moisture_differential
30.903796,29.248518,2.251076e+00,0.0034,tile_30.8740_29.2470,moisture_differential
30.915756,29.248518,2.456114e+00,0.0534,tile_30.8740_29.2470,moisture_differential
30.91586,29.248518,3.086409e+00,0.2071,tile_30.8740_29.2470,moisture_differential
30.915964,29.248518,3.593422e+00,0.3308,tile_30.8740_29.2470,moisture_differential
30.916068,29.248518,3.203234e+00,0.2356,tile_30.8740_29.2470,moisture_differential
30.91638,29.248518,2.424880e+00,0.0458,tile_30.8740_29.2470,moisture_differential
30.916483999999997,29.248518,2.302033e+00,0.0158,tile_30.8740_29.2470,moisture_differential
30.919083999999998,29.248518,2.238422e+00,0.0003,tile_30.8740_29.2470,moisture_differential
30.919188,29.248518,2.492049e+00,0.0621,tile_30.8740_29.2470,moisture_differential
30.879876,29.248426,2.474059e+00,0.0577,tile_30.8740_29.2470,moisture_differential
30.880291999999997,29.248426,2.313514e+00,0.0186,tile_30.8740_29.2470,moisture_differential
30.880916,29.248426,2.329772e+00,0.0225,tile_30.8740_29.2470,moisture_differential
30.881643999999998,29.248426,2.346910e+00,0.0267,tile_30.8740_29.2470,moisture_differential
30.896932,29.248426,2.836724e+00,0.1462,tile_30.8740_29.2470,moisture_differential
30.897036,29.248426,3.448282e+00,0.2954,tile_30.8740_29.2470,moisture_differential
30.900779999999997,29.248426,2.305390e+00,0.0166,tile_30.8740_29.2470,moisture_differential
30.903484,29.248426,2.494406e+00,0.0627,tile_30.8740_29.2470,moisture_differential
30.903588,29.248426,2.810422e+00,0.1398,tile_30.8740_29.2470,moisture_differential
30.903796,29.248426,2.466443e+00,0.0559,tile_30.8740_29.2470,moisture_differential
30.9039,29.248426,2.458139e+00,0.0539,tile_30.8740_29.2470,moisture_differential
30.912115999999997,29.248426,2.696478e+00,0.1120,tile_30.8740_29.2470,moisture_differential
30.91586,29.248426,2.557967e+00,0.0782,tile_30.8740_29.2470,moisture_differential
30.915964,29.248426,3.130015e+00,0.2178,tile_30.8740_29.2470,moisture_differential
30.916068,29.248426,2.995630e+00,0.1850,tile_30.8740_29.2470,moisture_differential
30.919083999999998,29.248426,2.330630e+00,0.0228,tile_30.8740_29.2470,moisture_differential
30.921267999999998,29.248426,2.371437e+00,0.0327,tile_30.8740_29.2470,moisture_differential
30.921371999999998,29.248426,2.454175e+00,0.0529,tile_30.8740_29.2470,moisture_differential
30.925635999999997,29.248426,2.347270e+00,0.0268,tile_30.8740_29.2470,moisture_differential
30.874468,29.248334,2.295414e+00,0.0142,tile_30.8740_29.2470,moisture_differential
30.876756,29.248334,2.442581e+00,0.0501,tile_30.8740_29.2470,moisture_differential
30.877276,29.248334,2.341266e+00,0.0254,tile_30.8740_29.2470,moisture_differential
30.880812,29.248334,2.665699e+00,0.1045,tile_30.8740_29.2470,moisture_differential
30.880916,29.248334,2.258186e+00,0.0051,tile_30.8740_29.2470,moisture_differential
30.881539999999998,29.248334,2.270521e+00,0.0081,tile_30.8740_29.2470,moisture_differential
30.900779999999997,29.248334,2.511139e+00,0.0668,tile_30.8740_29.2470,moisture_differential
30.900883999999998,29.248334,2.437068e+00,0.0487,tile_30.8740_29.2470,moisture_differential
30.903484,29.248334,2.283106e+00,0.0112,tile_30.8740_29.2470,moisture_differential
30.903588,29.248334,2.789462e+00,0.1347,tile_30.8740_29.2470,moisture_differential
30.903796,29.248334,2.471123e+00,0.0570,tile_30.8740_29.2470,moisture_differential
30.9039,29.248334,2.982478e+00,0.1818,tile_30.8740_29.2470,moisture_differential
30.904836,29.248334,2.250461e+00,0.0032,tile_30.8740_29.2470,moisture_differential
30.912115999999997,29.248334,2.352459e+00,0.0281,tile_30.8740_29.2470,moisture_differential
30.915756,29.248334,2.355236e+00,0.0288,tile_30.8740_29.2470,moisture_differential
30.91586,29.248334,2.523381e+00,0.0698,tile_30.8740_29.2470,moisture_differential
30.915964,29.248334,2.435654e+00,0.0484,tile_30.8740_29.2470,moisture_differential
30.921267999999998,29.248334,2.957894e+00,0.1758,tile_30.8740_29.2470,moisture_differential
30.921371999999998,29.248334,3.043244e+00,0.1966,tile_30.8740_29.2470,moisture_differential
30.921476,29.248334,2.261203e+00,0.0058,tile_30.8740_29.2470,moisture_differential
30.925635999999997,29.248334,2.610399e+00,0.0910,tile_30.8740_29.2470,moisture_differential
30.876652,29.248242,2.291574e+00,0.0132,tile_30.8740_29.2470,moisture_differential
30.876756,29.248242,2.853065e+00,0.1502,tile_30.8740_29.2470,moisture_differential
30.876859999999997,29.248242,2.465440e+00,0.0556,tile_30.8740_29.2470,moisture_differential
30.877276,29.248242,2.275657e+00,0.0093,tile_30.8740_29.2470,moisture_differential
30.87998,29.248242,2.237852e+00,0.0001,tile_30.8740_29.2470,moisture_differential
30.892564,29.248242,2.389341e+00,0.0371,tile_30.8740_29.2470,moisture_differential
30.903588,29.248242,2.287098e+00,0.0121,tile_30.8740_29.2470,moisture_differential
30.903692,29.248242,2.456564e+00,0.0535,tile_30.8740_29.2470,moisture_differential
30.903796,29.248242,2.747522e+00,0.1245,tile_30.8740_29.2470,moisture_differential
30.9039,29.248242,2.338262e+00,0.0246,tile_30.8740_29.2470,moisture_differential
30.915651999999998,29.248242,2.287533e+00,0.0122,tile_30.8740_29.2470,moisture_differential
30.915756,29.248242,3.053125e+00,0.1990,tile_30.8740_29.2470,moisture_differential
30.91586,29.248242,3.099896e+00,0.2104,tile_30.8740_29.2470,moisture_differential
30.915964,29.248242,2.358829e+00,0.0296,tile_30.8740_29.2470,moisture_differential
30.919292,29.248242,2.534711e+00,0.0725,tile_30.8740_29.2470,moisture_differential
30.919396,29.248242,2.601229e+00,0.0888,tile_30.8740_29.2470,moisture_differential
30.921267999999998,29.248242,3.111847e+00,0.2133,tile_30.8740_29.2470,moisture_differential
30.921371999999998,29.248242,3.072555e+00,0.2037,tile_30.8740_29.2470,moisture_differential
30.925531999999997,29.248242,2.739891e+00,0.1226,tile_30.8740_29.2470,moisture_differential
30.925635999999997,29.248242,2.434400e+00,0.0481,tile_30.8740_29.2470,moisture_differential
30.925739999999998,29.248242,2.748785e+00,0.1248,tile_30.8740_29.2470,moisture_differential
30.925843999999998,29.248242,2.471366e+00,0.0571,tile_30.8740_29.2470,moisture_differential
30.877276,29.24815,2.312061e+00,0.0182,tile_30.8740_29.2470,moisture_differential
30.878732,29.24815,2.350403e+00,0.0276,tile_30.8740_29.2470,moisture_differential
30.879459999999998,29.24815,2.478644e+00,0.0589,tile_30.8740_29.2470,moisture_differential
30.881124,29.24815,2.574982e+00,0.0824,tile_30.8740_29.2470,moisture_differential
30.881228,29.24815,2.798105e+00,0.1368,tile_30.8740_29.2470,moisture_differential
30.881747999999998,29.24815,2.273774e+00,0.0089,tile_30.8740_29.2470,moisture_differential
30.884867999999997,29.24815,2.361793e+00,0.0304,tile_30.8740_29.2470,moisture_differential
30.900364,29.24815,2.441768e+00,0.0499,tile_30.8740_29.2470,moisture_differential
30.903692,29.24815,2.903650e+00,0.1625,tile_30.8740_29.2470,moisture_differential
30.903796,29.24815,3.059947e+00,0.2007,tile_30.8740_29.2470,moisture_differential
30.904836,29.24815,2.353639e+00,0.0284,tile_30.8740_29.2470,moisture_differential
30.905876,29.24815,2.261907e+00,0.0060,tile_30.8740_29.2470,moisture_differential
30.914092,29.24815,2.258069e+00,0.0051,tile_30.8740_29.2470,moisture_differential
30.915756,29.24815,2.880661e+00,0.1569,tile_30.8740_29.2470,moisture_differential
30.91586,29.24815,2.969007e+00,0.1785,tile_30.8740_29.2470,moisture_differential
30.919292,29.24815,2.799159e+00,0.1371,tile_30.8740_29.2470,moisture_differential
30.919396,29.24815,2.887649e+00,0.1586,tile_30.8740_29.2470,moisture_differential
30.921267999999998,29.24815,2.751357e+00,0.1254,tile_30.8740_29.2470,moisture_differential
30.925739999999998,29.24815,2.768246e+00,0.1295,tile_30.8740_29.2470,moisture_differential
30.925843999999998,29.24815,2.654864e+00,0.1019,tile_30.8740_29.2470,moisture_differential
30.880603999999998,29.248058,2.462000e+00,0.0548,tile_30.8740_29.2470,moisture_differential
30.880916,29.248058,2.383290e+00,0.0356,tile_30.8740_29.2470,moisture_differential
30.881747999999998,29.248058,2.241657e+00,0.0011,tile_30.8740_29.2470,moisture_differential
30.882787999999998,29.248058,2.472252e+00,0.0573,tile_30.8740_29.2470,moisture_differential
30.882996,29.248058,2.263351e+00,0.0063,tile_30.8740_29.2470,moisture_differential
30.883204,29.248058,2.340850e+00,0.0253,tile_30.8740_29.2470,moisture_differential
30.883619999999997,29.248058,2.280999e+00,0.0107,tile_30.8740_29.2470,moisture_differential
30.883723999999997,29.248058,2.369132e+00,0.0322,tile_30.8740_29.2470,moisture_differential
30.903588,29.248058,2.438415e+00,0.0491,tile_30.8740_29.2470,moisture_differential
30.903692,29.248058,2.276022e+00,0.0094,tile_30.8740_29.2470,moisture_differential
30.903796,29.248058,2.569734e+00,0.0811,tile_30.8740_29.2470,moisture_differential
30.9039,29.248058,2.564158e+00,0.0797,tile_30.8740_29.2470,moisture_differential
30.911804,29.248058,2.373788e+00,0.0333,tile_30.8740_29.2470,moisture_differential
30.914092,29.248058,2.661351e+00,0.1034,tile_30.8740_29.2470,moisture_differential
30.925739999999998,29.248058,2.386646e+00,0.0364,tile_30.8740_29.2470,moisture_differential
30.925843999999998,29.248058,2.620376e+00,0.0934,tile_30.8740_29.2470,moisture_differential
30.876963999999997,29.247965999999998,2.872130e+00,0.1549,tile_30.8740_29.2470,moisture_differential
30.877067999999998,29.247965999999998,2.359724e+00,0.0299,tile_30.8740_29.2470,moisture_differential
30.87894,29.247965999999998,2.316372e+00,0.0193,tile_30.8740_29.2470,moisture_differential
30.882372,29.247965999999998,2.271742e+00,0.0084,tile_30.8740_29.2470,moisture_differential
30.883619999999997,29.247965999999998,2.908637e+00,0.1638,tile_30.8740_29.2470,moisture_differential
30.883723999999997,29.247965999999998,3.456520e+00,0.2974,tile_30.8740_29.2470,moisture_differential
30.883827999999998,29.247965999999998,2.493665e+00,0.0625,tile_30.8740_29.2470,moisture_differential
30.883931999999998,29.247965999999998,2.384954e+00,0.0360,tile_30.8740_29.2470,moisture_differential
30.884036,29.247965999999998,2.428029e+00,0.0465,tile_30.8740_29.2470,moisture_differential
30.88518,29.247965999999998,2.275000e+00,0.0092,tile_30.8740_29.2470,moisture_differential
30.885284,29.247965999999998,2.450497e+00,0.0520,tile_30.8740_29.2470,moisture_differential
30.885388,29.247965999999998,2.581928e+00,0.0841,tile_30.8740_29.2470,moisture_differential
30.887363999999998,29.247965999999998,2.863677e+00,0.1528,tile_30.8740_29.2470,moisture_differential
30.898595999999998,29.247965999999998,2.453496e+00,0.0527,tile_30.8740_29.2470,moisture_differential
30.903796,29.247965999999998,2.322002e+00,0.0207,tile_30.8740_29.2470,moisture_differential
30.90494,29.247965999999998,2.575406e+00,0.0825,tile_30.8740_29.2470,moisture_differential
30.905044,29.247965999999998,2.313446e+00,0.0186,tile_30.8740_29.2470,moisture_differential
30.913988,29.247965999999998,2.460882e+00,0.0545,tile_30.8740_29.2470,moisture_differential
30.914092,29.247965999999998,2.891932e+00,0.1597,tile_30.8740_29.2470,moisture_differential
30.914195999999997,29.247965999999998,2.327029e+00,0.0219,tile_30.8740_29.2470,moisture_differential
30.920123999999998,29.247965999999998,2.294802e+00,0.0140,tile_30.8740_29.2470,moisture_differential
30.925739999999998,29.247965999999998,2.332770e+00,0.0233,tile_30.8740_29.2470,moisture_differential
30.876859999999997,29.247874,2.492047e+00,0.0621,tile_30.8740_29.2470,moisture_differential
30.876963999999997,29.247874,2.930122e+00,0.1690,tile_30.8740_29.2470,moisture_differential
30.877067999999998,29.247874,3.022506e+00,0.1915,tile_30.8740_29.2470,moisture_differential
30.8779,29.247874,2.378080e+00,0.0343,tile_30.8740_29.2470,moisture_differential
30.879459999999998,29.247874,2.381367e+00,0.0351,tile_30.8740_29.2470,moisture_differential
30.880188,29.247874,2.717708e+00,0.1172,tile_30.8740_29.2470,moisture_differential
30.882164,29.247874,2.517811e+00,0.0684,tile_30.8740_29.2470,moisture_differential
30.883723999999997,29.247874,2.683641e+00,0.1089,tile_30.8740_29.2470,moisture_differential
30.883827999999998,29.247874,2.970361e+00,0.1788,tile_30.8740_29.2470,moisture_differential
30.885284,29.247874,2.578590e+00,0.0832,tile_30.8740_29.2470,moisture_differential
30.886844,29.247874,2.370977e+00,0.0326,tile_30.8740_29.2470,moisture_differential
30.887363999999998,29.247874,2.337159e+00,0.0244,tile_30.8740_29.2470,moisture_differential
30.891316,29.247874,2.371292e+00,0.0327,tile_30.8740_29.2470,moisture_differential
30.90494,29.247874,2.550830e+00,0.0765,tile_30.8740_29.2470,moisture_differential
30.905044,29.247874,2.241949e+00,0.0011,tile_30.8740_29.2470,moisture_differential
30.876236,29.247782,2.248147e+00,0.0026,tile_30.8740_29.2470,moisture_differential
30.876444,29.247782,2.314756e+00,0.0189,tile_30.8740_29.2470,moisture_differential
30.879772,29.247782,2.300612e+00,0.0154,tile_30.8740_29.2470,moisture_differential
30.880084,29.247782,2.487126e+00,0.0609,tile_30.8740_29.2470,moisture_differential
30.880188,29.247782,2.532777e+00,0.0721,tile_30.8740_29.2470,moisture_differential
30.880291999999997,29.247782,2.591011e+00,0.0863,tile_30.8740_29.2470,moisture_differential
30.881124,29.247782,2.320367e+00,0.0203,tile_30.8740_29.2470,moisture_differential
30.882892,29.247782,2.393916e+00,0.0382,tile_30.8740_29.2470,moisture_differential
30.883412,29.247782,2.266448e+00,0.0071,tile_30.8740_29.2470,moisture_differential
30.883827999999998,29.247782,2.309423e+00,0.0176,tile_30.8740_29.2470,moisture_differential
30.884452,29.247782,2.360951e+00,0.0302,tile_30.8740_29.2470,moisture_differential
30.909412,29.247782,2.345355e+00,0.0264,tile_30.8740_29.2470,moisture_differential
30.911596,29.247782,2.244381e+00,0.0017,tile_30.8740_29.2470,moisture_differential
30.917523999999997,29.247782,3.081888e+00,0.2060,tile_30.8740_29.2470,moisture_differential
30.917627999999997,29.247782,3.060674e+00,0.2008,tile_30.8740_29.2470,moisture_differential
30.882787999999998,29.24769,2.362903e+00,0.0306,tile_30.8740_29.2470,moisture_differential
30.8831,29.24769,2.801158e+00,0.1375,tile_30.8740_29.2470,moisture_differential
30.883204,29.24769,2.731527e+00,0.1206,tile_30.8740_29.2470,moisture_differential
30.883308,29.24769,2.246085e+00,0.0021,tile_30.8740_29.2470,moisture_differential
30.883931999999998,29.24769,2.257562e+00,0.0049,tile_30.8740_29.2470,moisture_differential
30.884452,29.24769,2.342319e+00,0.0256,tile_30.8740_29.2470,moisture_differential
30.90702,29.24769,2.382634e+00,0.0354,tile_30.8740_29.2470,moisture_differential
30.909412,29.24769,2.350980e+00,0.0277,tile_30.8740_29.2470,moisture_differential
30.911284,29.24769,2.313441e+00,0.0186,tile_30.8740_29.2470,moisture_differential
30.911907999999997,29.24769,2.300472e+00,0.0154,tile_30.8740_29.2470,moisture_differential
30.915964,29.24769,2.387986e+00,0.0368,tile_30.8740_29.2470,moisture_differential
30.916068,29.24769,2.532515e+00,0.0720,tile_30.8740_29.2470,moisture_differential
30.917523999999997,29.24769,3.170708e+00,0.2277,tile_30.8740_29.2470,moisture_differential
30.917627999999997,29.24769,2.872956e+00,0.1551,tile_30.8740_29.2470,moisture_differential
30.880291999999997,29.247598,2.895952e+00,0.1607,tile_30.8740_29.2470,moisture_differential
30.881747999999998,29.247598,2.250566e+00,0.0032,tile_30.8740_29.2470,moisture_differential
30.882787999999998,29.247598,2.307628e+00,0.0171,tile_30.8740_29.2470,moisture_differential
30.882996,29.247598,2.581013e+00,0.0838,tile_30.8740_29.2470,moisture_differential
30.8831,29.247598,2.513650e+00,0.0674,tile_30.8740_29.2470,moisture_differential
30.883204,29.247598,2.397466e+00,0.0391,tile_30.8740_29.2470,moisture_differential
30.884036,29.247598,2.311740e+00,0.0182,tile_30.8740_29.2470,moisture_differential
30.88414,29.247598,2.243157e+00,0.0014,tile_30.8740_29.2470,moisture_differential
30.884452,29.247598,2.462333e+00,0.0549,tile_30.8740_29.2470,moisture_differential
30.887988,29.247598,2.275212e+00,0.0092,tile_30.8740_29.2470,moisture_differential
30.893083999999998,29.247598,2.319999e+00,0.0202,tile_30.8740_29.2470,moisture_differential
30.911284,29.247598,2.458730e+00,0.0540,tile_30.8740_29.2470,moisture_differential
30.915132,29.247598,2.632314e+00,0.0964,tile_30.8740_29.2470,moisture_differential
30.915236,29.247598,2.824670e+00,0.1433,tile_30.8740_29.2470,moisture_differential
30.915339999999997,29.247598,2.557725e+00,0.0782,tile_30.8740_29.2470,moisture_differential
30.91586,29.247598,2.260478e+00,0.0056,tile_30.8740_29.2470,moisture_differential
30.915964,29.247598,2.931925e+00,0.1694,tile_30.8740_29.2470,moisture_differential
30.916068,29.247598,3.351719e+00,0.2718,tile_30.8740_29.2470,moisture_differential
30.917627999999997,29.247598,2.623512e+00,0.0942,tile_30.8740_29.2470,moisture_differential
30.925947999999998,29.247598,2.300397e+00,0.0154,tile_30.8740_29.2470,moisture_differential
30.882164,29.247506,2.589820e+00,0.0860,tile_30.8740_29.2470,moisture_differential
30.882268,29.247506,2.262043e+00,0.0060,tile_30.8740_29.2470,moisture_differential
30.882996,29.247506,2.238713e+00,0.0003,tile_30.8740_29.2470,moisture_differential
30.884036,29.247506,2.371538e+00,0.0327,tile_30.8740_29.2470,moisture_differential
30.899635999999997,29.247506,2.441058e+00,0.0497,tile_30.8740_29.2470,moisture_differential
30.899739999999998,29.247506,2.447426e+00,0.0513,tile_30.8740_29.2470,moisture_differential
30.903588,29.247506,2.309377e+00,0.0176,tile_30.8740_29.2470,moisture_differential
30.911284,29.247506,2.253716e+00,0.0040,tile_30.8740_29.2470,moisture_differential
30.915132,29.247506,2.460186e+00,0.0544,tile_30.8740_29.2470,moisture_differential
30.915236,29.247506,2.457688e+00,0.0538,tile_30.8740_29.2470,moisture_differential
30.915339999999997,29.247506,2.628475e+00,0.0954,tile_30.8740_29.2470,moisture_differential
30.91586,29.247506,3.563840e+00,0.3236,tile_30.8740_29.2470,moisture_differential
30.915964,29.247506,4.379185e+00,0.5225,tile_30.8740_29.2470,moisture_differential
30.916068,29.247506,4.623684e+00,0.5821,tile_30.8740_29.2470,moisture_differential
30.916172,29.247506,3.983589e+00,0.4260,tile_30.8740_29.2470,moisture_differential
30.917731999999997,29.247506,2.599902e+00,0.0884,tile_30.8740_29.2470,moisture_differential
30.918667999999997,29.247506,2.294771e+00,0.0140,tile_30.8740_29.2470,moisture_differential
30.925947999999998,29.247506,2.508455e+00,0.0661,tile_30.8740_29.2470,moisture_differential
30.874883999999998,29.247414,2.331664e+00,0.0230,tile_30.8740_29.2470,moisture_differential
30.880188,29.247414,2.624874e+00,0.0945,tile_30.8740_29.2470,moisture_differential
30.880499999999998,29.247414,2.250625e+00,0.0032,tile_30.8740_29.2470,moisture_differential
30.881852,29.247414,2.700415e+00,0.1130,tile_30.8740_29.2470,moisture_differential
30.884348,29.247414,2.312864e+00,0.0184,tile_30.8740_29.2470,moisture_differential
30.885492,29.247414,2.271170e+00,0.0083,tile_30.8740_29.2470,moisture_differential
30.885596,29.247414,2.617684e+00,0.0928,tile_30.8740_29.2470,moisture_differential
30.887155999999997,29.247414,2.639238e+00,0.0980,tile_30.8740_29.2470,moisture_differential
30.893188,29.247414,2.515474e+00,0.0679,tile_30.8740_29.2470,moisture_differential
30.915443999999997,29.247414,2.434213e+00,0.0480,tile_30.8740_29.2470,moisture_differential
30.91586,29.247414,5.038183e+00,0.6833,tile_30.8740_29.2470,moisture_differential
30.915964,29.247414,5.681467e+00,0.8402,tile_30.8740_29.2470,moisture_differential
30.916068,29.247414,5.818409e+00,0.8736,tile_30.8740_29.2470,moisture_differential
30.916172,29.247414,5.498039e+00,0.7954,tile_30.8740_29.2470,moisture_differential
30.917627999999997,29.247414,2.466267e+00,0.0558,tile_30.8740_29.2470,moisture_differential
30.917731999999997,29.247414,2.411950e+00,0.0426,tile_30.8740_29.2470,moisture_differential
30.881332,29.247322,2.300469e+00,0.0154,tile_30.8740_29.2470,moisture_differential
30.881435999999997,29.247322,2.265782e+00,0.0069,tile_30.8740_29.2470,moisture_differential
30.883723999999997,29.247322,2.257855e+00,0.0050,tile_30.8740_29.2470,moisture_differential
30.883827999999998,29.247322,2.418290e+00,0.0441,tile_30.8740_29.2470,moisture_differential
30.883931999999998,29.247322,2.386221e+00,0.0363,tile_30.8740_29.2470,moisture_differential
30.885907999999997,29.247322,2.420290e+00,0.0446,tile_30.8740_29.2470,moisture_differential
30.886011999999997,29.247322,2.280510e+00,0.0105,tile_30.8740_29.2470,moisture_differential
30.887155999999997,29.247322,2.280633e+00,0.0106,tile_30.8740_29.2470,moisture_differential
30.887259999999998,29.247322,2.493656e+00,0.0625,tile_30.8740_29.2470,moisture_differential
30.887468,29.247322,2.238390e+00,0.0003,tile_30.8740_29.2470,moisture_differential
30.887676,29.247322,2.427588e+00,0.0464,tile_30.8740_29.2470,moisture_differential
30.890795999999998,29.247322,2.263665e+00,0.0064,tile_30.8740_29.2470,moisture_differential
30.913572,29.247322,2.379762e+00,0.0347,tile_30.8740_29.2470,moisture_differential
30.915443999999997,29.247322,2.469762e+00,0.0567,tile_30.8740_29.2470,moisture_differential
30.91586,29.247322,3.897841e+00,0.4051,tile_30.8740_29.2470,moisture_differential
30.915964,29.247322,6.099210e+00,0.9421,tile_30.8740_29.2470,moisture_differential
30.916068,29.247322,6.336616e+00,1.0000,tile_30.8740_29.2470,moisture_differential
30.916172,29.247322,5.897883e+00,0.8930,tile_30.8740_29.2470,moisture_differential
30.916276,29.247322,4.281485e+00,0.4987,tile_30.8740_29.2470,moisture_differential
30.917627999999997,29.247322,2.467412e+00,0.0561,tile_30.8740_29.2470,moisture_differential
30.880291999999997,29.24723,2.471198e+00,0.0570,tile_30.8740_29.2470,moisture_differential
30.880499999999998,29.24723,2.775035e+00,0.1312,tile_30.8740_29.2470,moisture_differential
30.880603999999998,29.24723,2.402383e+00,0.0403,tile_30.8740_29.2470,moisture_differential
30.881332,29.24723,2.340515e+00,0.0252,tile_30.8740_29.2470,moisture_differential
30.882476,29.24723,2.395443e+00,0.0386,tile_30.8740_29.2470,moisture_differential
30.882996,29.24723,2.477444e+00,0.0586,tile_30.8740_29.2470,moisture_differential
30.8831,29.24723,2.240411e+00,0.0007,tile_30.8740_29.2470,moisture_differential
30.883204,29.24723,2.353469e+00,0.0283,tile_30.8740_29.2470,moisture_differential
30.883723999999997,29.24723,2.256965e+00,0.0048,tile_30.8740_29.2470,moisture_differential
30.883827999999998,29.24723,2.493574e+00,0.0625,tile_30.8740_29.2470,moisture_differential
30.88414,29.24723,2.557574e+00,0.0781,tile_30.8740_29.2470,moisture_differential
30.884452,29.24723,2.298009e+00,0.0148,tile_30.8740_29.2470,moisture_differential
30.884556,29.24723,2.438398e+00,0.0490,tile_30.8740_29.2470,moisture_differential
30.885804,29.24723,2.353390e+00,0.0283,tile_30.8740_29.2470,moisture_differential
30.887572,29.24723,2.590152e+00,0.0861,tile_30.8740_29.2470,moisture_differential
30.887676,29.24723,2.945904e+00,0.1729,tile_30.8740_29.2470,moisture_differential
30.901508,29.24723,2.516661e+00,0.0681,tile_30.8740_29.2470,moisture_differential
30.904628,29.24723,2.342907e+00,0.0258,tile_30.8740_29.2470,moisture_differential
30.915236,29.24723,2.850708e+00,0.1496,tile_30.8740_29.2470,moisture_differential
30.915339999999997,29.24723,2.539045e+00,0.0736,tile_30.8740_29.2470,moisture_differential
30.915547999999998,29.24723,2.414967e+00,0.0433,tile_30.8740_29.2470,moisture_differential
30.915651999999998,29.24723,2.244947e+00,0.0019,tile_30.8740_29.2470,moisture_differential
30.91586,29.24723,4.189640e+00,0.4763,tile_30.8740_29.2470,moisture_differential
30.915964,29.24723,5.910175e+00,0.8960,tile_30.8740_29.2470,moisture_differential
30.916068,29.24723,6.059965e+00,0.9325,tile_30.8740_29.2470,moisture_differential
30.916172,29.24723,5.365195e+00,0.7630,tile_30.8740_29.2470,moisture_differential
30.916276,29.24723,3.347959e+00,0.2709,tile_30.8740_29.2470,moisture_differential
30.87634,29.247138,2.403628e+00,0.0406,tile_30.8740_29.2470,moisture_differential
30.87998,29.247138,2.259418e+00,0.0054,tile_30.8740_29.2470,moisture_differential
30.880291999999997,29.247138,2.312708e+00,0.0184,tile_30.8740_29.2470,moisture_differential
30.880395999999998,29.247138,2.262364e+00,0.0061,tile_30.8740_29.2470,moisture_differential
30.880499999999998,29.247138,2.876088e+00,0.1558,tile_30.8740_29.2470,moisture_differential
30.880603999999998,29.247138,2.373544e+00,0.0332,tile_30.8740_29.2470,moisture_differential
30.880916,29.247138,2.260201e+00,0.0056,tile_30.8740_29.2470,moisture_differential
30.88102,29.247138,2.641860e+00,0.0987,tile_30.8740_29.2470,moisture_differential
30.881124,29.247138,2.242934e+00,0.0014,tile_30.8740_29.2470,moisture_differential
30.881643999999998,29.247138,2.246454e+00,0.0022,tile_30.8740_29.2470,moisture_differential
30.881747999999998,29.247138,2.539930e+00,0.0738,tile_30.8740_29.2470,moisture_differential
30.882372,29.247138,2.254100e+00,0.0041,tile_30.8740_29.2470,moisture_differential
30.883204,29.247138,2.385018e+00,0.0360,tile_30.8740_29.2470,moisture_differential
30.883308,29.247138,2.324148e+00,0.0212,tile_30.8740_29.2470,moisture_differential
30.883827999999998,29.247138,2.325816e+00,0.0216,tile_30.8740_29.2470,moisture_differential
30.883931999999998,29.247138,2.486732e+00,0.0608,tile_30.8740_29.2470,moisture_differential
30.887572,29.247138,2.948592e+00,0.1735,tile_30.8740_29.2470,moisture_differential
30.887676,29.247138,2.628235e+00,0.0954,tile_30.8740_29.2470,moisture_differential
30.893292,29.247138,2.490850e+00,0.0618,tile_30.8740_29.2470,moisture_differential
30.893396,29.247138,2.940868e+00,0.1716,tile_30.8740_29.2470,moisture_differential
30.900571999999997,29.247138,2.251145e+00,0.0034,tile_30.8740_29.2470,moisture_differential
30.901404,29.247138,2.318483e+00,0.0198,tile_30.8740_29.2470,moisture_differential
30.903484,29.247138,2.442857e+00,0.0501,tile_30.8740_29.2470,moisture_differential
30.913363999999998,29.247138,2.320562e+00,0.0203,tile_30.8740_29.2470,moisture_differential
30.914507999999998,29.247138,2.424191e+00,0.0456,tile_30.8740_29.2470,moisture_differential
30.915236,29.247138,2.700129e+00,0.1129,tile_30.8740_29.2470,moisture_differential
30.91586,29.247138,3.217606e+00,0.2391,tile_30.8740_29.2470,moisture_differential
30.915964,29.247138,4.726541e+00,0.6072,tile_30.8740_29.2470,moisture_differential
30.916068,29.247138,5.054749e+00,0.6873,tile_30.8740_29.2470,moisture_differential
30.916172,29.247138,4.090939e+00,0.4522,tile_30.8740_29.2470,moisture_differential
30.876236,29.247046,2.323062e+00,0.0209,tile_30.8740_29.2470,moisture_differential
30.87634,29.247046,2.584101e+00,0.0846,tile_30.8740_29.2470,moisture_differential
30.876444,29.247046,2.276222e+00,0.0095,tile_30.8740_29.2470,moisture_differential
30.878211999999998,29.247046,2.361182e+00,0.0302,tile_30.8740_29.2470,moisture_differential
30.87998,29.247046,2.255839e+00,0.0045,tile_30.8740_29.2470,moisture_differential
30.880188,29.247046,2.540745e+00,0.0740,tile_30.8740_29.2470,moisture_differential
30.880395999999998,29.247046,2.454269e+00,0.0529,tile_30.8740_29.2470,moisture_differential
30.880499999999998,29.247046,2.396016e+00,0.0387,tile_30.8740_29.2470,moisture_differential
30.880916,29.247046,2.251791e+00,0.0035,tile_30.8740_29.2470,moisture_differential
30.88102,29.247046,2.721468e+00,0.1181,tile_30.8740_29.2470,moisture_differential
30.881643999999998,29.247046,2.554976e+00,0.0775,tile_30.8740_29.2470,moisture_differential
30.881747999999998,29.247046,2.944084e+00,0.1724,tile_30.8740_29.2470,moisture_differential
30.881852,29.247046,2.326302e+00,0.0217,tile_30.8740_29.2470,moisture_differential
30.881956,29.247046,2.329957e+00,0.0226,tile_30.8740_29.2470,moisture_differential
30.883931999999998,29.247046,2.324370e+00,0.0212,tile_30.8740_29.2470,moisture_differential
30.887155999999997,29.247046,2.478221e+00,0.0588,tile_30.8740_29.2470,moisture_differential
30.893292,29.247046,2.727274e+00,0.1195,tile_30.8740_29.2470,moisture_differential
30.893396,29.247046,2.488142e+00,0.0612,tile_30.8740_29.2470,moisture_differential
30.90026,29.247046,2.288459e+00,0.0125,tile_30.8740_29.2470,moisture_differential
30.901092,29.247046,2.845097e+00,0.1483,tile_30.8740_29.2470,moisture_differential
30.901196,29.247046,2.634023e+00,0.0968,tile_30.8740_29.2470,moisture_differential
30.901404,29.247046,2.464776e+00,0.0555,tile_30.8740_29.2470,moisture_differential
30.903484,29.247046,2.265736e+00,0.0069,tile_30.8740_29.2470,moisture_differential
30.914507999999998,29.247046,2.376337e+00,0.0339,tile_30.8740_29.2470,moisture_differential
30.915964,29.247046,2.652719e+00,0.1013,tile_30.8740_29.2470,moisture_differential
30.916068,29.247046,2.667872e+00,0.1050,tile_30.8740_29.2470,moisture_differential
30.916172,29.247046,2.814838e+00,0.1409,tile_30.8740_29.2470,moisture_differential
30.920644,29.247046,2.237933e+00,0.0001,tile_30.8740_29.2470,moisture_differential
30.92158,29.247046,2.573083e+00,0.0819,tile_30.8740_29.2470,moisture_differential
